nep4 2 C H 
cutoff 4
n_max 6
l_max 4
ANN 50 0
  1.7403027e+00
 -3.8894472e-01
  3.4677792e-01
  7.2098368e-01
 -9.2938763e-01
 -9.7080633e-02
 -1.0771327e-01
 -2.0013814e+00
  1.1741562e-02
  8.3412403e-01
 -1.7989395e+00
  3.2513106e-01
 -1.0032467e+00
  1.3748957e+00
  1.5326903e+00
  5.2008557e-01
 -1.5281151e-01
 -9.9636579e-01
 -3.1601122e-01
  1.5417691e-01
 -6.5004164e-01
  2.3237107e+00
  2.9789659e-01
  1.7975949e+00
  1.2148399e+00
  4.3260640e-01
 -1.6681325e-01
 -9.3768138e-01
  4.6361938e+00
 -6.1150268e-02
  5.1148932e-02
  3.4127951e+00
  2.1188951e+00
 -2.0516126e-01
 -1.4722779e+00
  3.0657299e+00
 -3.3603266e-01
  2.2308035e+00
  1.2983013e+00
 -2.6663035e-01
 -6.5379653e+00
 -1.5079483e+00
  1.4134598e+00
 -6.0487396e-01
 -1.0531650e+00
  2.3880606e+00
  1.0522449e+00
 -1.5417826e+00
 -3.5726211e+00
 -2.9540429e+00
 -1.5258086e-02
 -1.4892434e+00
  2.7046041e+00
 -2.3665071e+00
  2.3659601e+00
  1.0817937e+00
 -1.2525804e-01
  1.6151916e+00
 -2.6832914e+00
  1.5178752e+00
  2.4041638e+00
 -4.4787860e-01
 -5.2806759e-01
  2.3478849e+00
  9.0026820e-01
 -1.8908498e+00
 -6.6348720e-01
  1.2009901e+00
 -1.1459234e+00
  7.4632293e-01
  1.7971518e+00
  4.3501294e-01
 -1.4769760e-01
 -5.8910429e-01
  5.7237852e-01
 -2.2458880e-01
  1.6619805e+00
 -4.8378426e-01
  5.9541918e-02
  3.7775588e-01
 -1.5298781e-01
 -4.5794213e-01
  9.6761681e-02
 -1.7079389e-01
  6.5196830e-01
 -2.8272717e+00
  5.0853920e-01
  2.2603741e+00
  4.9711114e-01
  3.3981949e-01
 -6.4734727e-02
  5.1614213e-01
 -3.0041082e+00
  5.0857782e-01
  1.5820429e+00
  1.4305158e+00
 -1.6243685e+00
 -5.8092535e-01
  3.7023451e+00
 -6.9055295e-01
  1.0109638e+00
  8.7074161e-01
  4.3640512e-01
  1.7457856e-01
  8.5986727e-01
  1.9631956e+00
 -8.9446056e-01
 -3.6562532e-01
  9.7231513e-01
 -2.7262034e+00
 -3.0716500e+00
 -3.3343806e+00
  1.8079761e+00
 -5.2478574e-03
 -2.2614679e+00
 -2.3378878e+00
 -1.1356002e+00
 -2.6187789e-01
  2.3491347e-01
 -9.6440047e-01
 -1.0281103e+00
  5.8343089e-01
 -1.7990664e+00
 -1.4764161e+00
 -2.6668198e+00
 -2.4747698e+00
  2.7549903e+00
 -1.0378748e+00
  2.2387199e-01
 -4.9617296e-01
 -2.6417372e+00
 -4.0190983e-01
 -1.6514643e+00
 -4.2478223e+00
 -6.8028474e-01
 -5.5149186e-01
 -1.6021860e+00
 -1.1024792e+00
  6.4520246e-01
  1.4831740e+00
  5.5103119e-02
 -2.0091589e-01
 -8.0949461e-01
 -2.8259271e-01
  9.4297901e-04
  9.0923995e-01
 -5.3187257e-01
  8.6368695e-02
  2.9240757e-01
  4.0820915e-01
  4.7258529e-01
  9.3376654e-01
 -2.3908213e-01
 -8.9359432e-01
  2.5146782e+00
  6.8497473e-01
  6.1970182e-02
 -3.2603688e+00
  9.1931850e-01
 -1.3468221e-02
  1.5372862e+00
 -8.0188096e-01
  4.7938758e-01
 -4.9070060e-02
 -7.6647770e-01
  1.0614358e+00
  1.3345963e+00
 -2.8037000e-01
 -3.0045584e-01
 -5.7168543e-01
 -4.5307359e-01
 -6.0642328e-02
  8.0119711e-01
  4.9072903e-01
  2.6917782e-01
  6.0060687e-02
 -8.0151451e-01
 -2.1191137e-01
 -1.0986166e+00
 -1.9165035e-01
 -1.2523010e-03
 -1.5041418e+00
 -8.7118953e-01
 -3.0884954e-01
  1.6483775e+00
 -1.5942473e+00
  7.5490087e-02
  1.1431327e+00
  1.0313268e+00
  1.2310900e-02
  8.1431454e-01
  4.4994143e-01
 -4.7937950e-01
  6.5385002e-01
 -1.3803642e+00
  1.7163928e-01
 -1.1515180e+00
  9.0900499e-01
  3.5859716e-01
 -8.5537654e-01
 -1.6889218e+00
  3.4916472e-01
 -3.4727566e+00
  5.4761523e-01
 -9.9465436e-01
  3.1107488e+00
 -3.0552968e-02
 -2.4828428e-01
  6.0495343e-03
  2.4927723e-01
 -1.0495661e-01
  6.9979531e-01
  4.4081184e-01
  2.4767710e-01
  2.4230590e+00
 -4.0228087e-01
 -9.6436262e-01
 -1.3275713e-01
 -3.4022805e-01
 -3.1385777e+00
  2.5828326e+00
  4.1814387e-01
 -4.1662239e-02
 -1.7295021e+00
 -3.8482219e-01
 -2.8260052e-01
  1.7482483e+00
 -6.9544017e-01
  5.0330603e-01
  1.4073893e+00
  2.1173465e-01
 -2.8279027e-02
 -3.0702418e-01
 -9.1501832e-01
 -3.0621910e-01
 -1.1682646e+00
 -8.4025964e-02
 -8.1532574e-01
  5.6149170e-02
 -9.7333360e-01
  3.4723368e-01
  4.1819060e-01
  2.3464006e-01
  3.0728978e-01
  6.1408794e-01
 -5.9001595e-01
 -2.0295462e-01
  1.5274058e-01
  2.6889420e-01
  9.8602191e-02
 -2.6182395e-01
 -1.5049806e-01
  3.1330764e+00
 -1.0211053e+00
  1.0694352e+00
  7.9598832e-01
 -1.7974114e+00
 -1.5599072e+00
  3.2250181e-01
  2.3030219e+00
 -1.3583629e+00
  4.5925000e-01
  4.6859360e-01
  1.1850590e+00
 -1.2500718e+00
 -3.8221824e-01
  1.4633464e+00
 -1.3874053e+00
  8.7950301e-01
  1.1464437e+00
  4.8302622e+00
 -2.2663781e-01
 -1.2566040e+00
  3.0821807e+00
  1.0415739e+00
  3.0533245e-01
  2.0172986e-01
  8.8034296e-01
 -1.9076284e+00
 -2.5029724e+00
 -2.1857196e-01
  9.5626783e-01
 -2.3339835e-01
  1.0065158e-01
  3.8404545e-01
 -6.8662739e-01
 -1.6264473e-01
 -5.4346949e-01
  5.8617097e-01
 -3.5477203e-01
 -5.9094787e-01
  8.1310058e-01
  1.9468288e-01
  6.0291424e-02
  1.4031093e-01
 -1.1366748e+00
 -1.8382618e-01
 -1.5278743e-01
 -2.5432110e-02
 -6.2046099e-01
 -2.1340247e-02
  6.5269059e-01
 -3.4290126e-01
  1.1731809e-01
 -7.4232973e-02
  8.1192970e-01
 -1.6166607e+00
 -2.3840052e-01
  2.2478414e-01
 -7.6070166e-01
  6.4380419e-01
  8.3741069e-01
 -1.6297416e-01
 -1.1122603e+00
 -8.6368173e-01
  9.9368912e-01
 -4.6540847e-01
  2.1374850e-01
 -4.3146276e-01
  2.2675843e+00
 -2.1531348e-01
  8.1737506e-01
 -1.4476957e+00
 -1.1110662e+00
  6.4766890e-01
 -2.8628477e-01
 -1.4531198e+00
 -1.0293348e+00
 -3.2950673e-01
 -2.1502998e+00
 -1.0098661e+00
 -1.2508382e-01
 -7.4492520e-01
 -4.7587283e-02
  7.3973149e-01
 -1.8032200e+00
  6.8889153e-01
  7.3030144e-02
 -3.7091312e-01
 -9.6042097e-01
 -1.3908074e+00
  7.7175951e-01
 -8.1992656e-02
  1.0964768e-01
  1.0377795e-01
  3.3623865e-01
  6.0919382e-02
 -1.1185673e+00
 -1.3857673e-01
  5.9396809e-01
 -2.4343736e-01
 -5.5856388e-02
  9.8533291e-01
  1.1595581e+00
 -9.7197425e-01
 -2.8726509e-01
  2.6189380e+00
 -5.7546228e-01
  3.1789166e-01
 -7.7448356e-01
  7.3640239e-01
  8.7287807e-01
 -3.9871283e-02
  8.7319747e-02
 -1.1727642e-01
 -3.6748347e-01
 -1.7791145e-02
 -1.4960016e+00
 -1.2849715e-01
 -3.0394298e-01
 -1.1305773e-01
 -2.8487209e-02
  1.8835697e-01
  1.3584736e-01
 -1.9666175e+00
 -1.2322468e+00
  5.0022984e-01
  3.3862770e-01
  7.9242182e-01
  4.7470784e-01
 -8.1281358e-01
  1.1621262e+00
 -7.2656882e-01
 -1.8406045e-02
 -2.5367281e-01
  4.1376460e-02
  7.7364695e-01
 -1.6214293e-01
 -1.7747918e+00
 -3.2737100e-01
 -5.8088172e-02
  5.4045373e-01
  1.1864722e+00
 -9.9015361e-01
 -5.7795703e-01
 -1.1075175e+00
  6.1083522e-02
 -1.2237070e-01
 -2.0835843e+00
 -1.6992277e-01
 -6.2850922e-01
  1.5206591e+00
  3.3583257e-01
  1.0720769e+00
  7.4116185e-02
 -9.8520249e-01
  9.0438962e-01
  2.0515265e+00
  1.4150753e+00
 -2.3904426e-02
 -6.5645063e-01
 -1.0110618e-01
 -7.3200369e-01
  2.3668795e+00
  9.9668610e-01
 -3.2957527e-01
  2.8278264e-01
 -2.7740240e-01
  6.0900617e-02
 -3.4376052e-01
  2.1477163e-01
  1.6524953e+00
 -6.1062656e-02
 -3.2062978e-01
 -4.4417101e-01
 -6.3617396e-01
 -1.1807896e-01
  1.1285035e-01
 -3.5972756e-01
  5.3688526e-01
 -1.9148102e-02
 -4.0082213e-01
  1.9618395e-01
  1.4669092e-01
 -4.1338062e-01
  3.8723487e-01
 -1.1717962e+00
  3.8934565e-01
  3.7986457e-01
  3.8687259e-02
 -6.8197858e-01
 -8.1817366e-02
  5.5366206e-01
 -2.3926571e-01
  6.4809346e-01
  5.7054508e-01
 -2.7270980e+00
 -1.2386917e+00
 -8.2651800e-01
  3.0082116e+00
 -8.2070035e-01
 -9.1564661e-01
  3.7014270e-01
  8.1389880e-01
  1.0404026e-01
 -8.2997000e-01
 -3.3487061e-01
 -7.9460877e-01
 -3.3951721e-01
 -6.1365736e-01
  3.4845090e-01
 -3.7906620e-01
 -4.0112081e-01
  1.5163354e+00
 -3.2008752e-01
 -6.8804306e-01
  4.7349229e-02
 -1.6138167e+00
  9.7527817e-02
  2.4770182e-01
  5.4612386e-01
  4.5984992e-01
 -1.3858996e-01
  2.0425105e-01
 -3.4188569e-01
  2.2776203e+00
 -2.0533593e+00
  1.2417727e+00
 -1.4884442e+00
 -1.4983124e-01
  7.9109991e-01
  5.0757116e-01
 -1.2185005e-01
  2.1832201e+00
  5.2611214e-01
 -2.0964013e-01
 -1.4252224e+00
  1.0266815e+00
 -6.4606559e-01
  1.2069015e-01
  8.5568416e-01
 -3.8119215e-01
 -1.6705859e+00
  1.9160049e+00
  3.1394360e+00
 -8.3015263e-01
 -8.2491219e-01
  1.5021179e+00
  1.8570668e-01
 -2.2472171e-01
 -1.4522040e+00
  1.0779830e+00
  1.5394202e+00
  1.9388603e+00
  4.5340490e-01
  6.8355644e-01
  1.5935877e-01
 -3.6992046e-01
 -4.3337119e-01
  9.1516405e-02
 -7.3052436e-01
 -1.5078138e-01
 -7.3282999e-01
 -4.3382347e-03
  4.6782556e-01
  5.4010067e-02
  9.5195210e-01
 -1.4619974e+00
 -7.4732041e-01
  7.4860319e-02
 -2.1509671e-01
  6.7961901e-02
  4.8476225e-01
 -3.2823777e-01
 -3.7460670e-02
  4.9842021e-01
 -9.3109763e-01
 -6.3220114e-02
  1.4062527e-01
 -7.1411264e-01
  1.1479337e+00
 -5.1194054e-01
  1.0296681e+00
  4.4149303e+00
  1.4514364e-01
  6.7021585e-01
 -2.4529506e-01
  4.9927853e-02
  1.9234298e-02
 -1.0219315e-01
  5.0662607e-01
 -1.2618760e+00
  5.3545304e-02
 -1.4297536e-01
 -5.9119269e-02
  3.9229324e-01
 -9.5709676e-01
 -1.4100444e-01
 -1.0293447e+00
  3.2683244e+00
 -3.2003158e-01
  5.1215249e-01
 -6.2240571e-01
 -1.0934560e+00
 -1.2059733e+00
 -5.8324122e-01
 -7.7169545e-02
 -3.2599449e+00
 -5.9710181e-01
  1.2174653e+00
 -3.7553036e+00
 -5.4985082e-01
 -6.9557548e-02
 -3.1036144e-01
  4.5807511e-01
  2.4677367e+00
 -2.2371669e+00
 -1.4603667e+00
  5.9060678e-02
 -1.0735589e+00
  1.8869729e+00
  8.9503425e-01
  4.9676216e-01
 -3.2892001e+00
  1.2461692e+00
 -1.0013098e-01
 -1.9242581e+00
 -4.0851307e-01
 -1.4811244e+00
 -1.7426237e+00
  3.6570054e-01
  1.0888116e+00
 -1.0379253e-01
 -4.1460523e-01
 -1.6123273e+00
 -2.2207561e+00
  1.7901430e+00
  1.4963844e+00
  5.5536699e-01
 -3.2651491e-02
 -3.0762923e-01
 -4.6151063e-01
 -8.9892678e-02
  4.4499183e-01
 -1.4806498e+00
 -8.0457258e-01
 -2.3120064e-01
 -1.3674587e-01
  2.7508244e-01
 -1.0080394e+00
 -1.7708498e-01
  3.3000737e-01
  3.1449652e-01
  3.6018866e-01
  1.2701446e-01
  5.2754050e-01
 -4.2775768e-01
 -5.8525431e-01
  2.4233431e-01
 -2.1174315e-01
 -1.3761591e+00
 -1.6725552e-01
 -1.8686040e-01
 -1.2137351e+00
  3.3428448e-01
 -3.1294003e-01
 -1.5592046e+00
 -3.6694771e-01
  2.0670766e-01
  2.6653099e-01
 -1.3622461e-01
 -6.7993648e-02
 -2.1103157e-01
  3.7725183e-01
 -4.0458672e-02
 -4.6248835e-01
  1.4706670e-01
 -5.5434108e-01
 -2.4667649e-01
 -8.5321599e-01
  2.1223649e-02
  1.7802432e-01
 -3.2476325e-02
 -1.7989859e-01
 -6.8365371e-01
 -4.5803428e-01
 -6.4772063e-01
  3.2806480e+00
 -3.1187129e-01
 -1.2482741e-01
  1.7529747e-02
  1.0627738e+00
  2.6030540e-01
  3.3276117e-01
 -9.0946400e-01
  3.0411792e+00
  6.0920531e-01
 -6.5652108e-01
  1.0304137e+00
 -5.1750618e-01
  5.5452585e-01
  4.7837280e-02
  9.4046700e-01
  3.6605212e-01
  4.0028086e+00
 -1.1568316e+00
  9.3864012e-01
  1.3846695e-01
 -4.3241212e-01
  1.1769460e+00
  2.1048810e-01
 -1.7380035e+00
  1.0611244e+00
 -1.6069491e+00
 -8.0062097e-01
  1.2601145e-01
  2.1471033e+00
 -5.4918468e-01
 -1.7811344e+00
  1.0213273e+00
  7.2922462e-01
 -1.0191329e+00
  7.9292798e-01
  1.4676943e+00
  8.2234776e-01
  4.6204135e-01
  1.6400200e+00
 -6.7142195e-01
 -3.8346896e-01
  4.7643313e-01
  1.0330625e+00
 -6.0387230e-01
  5.3347886e-01
 -1.5361142e+00
  2.8157420e-02
  1.0582229e+00
  1.1716131e+00
  2.6085895e-01
  2.9476970e-02
  4.8736313e-01
 -7.0322317e-01
  3.5390165e-01
  3.1200063e+00
 -2.4738857e-01
 -1.0178155e-01
  4.7213790e-01
 -1.7338928e+00
  2.5103614e-02
  2.4247456e-01
 -2.6778493e+00
 -6.6299367e-01
  1.7945107e+00
 -1.9367851e+00
 -2.3053010e+00
 -2.0145168e+00
 -3.0080602e-01
  5.5801716e+00
  1.0614421e+00
 -1.0005493e-01
 -3.0334598e-01
  4.0550670e-01
  1.7278018e+00
 -2.4895749e+00
  7.4091561e-02
  3.2594439e-01
 -2.5170225e-01
 -1.8383299e+00
 -8.9496303e-01
  6.1269981e-01
  2.5320137e+00
  1.2069310e+00
 -2.7918849e-02
 -9.1116548e-01
 -1.2339643e+00
 -1.4666030e+00
 -2.2132464e-01
  1.3969864e+00
 -4.8419917e-01
  1.9395982e+00
  5.8332890e-01
 -4.7758424e-01
  5.7894200e-02
  6.1967713e-01
 -1.1465225e-01
  4.3734488e-01
 -8.2644641e-02
 -2.5108862e-01
 -8.1094563e-02
 -2.3093241e-01
  6.3541150e-01
 -5.6375909e-01
  2.9465742e-02
 -2.5927782e-01
 -9.0536720e-01
 -3.7839484e-01
  2.9520418e-02
 -6.4175934e-01
  7.7528149e-01
  6.0476530e-01
  5.5112612e-01
 -9.0628624e-01
  9.2906052e-01
 -2.6588854e-01
  3.6691430e-01
  2.6257077e-01
  2.6879749e-01
  1.1250259e+00
 -6.5742612e-02
  5.4949892e-01
 -4.3885347e-01
  7.7540302e-01
  2.6980457e+00
  1.7177142e+00
  2.2564197e+00
 -6.3427195e-02
 -5.9421754e-01
  4.9297777e-01
 -2.0828152e+00
  2.0160075e-01
  3.5463902e-01
 -2.4174364e+00
  3.5772845e-02
 -2.5341398e-01
  1.7123121e+00
  8.1809771e-01
  1.3558112e+00
 -1.7076968e+00
 -8.4659672e-01
 -9.9956983e-01
 -2.6781297e+00
 -3.2738688e+00
  1.5273768e-01
 -2.3463230e-01
 -1.5899132e+00
 -1.3452206e+00
  2.7639464e-02
 -3.9713383e-01
 -3.7150106e-01
  7.9824346e-01
  2.8538504e-01
 -6.7290559e-02
 -2.8605634e-01
  4.7331262e-01
 -9.2147517e-01
  7.4746180e-01
 -5.4861164e-01
 -1.9801444e+00
 -1.1163648e+00
 -1.1203645e+00
 -4.8155394e-01
  2.9575566e-02
 -5.3656828e-02
 -7.5049186e-01
  5.0671601e-01
  5.9368759e-03
  1.7067242e-01
 -2.4284539e-01
  3.2008290e-01
  1.4343057e+00
  1.2948005e-01
 -3.5568932e-01
 -1.0842949e-01
  3.4249070e-01
 -6.8441451e-02
  2.3062019e-01
  2.5084596e+00
 -1.5801671e-01
  4.6335282e+00
 -1.0524757e+00
  9.4776690e-01
 -2.4880934e+00
  7.2741413e-01
  4.3423074e-01
 -5.3902429e-01
  8.5902023e-01
 -1.6848998e+00
 -2.3809929e-01
 -4.8535568e-01
  2.8605101e-01
  1.1693730e+00
 -1.0882521e+00
  3.5223013e-01
  1.9329916e+00
 -4.4875747e-01
  1.7729485e+00
  1.5824244e+00
  4.6972308e-01
  8.8393368e-02
 -4.6677864e-01
 -2.6839128e+00
 -8.8170201e-01
 -5.6731600e-01
 -4.5301538e-02
 -3.9769489e-01
  3.4900600e-01
  7.6357231e-02
 -5.4220504e-01
 -9.6828181e-01
 -3.5985154e-01
  1.7057073e-01
  5.2185094e-01
 -1.0673335e+00
 -2.9572267e-02
 -9.5511031e-01
  1.4268011e-01
 -3.9177626e-01
  1.8511526e-01
  1.6493118e-01
 -2.7935451e-01
  6.1459064e-01
  5.1306754e-01
  6.0927796e-01
  1.4834963e-01
  9.8368511e-02
  8.2151550e-01
 -3.3212088e-02
 -5.4640669e-01
 -9.6729589e-01
  6.0263264e-01
  1.1826376e-01
  1.7894909e+00
 -5.8249301e-01
 -6.2186849e-01
 -2.6451975e-02
 -1.2029132e+00
  1.5689257e-01
 -7.1224320e-01
  5.3030437e-01
  1.1364165e-01
  1.0089585e-01
 -1.9627038e+00
  9.2725968e-01
  3.1308630e-01
  1.8660234e-01
 -7.0137024e-02
 -3.5153973e-01
 -7.5381500e-01
  2.7511030e-01
  8.0846047e-01
 -6.2407631e-01
  2.9920675e-03
  3.7588871e-01
 -2.9716814e+00
  1.4701399e-01
  1.5159681e-01
 -2.6687178e-01
 -2.2277577e+00
 -1.6955427e+00
  8.2388884e-01
 -2.2265854e+00
 -5.9248203e-01
  3.3866453e-01
 -2.6622167e+00
 -7.6033497e-01
 -2.3754325e+00
  1.0019262e+00
  1.1999898e-01
  4.0846217e-01
 -2.8524812e-02
  7.6856714e-01
  3.7849540e-01
 -3.9887428e-01
  1.1199156e-01
 -1.6358116e+00
 -1.4555418e+00
  4.0302113e-01
 -3.9412224e-01
  1.8061988e-02
 -1.2802652e+00
 -1.6032048e+00
 -7.4207491e-01
  3.0299051e+00
 -1.2285621e+00
 -9.7053117e-01
 -5.8594173e-01
  5.1114583e-01
 -5.9815729e-01
  1.4952208e-01
 -3.2034636e-01
  1.6415097e-02
 -2.3960462e-01
 -4.7776207e-01
  2.8845671e-01
  5.7159521e-02
  6.5651491e-02
  9.5789939e-02
 -3.6102557e-01
  7.6898418e-02
  1.8780103e-01
 -6.1406487e-01
 -4.4572857e-01
 -4.7338009e-02
  1.3905056e+00
 -1.2715002e+00
  1.2788390e+00
  3.8724226e-01
 -2.7301160e-01
 -2.1971291e-01
 -6.8069506e-01
  9.9119172e-02
 -7.9223680e-01
  5.0539500e-01
 -1.7587030e+00
  2.4212282e-02
  2.0423825e+00
 -8.9290577e-01
  7.8336023e-02
  1.6179122e+00
 -2.7903143e-01
  2.2682433e+00
 -7.4352330e-01
  7.9934841e-01
 -5.0652236e-01
 -2.5099218e-01
  2.2446530e-01
  5.2553162e-02
 -5.3694749e-01
 -1.9953172e-01
  7.6514530e-01
 -2.7723572e+00
 -2.9548162e-01
  1.8844039e+00
 -3.5482207e-01
 -6.0184050e-01
 -4.9599862e-01
  6.1534917e-01
 -6.9195807e-01
  2.7412639e+00
 -2.6053231e+00
 -1.0859729e-01
 -8.9844942e-02
  2.1043101e-01
  1.0631053e-01
 -4.0039131e-01
  7.8009963e-01
  9.2657119e-02
 -9.9723035e-01
  9.4101232e-01
  9.3727529e-02
  2.3178388e-01
 -7.3675597e-01
  3.9801113e-02
  1.0569017e+00
 -5.9267782e-02
  1.3345484e-01
 -3.5051656e-01
  1.1528372e+00
  5.8568490e-01
  2.0599847e+00
  1.8138623e-01
 -1.8807487e+00
 -5.2047509e-01
  1.2646858e+00
  1.2980188e+00
 -3.4495197e-02
 -8.1618065e-01
 -1.1990313e-01
  4.5564222e-01
 -1.5158440e+00
 -6.1629224e-01
 -1.1153929e+00
  1.1142317e+00
 -2.6744447e+00
 -6.2195450e-01
  9.0933681e-01
 -2.6309664e+00
  1.5088096e-02
  1.3737878e-01
  4.4192356e-01
  6.7019892e-01
  4.1720885e-01
 -3.7905377e-01
 -5.2100170e-01
  1.4286970e+00
 -1.7029905e+00
 -1.1518996e-02
 -7.7043104e-01
 -1.5040022e+00
  2.5717590e+00
 -5.4754454e-01
 -1.2813332e+00
 -2.0951331e-01
  1.0136296e-01
 -2.0339236e+00
  1.8559067e-01
  1.0532035e+00
  4.4613099e-01
  1.8688092e-01
 -1.2457210e+00
  1.6417209e+00
 -2.5496657e+00
  1.7641175e-01
  6.3464659e-01
 -2.9179077e+00
  1.9901767e+00
 -3.2858208e-02
  4.1019663e-01
 -9.1547094e-02
 -2.7333825e+00
 -9.9085353e-02
 -9.6509272e-01
  8.4609342e-01
  1.2595229e+00
  5.4303885e-01
  1.5455892e+00
 -4.8957315e-01
  1.5377971e+00
 -1.1106442e+00
  3.6586359e-01
 -1.5364060e-01
 -7.6605660e-01
 -8.9506932e-02
 -4.6916816e-02
  1.1535408e+00
  4.8785356e-01
  2.1504593e+00
 -2.7064452e-01
 -2.2764208e+00
  3.8519774e-02
  1.3475800e+00
  3.5466021e-01
  4.8501286e-01
 -5.0525218e-02
 -1.5994179e-01
 -2.1101363e-01
  3.0914131e-01
  1.0776062e-02
  1.2650279e+00
 -7.1019685e-01
 -1.4680995e-01
 -1.2488505e+00
 -3.8402051e-01
  5.2583951e-01
  1.5079128e+00
  4.2042032e-02
  1.9483771e+00
 -4.6560949e-01
 -6.6283488e-01
 -1.8528008e+00
  2.1686761e+00
 -1.5112749e+00
  1.4484093e+00
 -8.5751069e-01
  6.1955798e-01
 -4.7254452e-01
  1.0391982e+00
 -1.2169583e+00
 -3.7495013e-02
 -5.0709182e-01
  1.1427360e+00
  5.2234584e-01
 -3.2643724e-02
  2.7205512e-01
  7.7269888e-01
  2.8787836e-01
  1.5849045e-01
 -5.8523316e-02
  2.6748226e+00
  1.3614839e-01
 -5.3601575e-01
  7.5066423e-01
  3.5505882e-01
 -2.3775882e-01
 -6.0039473e-01
 -2.4347031e-02
  5.5038363e-02
 -5.4182518e-01
  4.7056991e-01
 -3.2249770e-01
  4.1197547e-01
  2.2272639e-01
 -5.1415211e-01
 -7.5440601e-02
 -5.4754364e-01
 -7.8329861e-02
 -5.3313822e-01
  1.6492066e-01
  5.3159076e-01
  1.2752854e+00
  7.6984055e-02
 -7.7861268e-03
  4.2923026e-02
 -1.2187619e+00
 -1.9583299e+00
  1.3538180e-01
 -2.3788099e-01
  1.3096768e-01
  5.0606591e-01
 -2.3290112e+00
  5.8009201e-01
 -2.4686985e-01
 -5.3687043e-02
  1.4035907e-01
  1.4358850e-01
  8.5677212e-01
  4.1570678e-02
 -7.6110077e-01
  3.4727478e-01
  2.4396353e+00
  2.4582450e+00
 -2.7596021e-01
  5.3958392e-01
 -2.1089895e+00
 -2.3150458e+00
  1.2745484e+00
  3.1133851e-01
  1.8181006e+00
 -2.5832441e-02
 -1.3740839e-01
  2.3503919e+00
 -5.9594226e-01
  7.9037786e-01
 -9.4497025e-01
  5.5655879e-01
 -4.3193746e-01
  8.8011146e-02
  2.1482210e+00
  1.3013207e+00
 -7.6627839e-01
 -2.0634925e+00
  7.2708058e-01
  8.8941950e-01
 -1.9572170e+00
  1.9643927e+00
 -3.9611298e-01
  1.8849761e+00
  1.7346982e+00
 -1.9037063e+00
  6.6214854e-01
  4.2736602e-01
  1.2881887e-01
  1.3523542e+00
 -8.3401984e-01
  1.3637989e+00
  2.6013198e-01
 -1.8487522e-01
  1.2931944e-01
  9.6615098e-02
  2.6514167e-01
  7.8997493e-02
  7.0345289e-01
 -3.4760335e-01
  1.6379726e-01
 -1.9136217e+00
  7.8024602e-01
  6.8717349e-01
  1.7319951e-02
  6.5504052e-02
  6.2294757e-01
 -1.0602403e-01
 -4.6133351e-01
 -4.0862975e-01
  3.3277225e+00
  2.4467349e-01
  1.4569645e+00
 -1.4209605e+00
  1.0724251e+00
 -5.0901711e-01
 -2.3012672e-01
 -6.2576348e-01
  3.0558505e+00
 -3.2451566e-02
  7.0429486e-01
  2.5565514e-01
 -1.9534941e+00
  1.8624980e+00
  4.6511295e-01
  1.8116840e+00
  7.7859320e-02
 -1.0086766e+00
  3.2833472e-01
 -1.3732892e+00
  2.0142293e+00
 -4.4834760e-01
  2.2393353e+00
  1.3635269e-01
 -2.6567942e-01
 -1.0918989e+00
  2.4211917e+00
 -2.9063782e-01
 -9.6184796e-01
  1.4459740e+00
 -2.0354506e-01
  3.0398282e-01
  2.5071356e+00
  1.8380897e-01
  3.9609009e-01
 -1.5054024e+00
 -2.5063333e-01
 -2.2269113e-02
 -3.4486628e-01
  3.9848000e-01
 -1.7885138e+00
  1.6627674e+00
 -1.6703589e-01
  4.1125429e-01
  1.6628553e-01
  1.4694054e-01
  5.0101185e-01
 -1.4416590e-01
 -3.3576119e-01
 -7.1241742e-01
  1.0983579e-01
  4.1409191e-01
  5.6984758e-01
 -2.8842384e-01
  1.1113591e+00
 -7.4473405e-01
  2.6592723e-01
  8.8374209e-01
 -1.0743002e+00
  1.4332904e+00
 -1.4147767e-01
 -1.5612644e+00
 -2.1579785e+00
  8.9003521e-01
 -1.0016108e+00
  3.0095224e+00
 -4.9025336e-01
  9.1215533e-01
 -2.9605529e+00
  2.7369809e-01
 -5.6459028e-01
  7.7998286e-01
  5.0872006e+00
  4.1454804e-01
  1.0477141e+00
 -2.5977383e+00
  1.3239578e+00
 -1.2354679e+00
  8.9666808e-01
  4.0265136e+00
 -2.1861352e-02
 -3.2184904e+00
  2.9175949e-01
  1.3361481e+00
 -1.0382826e+00
 -2.8122857e-01
  6.5530062e-02
  5.5920506e-01
 -1.7235619e-01
 -2.4042406e+00
  2.6987392e-01
  3.9645132e-01
 -2.5060728e-02
 -3.1323665e-01
 -4.4751480e-01
 -4.2695247e-02
  8.9614075e-01
  1.0483015e-01
  5.3060251e-01
  2.9800674e-01
  2.6919980e+00
 -3.4921786e-01
 -9.3159741e-01
 -1.0757251e+00
  1.0754374e-01
 -1.2354405e+00
 -1.4417582e+00
 -5.1177423e-03
 -6.7850041e-01
 -1.1071627e-01
 -7.7140963e-01
  3.7165195e-01
 -4.5055336e-01
  1.5238871e-01
 -1.5250723e+00
 -3.8697317e+00
 -3.0535585e-01
 -4.1015635e+00
  2.1758585e+00
  1.2745554e+00
 -1.3882321e-01
  3.5393212e+00
 -1.7942481e+00
 -2.0094485e+00
 -5.9366732e+00
  3.7290626e+00
 -5.9520179e-01
 -5.4883516e-01
  2.3361373e+00
  1.2798485e+00
 -5.6100935e-01
 -3.6667967e-01
 -9.0999156e-01
  4.9559808e-01
  2.5197239e+00
 -2.4027303e-02
  4.1285138e+00
  9.8144776e-01
 -2.4344127e+00
 -5.5307996e-01
 -4.5545530e+00
 -4.5914674e+00
 -2.4843693e-02
  1.5379418e+00
 -2.8316692e-01
  1.6792491e-01
 -1.1831350e-01
 -3.1424913e+00
  6.0126150e-01
  3.7626091e-01
  9.4549924e-01
  2.9062372e-01
  2.1727657e-01
  3.7072319e-01
  2.3079252e-01
 -5.8134347e-02
  3.5379511e-01
  3.0566001e-01
 -5.3196782e-01
  1.5189223e+00
  6.3488811e-01
 -1.2979653e+00
  5.8880317e-01
 -5.6122327e-01
 -2.4728398e-01
 -5.5270684e-01
 -1.5314709e+00
  1.5014273e-01
  1.8308071e+00
 -2.8891858e-01
  3.5177141e-01
 -1.2833969e-01
  2.5223655e-01
  8.8425672e-01
  6.5208548e-01
 -2.4417461e-01
 -9.6166484e-02
 -5.7301551e-01
  2.7377036e-01
  1.3912179e-01
 -5.0630525e-02
 -7.7167517e-01
  1.6534396e-01
  2.3857521e-01
  5.4946985e-02
 -4.4185871e-01
  1.4617399e+00
 -1.5678579e-01
 -2.5430804e-01
  1.2826365e-01
  2.7015340e-02
 -3.7835258e-01
 -2.4456114e-02
  1.8204924e-02
 -6.4048335e-02
  2.0007281e+00
  1.8717101e-02
 -6.4198405e-02
  1.1926026e+00
 -7.3611391e-01
  2.1085718e+00
  5.1018137e-01
 -1.2921731e+00
  2.8423247e+00
  5.6070673e-01
  6.3286263e-01
  2.8670514e+00
  2.0365994e+00
 -1.0958194e+00
  9.3150461e-01
 -1.2345715e+00
 -1.3965958e+00
  6.1729705e-01
 -2.1048331e+00
  1.4409592e+00
 -7.0988220e-01
  1.6790802e+00
 -1.0015323e+00
  7.1639621e-01
  1.5614631e+00
 -2.4452121e+00
  4.7758076e-01
 -1.5446286e+00
 -7.4025893e-01
  2.0009212e+00
  5.3455943e-01
  1.4751136e+00
 -4.5465395e-01
  9.3582529e-01
 -8.0726987e-01
  2.2112109e-01
 -3.1751287e+00
  5.1414698e-01
  1.1411445e+00
 -1.5516891e+00
 -5.5581373e-01
  1.5510237e+00
 -2.6505816e+00
  4.6308419e-01
  4.2420021e-01
  1.3350456e+00
  1.6124780e+00
 -8.1744993e-01
  3.6032978e-02
  6.6532326e-01
 -1.7869030e+00
 -3.0012280e-01
 -1.8439245e+00
 -5.4730421e-01
 -1.7057989e+00
 -6.8996412e-01
 -4.7271195e-01
 -6.3160783e-01
 -9.7370565e-01
 -1.6143717e-01
 -3.8404074e-01
 -2.9080454e-01
 -1.0227940e+00
 -1.3052718e-01
  7.3994434e-01
 -1.3234702e+00
 -6.0972953e-01
 -4.5053330e-01
  2.0452984e-01
 -2.0823909e-02
 -5.9779102e-01
  1.1223888e-01
  5.4408640e-01
 -9.0839309e-01
  6.3540030e-01
  3.2262664e-02
  1.6411452e+00
  1.1366255e-01
 -1.6397324e+00
 -1.4150918e-01
 -6.6330379e-01
  7.4542338e-01
 -1.0873743e+00
 -5.5743057e-01
 -4.0656683e-01
 -2.1546814e+00
 -7.7063298e-01
 -1.0924968e+00
 -2.8274801e-01
  7.5469697e-01
  4.7347906e-01
  8.9640683e-01
  1.1520641e-01
  2.6386390e-02
  6.4838791e-01
 -2.7115881e-01
  1.5413575e+00
 -6.3174501e-02
 -7.8530675e-01
  1.4170361e-01
  1.0385836e+00
 -3.6187045e-02
 -1.1687068e+00
  3.1166224e+00
 -1.8513495e-01
 -6.2360710e-01
  2.2135341e+00
  8.3811969e-01
 -3.2543063e-01
  1.3660897e-01
 -1.4351636e+00
 -1.5191431e+00
  8.9674139e-01
  1.0837603e+00
 -2.9978952e+00
 -2.0739181e+00
 -5.1431876e-01
  1.4063275e-01
  3.0729741e-01
  2.9020518e-01
 -7.5574690e-01
 -2.4105718e+00
  2.4096394e+00
 -2.1353388e-01
  1.5275564e+00
 -3.3546573e-01
  1.1873718e-01
 -1.8775728e-01
  6.7399466e-01
  1.2180365e+00
  1.5158391e+00
  7.4687135e-01
 -1.7294676e+00
  1.1076218e+00
 -3.7431231e-01
  6.2752521e-01
 -4.2248288e-01
 -4.8768154e-01
  2.2522861e-01
  3.4471437e-01
  6.0550827e-01
  6.8170744e-01
  1.9773169e+00
 -1.5295010e+00
 -4.3240193e-01
  6.3978881e-01
 -1.2372777e+00
 -2.9686305e-01
  1.6485319e+00
  3.3890247e-01
 -4.1674919e+00
 -1.3789308e+00
  1.9818974e-01
  1.0449289e-01
  2.0108519e+00
  5.5918676e-01
  2.8462744e-01
  1.2998013e-01
 -1.5355747e+00
  4.0214875e-01
  4.7208101e-01
  2.0737350e-01
 -1.4522215e+00
 -1.4976902e+00
  1.2408422e+00
  7.9054302e-01
 -2.1841919e+00
  1.3264469e+00
 -2.0858450e+00
 -5.3600228e-01
 -1.0796691e-01
  1.2307588e+00
  1.7512885e-01
 -7.1900010e-01
  8.1308335e-01
  1.8158246e+00
 -1.0006710e+00
  8.4292108e-01
  1.0460615e-01
  5.5970305e-01
 -7.6102746e-01
 -8.6393905e-01
 -1.6887904e+00
 -1.2475977e+00
  8.6710066e-01
 -6.3300931e-01
  1.6699665e+00
  2.6306691e+00
 -6.8686575e-01
  1.9759448e-01
 -1.0186442e+00
  2.1933368e-01
  8.1076950e-01
  1.2101030e+00
 -2.8920541e+00
 -7.3280162e-01
  9.4565600e-01
  1.0771246e-01
  3.6114984e+00
  5.3459322e-01
 -3.0213878e+00
  3.6163205e-01
 -1.6514782e+00
  7.5707823e-01
  1.7182302e+00
 -1.4386445e+00
 -1.9229540e+00
 -2.0723941e+00
  1.2106311e+00
 -4.1478428e-01
 -4.6507674e-01
 -1.6049981e+00
  3.9724886e-01
 -6.0946029e-01
  5.1699883e-01
  1.1444784e+00
 -7.2841895e-01
  9.7369462e-01
  2.6002381e+00
  2.6751726e+00
  4.3658719e+00
 -3.2533200e+00
 -5.0694549e-01
 -2.4707723e-01
  1.0756532e+00
  7.9489303e-01
  1.9506510e+00
 -1.0792401e-01
 -1.8295773e+00
  1.8225360e-01
  1.0597301e+00
  6.7854714e-01
 -6.9344801e-01
 -7.7455395e-01
 -1.0293697e+00
  1.2021462e+00
 -7.3609895e-01
  1.4103150e-01
 -1.5790540e+00
  2.6043754e+00
  9.2931604e-01
 -6.2570167e-01
  1.9108369e+00
  2.4826226e+00
 -1.0910193e+00
 -1.4881212e-01
 -1.0588339e-01
 -5.7961315e-01
 -2.0466338e-01
  8.0267340e-01
  2.1640900e-01
  3.0476379e+00
 -1.0120841e-01
  2.2034924e+00
  3.0034825e-01
  5.6645447e-01
  1.0114095e+00
 -7.1370953e-01
  1.5101001e+00
 -1.7667681e+00
  1.2942458e+00
  2.3613116e-01
 -1.7701477e+00
 -2.6553392e-01
 -3.9498127e-01
  7.8924114e-01
 -2.1806624e+00
  1.0175105e+00
  5.9524536e-01
 -4.3830577e-01
  3.6154563e+00
 -3.4152159e-01
  9.1990250e-01
  3.7908572e-01
  1.2386242e+00
 -9.7871226e-01
  2.5347793e-01
 -9.5882612e-01
 -1.9853059e+00
 -1.8816240e+00
 -7.8661138e-01
  1.4739288e-01
  8.8843364e-01
 -4.7399896e-01
 -2.0166093e-01
 -1.0411416e+00
 -9.7656184e-01
  4.4443160e-01
  1.0628824e+00
  1.6261429e-01
  6.3457114e-01
  8.9748329e-01
  1.0449032e+00
 -1.4346157e+00
 -3.0585034e+00
 -1.7478599e-01
 -9.4520378e-01
  2.1978155e-01
 -1.4722015e+00
 -3.2865313e-01
  1.0283542e+00
 -1.2045318e-01
  6.5661687e-01
  9.3203688e-01
  1.8127275e+00
  1.1887690e+00
  7.0222420e-01
  6.2029970e-01
 -1.9267262e+00
  6.1605108e-01
  1.2687144e+00
  1.8598584e+00
 -5.8087391e-01
 -3.1176984e-01
  1.8988197e+00
 -6.0477060e-01
  4.6268252e-01
 -4.2392725e-01
 -1.6642338e-01
 -1.3341331e+00
  1.9075429e-01
 -4.1513896e-01
  1.6401390e+00
 -6.8327081e-01
  1.1345230e+00
  5.8714831e-01
 -1.0473907e+00
  4.4059286e-01
 -9.9138343e-01
  3.1177890e+00
 -1.1286304e+00
 -1.7492220e-01
  1.0504693e+00
  6.7426676e-01
 -1.0381658e+00
  2.2739607e-01
  1.1011782e+00
  9.1123098e-01
 -4.2717189e-01
 -1.4756437e-01
 -2.2930646e+00
 -1.4731767e+00
 -2.2751553e+00
  1.8924199e+00
  5.9945607e-01
 -1.0517458e+00
 -5.8919168e-01
 -4.3137097e-01
  1.1142064e+00
 -3.6409250e-01
 -7.7454114e-01
 -6.0004884e-01
 -3.6242703e-01
  6.1787230e-01
 -4.0757129e-01
 -1.4201844e+00
  5.9161937e-01
  5.6857795e-01
 -4.6745351e-01
  1.0840669e-01
  6.8866690e-03
  6.8866690e-03
  6.8866690e-03
  6.8866690e-03
  6.8866690e-03
  6.8866690e-03
  6.8866690e-03
  3.4147697e-03
  3.4147697e-03
  3.4147697e-03
  3.4147697e-03
  3.4147697e-03
  3.4147697e-03
  3.4147697e-03
  4.7401758e-03
  4.7401758e-03
  4.7401758e-03
  4.7401758e-03
  4.7401758e-03
  4.7401758e-03
  4.7401758e-03
  2.4502554e-03
  2.4502554e-03
  2.4502554e-03
  2.4502554e-03
  2.4502554e-03
  2.4502554e-03
  2.4502554e-03
