1.20704 0.118576 0.556793 1.24601 0.073477 0.515302
-1.29196 1.17318 -0.324024 -1.30233 1.19699 -0.327264
0.0479017 0.0547914 0.240383 0.129496 0.0623145 0.241244
-0.681088 1.12501 -0.0534429 -0.686423 1.18416 0.0135559
-1.24615 -0.809874 -0.473417 -1.25219 -0.833785 -0.554003
1.37847 0.529061 -0.240349 1.391 0.487696 -0.177845
-1.68597 -0.580638 0.625894 -1.66545 -0.527091 0.573426
1.47232 0.502589 -0.725598 1.58519 0.539635 -0.779505
-0.674478 0.198101 0.00724325 -0.625203 0.149429 -0.0360186
0.839618 -0.299204 -0.516485 0.845513 -0.207459 -0.456095
-0.156173 -0.881794 0.259919 -0.082718 -0.86998 0.298937
1.52931 -0.803717 -0.599068 1.47696 -0.925833 -0.561185
1.58104 2.23896 -0.0179423 1.65052 2.22065 -0.0182769
-0.830032 0.67776 0.517329 -0.753716 0.731868 0.526881
0.402702 0.126484 -0.240803 0.384049 0.0637359 -0.333782
-0.460287 0.11875 -0.452224 -0.428153 0.0818742 -0.44239
1.79102 -0.814796 0.043186 1.7791 -0.816854 0.0555042
-0.759856 0.257416 -0.311558 -0.694274 0.257194 -0.260296
-1.96943 -1.31167 -0.206816 -2.02544 -1.29893 -0.0985995
3.19464 0.569503 0.128787 3.33907 0.605653 0.0184294
-0.60437 -0.377217 -0.284273 -0.705606 -0.401303 -0.26981
0.859283 0.499794 -0.854268 0.882333 0.443387 -0.892122
-0.916285 -0.695376 0.557423 -1.0367 -0.674927 0.500699
0.437376 1.03811 0.291349 0.527218 1.03546 0.338107
-0.462919 -0.722073 0.0659425 -0.49561 -0.635221 0.0983159
-0.216547 -0.639116 0.31398 -0.165959 -0.614125 0.363808
-0.353433 1.26041 0.224653 -0.366365 1.30699 0.203209
0.13695 0.112926 -0.720346 0.15022 0.107876 -0.730081
-0.635457 0.250597 0.912963 -0.705626 0.221076 0.953892
0.320372 -0.211504 -0.352984 0.386447 -0.184807 -0.355093
-0.0371422 0.41356 0.526087 0.0159226 0.38328 0.521931
-0.506015 0.64179 -0.284436 -0.529307 0.682198 -0.346183
-0.380137 0.222035 0.14587 -0.507662 0.198614 0.138803
0.519816 0.109769 -0.216721 0.527925 0.0362952 -0.167691
-0.404175 -0.228087 -0.194162 -0.451222 -0.241915 -0.178298
1.04043 -0.498409 0.0103184 1.07593 -0.371645 0.0184441
-0.0816778 -1.20913 0.232816 -0.195226 -1.25478 0.199368
-0.788907 -0.12252 0.0930789 -0.620703 -0.151451 0.0170572
-0.744007 0.0949923 0.622795 -0.852274 0.115314 0.711787
0.399765 1.09473 0.188873 0.442741 1.10619 0.198895
-1.05064 -0.247413 -0.325046 -1.01683 -0.20638 -0.355544
2.17063 0.68178 0.569955 2.11275 0.757668 0.666583
-0.845728 -0.0941618 -0.482139 -0.774201 -0.116362 -0.502747
-0.34554 0.055433 0.128108 -0.462234 0.0785955 0.15242
-0.262814 -0.977316 -0.0670972 -0.24021 -0.993302 -0.163194
0.511195 0.263956 -0.242851 0.458807 0.276574 -0.239745
0.497442 0.0196407 0.798795 0.414623 -0.0541186 0.826626
-0.0140009 0.287715 -0.47309 0.024147 0.286404 -0.438387
0.200726 -1.32077 0.790024 0.17364 -1.31451 0.814896
-0.39948 -0.756626 -0.260847 -0.399029 -0.703525 -0.244359
-0.408073 -0.213708 -0.370663 -0.435852 -0.243907 -0.347918
0.194616 -1.08854 0.0361749 0.1016 -1.04204 0.0222195
0.175248 -0.173576 0.596533 0.160837 -0.254182 0.586186
-0.253696 1.79492 -0.282023 -0.261561 1.76677 -0.299369
-0.458797 -0.764431 0.150624 -0.472964 -0.710227 0.171911
-0.623444 -0.362899 -0.132552 -0.622753 -0.370064 -0.128002
-1.18447 -0.667959 -0.421664 -1.22386 -0.647983 -0.400903
1.16061 -0.707441 0.466401 1.15128 -0.775016 0.415647
0.918689 -0.226298 0.740071 0.897545 -0.277325 0.691196
-1.25402 1.27394 -0.71548 -1.27321 1.26168 -0.750575