60 60 6.5 0 0 0
1 1 0 19.91459996677799 19.162803903432152 4.2
0 19.838006423845766 18.98925015618168 7.304149522375043 28
0 2.2048290036418514 19.139698984550694 8.066870735262654 28
0 3.490240756017497 1.8733007006949147 7.829699798418307 28
0 5.819229324612222 1.8472205405784223 8.219920410387331 28
0 0.20249961830218527 3.9763202949266074 7.721099510419477 28
0 2.338979723398058 3.854570396569714 8.285130767978547 28
0 3.582909364042905 5.872640281723122 7.766120446564373 28
0 5.4599201547116305 5.720209950657409 9.000279984465518 28
0 0.1316992325002962 7.381360417906239 7.503040615163248 28
0 2.162030536853249 7.674459517297283 8.461779244063857 28
0 3.2540396601915336 9.600209299924703 7.695670557721899 28
0 5.314800473293722 9.708080713564748 8.603280442667803 28
0 19.746359434798652 11.234799665197835 7.798439850850455 28
0 2.1616800398938336 11.517999216945398 7.589330576819298 28
0 3.3728202916933805 13.338900622207728 8.363460864027875 28
0 5.760399604850363 13.52559999689627 8.473769824703854 28
0 19.791943954122605 15.31970033352331 7.743409836762258 28
0 2.1726390442555514 15.26429990787573 8.416598991119228 28
0 3.280420530767524 17.280599385092092 8.37817974486332 28
0 5.372289940477818 17.21740040209752 8.476189448599818 28
0 6.815040972810985 19.019542254191144 8.157269078891849 28
0 9.004410272498626 19.002648699039327 7.61518968487616 28
0 9.857850454074898 1.9188792456388797 6.781299666087274 28
0 12.090699299870007 1.9246604540092354 6.7893093181939115 28
0 6.725779752839894 4.017700842197575 7.970549789603338 28
0 8.966379360942073 3.8705100423831227 7.57400031776487 28
0 10.089899355807788 5.7093505192955245 7.052600244354684 28
0 12.33760051025812 6.060749610089313 7.34227004963145 28
0 6.526080127293037 7.632160906967846 7.903039295715961 28
0 8.837360633597305 7.589860305178414 7.8132802107457 28
0 9.885300738669105 9.464310078291412 6.935739380289633 28
0 12.214400829023644 9.581690713415593 7.23324956357332 285
0 6.610999964471373 11.482899734503953 7.8599998622677605 28
0 8.874069215716066 11.370900024290792 7.8336608123517 28
0 9.792289599524269 13.430900099674252 7.233480572932935 28
0 12.005500658292137 13.508899613364132 6.898849575311174 28
0 6.734599929165179 15.568899688747589 7.788130062447655 28
0 9.059589646086575 15.571900818962582 7.514820101043598 28
0 9.855699677278487 17.28880021735841 6.182419850046339 28
0 12.058899666643056 17.101999278210037 6.623440615070618 28
0 13.159400375407174 19.123136011758326 6.587050666551324 28
0 15.31090007179799 19.162198499593163 6.811380669337091 28
0 16.712700712219473 1.8661593251468285 7.333639062005847 28
0 19.007599468591067 1.9280598762235643 7.562899919743389 28
0 13.231100901127562 4.014600138982748 6.817470554006933 28
0 15.432799329654635 3.7903697091968147 7.317659586992505 28
0 16.55970082359471 5.70314911286587 6.6114500344306215 28
0 18.576099873810904 5.65846075054042 7.907530038008468 28
0 13.290400605448635 7.948309164360441 6.101789617700849 28
0 15.43739960224696 7.727269053489184 7.03458948014473 28
0 16.65120044460207 9.578460565300983 7.307399585089621 28
0 18.82099966690236 9.317889973495673 7.577110978279682 28
0 13.166900213754662 11.54610070895852 6.46706918467148 28
0 15.405199685560676 11.421899323345716 7.2116900176492855 28
0 16.61779967753779 13.478499976514845 7.006000080432424 28
0 18.76469910133628 13.321799955216257 7.783850414914794 28
0 13.334999352074236 15.314199921012486 6.416609571275658 28
0 15.459299687830427 15.497000017027535 6.876730429128074 28
0 16.647599884928077 17.361699601996797 6.477839000333514 28
0 18.602399094527033 17.159000837694943 7.991189281008906 28