nep_ilp 4 H B C N
0 0
3.97454000  6.53799000  1.08063300  0.67005560  0.83338330  15.02237100 0.74906320  2.76722300  1615.95810000 1.0 1.2           16.0
2.71865700  9.21455100  3.27306300  14.01571400 14.76050900 15.08475200 0.77683830  3.64086600  7964.24670000 1.0 1.5           16.0
2.64295000  12.91410000 1.02025700  0.97500120  25.34099600 15.22292700 0.81159980  3.88732400  5687.46170000 1.0 1.5           16.0
2.75346400  8.22671300  3.10639000  0.80736130  0.39442290  15.03318800 0.74514140  2.73358300  3846.15300000 1.0 1.5           16.0
2.71865700  9.21455100  3.27306300  14.01571400 14.76050900 15.08475200 0.77683830  3.64086600  7964.24670000 1.0 1.5           16.0
3.14373700  9.82513900  1.93640500  2.78484000  14.49595700 15.19926300 0.78340220  3.68295000  49498.01300000  1.0 2.0         16.0
3.30366200  10.54415000 2.92674100  16.71997200 0.35717340  15.30525400 0.70015810  3.09732700  30162.86900000  1.0 2.0         16.0
3.29525700  7.22431100  2.87266700  1.37150320  0.43471520  14.59457800 0.80440280  3.76572800  24669.99600000  1.0 2.0         16.0
2.64295000  12.91410000 1.02025700  0.97500120  25.34099600 15.22292700 0.81159980  3.88732400  5687.46170000 1.0 1.5           16.0
3.30366200  10.54415000 2.92674100  16.71997200 0.35717340  15.30525400 0.70015810  3.09732700  30162.86900000  1.0 2.0         16.0
3.20584300  7.51112600  1.23533400  0.00001528  37.53042800 15.49994700 0.79544430  3.68144000  25714.53500000  1.0 2.0         16.0
3.25356400  8.82592100  1.05955000  18.34474000 21.91357300 15.00000000 0.72349830  3.01311700  19063.09500000  1.0 2.0         16.0
2.75346400  8.22671300  3.10639000  0.80736130  0.39442290  15.03318800 0.74514140  2.73358300  3846.15300000 1.0 1.5           16.0
3.29525700  7.22431100  2.87266700  1.37150320  0.43471520  14.59457800 0.80440280  3.76572800  24669.99600000  1.0 2.0         16.0
3.25356400  8.82592100  1.05955000  18.34474000 21.91357300 15.00000000 0.72349830  3.01311700  19063.09500000  1.0 2.0         16.0
3.44319600  7.08449000  1.74734900  2.91399910  46.50855300 15.02037000 0.80083700  3.55184300  14810.15100000  1.0 2.0         16.0
