155
0 12.011
1 12.011
2 12.011
3 12.011
4 12.011
5 12.011
6 12.011
7 12.011
8 12.011
9 12.011
10 12.011
11 12.011
12 12.011
13 12.011
14 12.011
15 12.011
16 12.011
17 12.011
18 12.011
19 12.011
20 12.011
21 12.011
22 12.011
23 12.011
24 12.011
25 12.011
26 12.011
27 12.011
28 12.011
29 12.011
30 12.011
31 12.011
32 12.011
33 12.011
34 12.011
35 12.011
36 12.011
37 12.011
38 12.011
39 12.011
40 12.011
41 12.011
42 12.011
43 12.011
44 12.011
45 12.011
46 12.011
47 12.011
48 12.011
49 12.011
50 12.011
51 12.011
52 12.011
53 12.011
54 12.011
55 12.011
56 12.011
57 12.011
58 12.011
59 12.011
60 12.011
61 12.011
62 12.011
63 12.011
64 12.011
65 12.011
66 12.011
67 12.011
68 12.011
69 12.011
70 12.011
71 12.011
72 12.011
73 12.011
74 12.011
75 12.011
76 12.011
77 12.011
78 12.011
79 12.011
80 12.011
81 12.011
82 12.011
83 12.011
84 12.011
85 12.011
86 12.011
87 12.011
88 12.011
89 12.011
90 12.011
91 12.011
92 12.011
93 12.011
94 12.011
95 12.011
96 12.011
97 12.011
98 12.011
99 12.011
100 12.011
101 12.011
102 12.011
103 12.011
104 12.011
105 12.011
106 12.011
107 12.011
108 12.011
109 12.011
110 12.011
111 12.011
112 12.011
113 12.011
114 12.011
115 12.011
116 12.011
117 12.011
118 12.011
119 12.011
120 12.011
121 12.011
122 12.011
123 12.011
124 12.011
125 12.011
126 12.011
127 12.011
128 12.011
129 12.011
130 12.011
131 12.011
132 12.011
133 12.011
134 12.011
135 12.011
136 12.011
137 12.011
138 12.011
139 12.011
140 12.011
141 12.011
142 12.011
143 12.011
144 12.011
145 12.011
146 12.011
147 12.011
148 12.011
149 12.011
150 12.011
151 12.011
152 12.011
153 12.011
154 12.011
0
1
2
3
4
5
6
7
8
9
10
11
12
13
14
15
16
17
18
19
20
21
22
23
24
25
26
27
28
29
30
31
32
33
34
35
36
37
38
39
40
41
42
43
44
45
46
47
48
49
50
51
52
53
54
55
56
57
58
59
60
61
62
63
64
65
66
67
68
69
70
71
72
73
74
75
76
77
78
79
80
81
82
83
84
85
86
87
88
89
90
91
92
93
94
95
96
97
98
99
100
101
102
103
104
105
106
107
108
109
110
111
112
113
114
115
116
117
118
119
120
121
122
123
124
125
126
127
128
129
130
131
132
133
134
135
136
137
138
139
140
141
142
143
144
145
146
147
148
149
150
151
152
153
154
0
1
2
3
4
5
6
7
8
9
10
11
12
13
14
15
16
17
18
19
20
21
22
23
24
25
26
27
28
29
30
31
32
33
34
35
36
37
38
39
40
41
42
43
44
45
46
47
48
49
50
51
52
53
54
55
56
57
58
59
60
61
62
63
64
65
66
67
68
69
70
71
72
73
74
75
76
77
78
79
80
81
82
83
84
85
86
87
88
89
90
91
92
93
94
95
96
97
98
99
100
101
102
103
104
105
106
107
108
109
110
111
112
113
114
115
116
117
118
119
120
121
122
123
124
125
126
127
128
129
130
131
132
133
134
135
136
137
138
139
140
141
142
143
144
145
146
147
148
149
150
151
152
153
154
0
1
2
3
4
5
6
7
8
9
10
11
12
13
14
15
16
17
18
19
20
21
22
23
24
25
26
27
28
29
30
31
32
33
34
35
36
37
38
39
40
41
42
43
44
45
46
47
48
49
50
51
52
53
54
55
56
57
58
59
60
61
62
63
64
65
66
67
68
69
70
71
72
73
74
75
76
77
78
79
80
81
82
83
84
85
86
87
88
89
90
91
92
93
94
95
96
97
98
99
100
101
102
103
104
105
106
107
108
109
110
111
112
113
114
115
116
117
118
119
120
121
122
123
124
125
126
127
128
129
130
131
132
133
134
135
136
137
138
139
140
141
142
143
144
145
146
147
148
149
150
151
152
153
154
