465 500 10 0 0 0 
1 1 1 23.2562 7.55639832 25.23005949 
0 4.5953141995541 1.2584470800780787 5.169439771110791 12.011
0 6.77072832013138 0.00045709006069605257 5.20351798975688 12.011
0 7.43656393793544 1.2602068899347034 7.255227310535761 12.011
0 5.308222368516979 2.518306600115092 5.689633778519122 12.011
0 7.48095069799924 1.260290659914599 5.72471429912354 12.011
0 8.14646347788614 0.0012433199562550225 7.773416719073445 12.011
0 2.42259067015152 2.516430189994791 5.144382259997643 12.011
0 3.1004607993530593 1.2574499999701179 7.204109978782119 12.011
0 0.9641025898838396 2.5154932099527483 5.646534859909108 12.011
0 3.13582069794554 1.2575146900442553 5.665578569364303 12.011
0 5.268850328905459 2.518219780120955 7.2241559901956425 12.011
0 5.943708989512798 1.2591953300044016 9.275865310974526 12.011
0 3.8133684892382194 2.5173102799289224 7.723301689278133 12.011
0 5.9790717393153985 1.2592806200797593 7.743347700691656 12.011
0 8.10407993014488 0.0011626100657991002 9.299920520129342 12.011
0 8.772916548927519 1.2609231100517073 11.337597628629648 12.011
0 6.653608029455199 0.0002577001338660463 9.793052420076885 12.011
0 8.809287108482739 1.260999999930933 9.81610532979638 12.011
0 9.47579482814118 0.0019396899186323814 11.848770938597061 12.011
0 0.9327543695120197 2.5154262300380394 7.188073170155899 12.011
0 1.6206510791055195 1.2564445100945865 9.249805500426053 12.011
0 1.6459839298564196 1.2565115000844926 7.708267180087237 12.011
0 3.7850260396915996 2.5172463601036537 9.260830799260624 12.011
0 4.476929687892199 1.2582196198946496 11.315547020868484 12.011
0 2.3355634092438997 2.5163055701255774 9.76799490139472 12.011
0 4.49524698962878 1.2582827800500074 9.779020210321315 12.011
0 6.629272988290919 0.0001731699802994778 11.32456773092443 12.011
0 5.188833398320879 2.5180570100116633 11.83173183053552 12.011
0 7.3354812995263785 1.260012849937884 11.837745629670467 12.011
0 2.3202557086286597 2.5162393501326603 11.308530919775206 12.011
0 3.0334843201201 1.2573009500132557 11.826720320743872 12.011
0 9.471825729697098 0.001891050138286311 13.366254039689034 12.011
0 8.80091580905636 1.2607997400107762 15.397917341485376 12.011
0 8.1303310891627 0.0009532600503434176 17.437599061471357 12.011
0 7.460431369011939 1.259874909901592 19.485299169370908 12.011
0 3.0312113382031796 1.257257629937327 13.370263239953335 12.011
0 2.31478572945642 2.51618901998601 13.885445750185047 12.011
0 7.33320355939094 1.259951980126857 13.37126553938866 12.011
0 5.1848747884229995 2.518016739949976 13.37126553938866 12.011
0 4.486905248832599 1.2581107100294233 15.42297486016754 12.011
0 4.473140108707159 1.2581494499204502 13.885445750185047 12.011
0 2.3255450987566597 2.5161472200055433 15.42698406043184 12.011
0 1.6315886792713197 1.2562366099000886 17.48470718034567 12.011
0 1.6108036900601796 1.2562784000572373 15.943168870098878 12.011
0 6.62379444851146 8.622001611119647e-05 13.8834411513144 12.011
0 3.7734873295475397 2.5170420900029087 15.938157370399253 12.011
0 0.9151645100833397 2.5151657000330028 18.002896591406362 12.011
0 8.769111718326519 1.2608270201199911 13.875422740693777 12.011
0 6.643572100070839 5.207013330361449e-05 15.414956449546915 12.011
0 5.963646760009179 1.2589737199845519 17.4626565700615 12.011
0 5.933842528057839 1.2590094000380192 15.929136657820301 12.011
0 3.7972780895838807 2.5170033599351993 17.475686480381746 12.011
0 3.1143493601318997 1.2571187000128552 19.532407300860253 12.011
0 3.08454228859854 1.2571337699899046 17.992873579392086 12.011
0 0.9419648596129195 2.515123910127734 19.544434911745178 12.011
0 8.0925097287804 0.0009583999124808984 15.911095250323436 12.011
0 5.251231878304499 2.517904340036246 17.978841379728536 12.011
0 2.39892774944658 2.516047789893889 20.050596709397936 12.011
0 7.4206029683365795 1.2598831199283664 17.954786160481692 12.011
0 5.286049367893139 2.5178930799952295 19.513363591405056 12.011
0 4.573314518086379 1.2580219800296704 20.032555301901073 12.011
0 6.746012788930139 3.800112715379166e-06 20.004490879866925 12.011
0 8.94947774956224 1.2612314199189618 5.250626121246222 12.011
0 9.222616558009799 0.002043859907072461 4.410698220564804 12.011
0 10.267789498290279 1.2619392300165153 9.344021750789711 12.011
0 9.61098075823688 0.0021833200388265504 7.300330838108446 12.011
0 11.348967799040519 1.2627199099893884 6.007363070398557 12.011
0 10.5389274898039 0.002719609969714204 8.513114560164238 12.011
0 9.881435189566378 1.2617921399374976 6.464412140214333 12.011
0 10.69215237980648 0.0029746900484027266 3.9496399479617215 12.011
0 12.438160379337221 1.2635357100866131 2.6576744796871563 12.011
0 11.623110598572659 0.003530060136928326 5.170442068023108 12.011
0 10.964610028109758 1.2625865700365138 3.109712049803308 12.011
0 12.712302218388299 0.004347380077735103 1.8187488784410608 12.011
0 10.919261649757779 0.002874340071193349 11.382701161248345 12.011
0 12.64723787787306 1.2633872500325798 10.120804708832562 12.011
0 11.18771622928564 1.2624495700161726 10.557807769757819 12.011
0 12.00345574010418 0.0036672201010338047 8.06308159144174 12.011
0 13.74345696783114 1.2642144799379036 6.789157528141033 12.011
0 12.920381458492859 0.00419203992303159 9.29089982016542 12.011
0 12.27491416949512 1.2632737499072542 7.2301697994226135 12.011
0 13.09465821888092 0.004475379923917135 4.72341601022161 12.011
0 14.841674009559318 1.2650531799521167 3.4424758483506324 12.011
0 14.0186028095949 0.005023860088454558 5.953238840338943 12.011
0 13.36711681836278 1.2640857199180504 3.885492710933843 12.011
0 14.18886262888424 0.005317890126043405 1.3717228206395617 12.011
0 15.116818439671738 0.0058396599337992945 2.6035502496275424 12.011
0 14.38491828800532 0.005151089937647782 8.858908261462792 12.011
0 16.12793147968354 1.2657166599351664 7.594004910741039 12.011
0 14.65838087857176 1.2647591499145279 8.02399187057302 12.011
0 15.490155178819201 0.005986730114301455 5.516235779413686 12.011
0 16.404078919468898 0.006527570004497525 6.756081611453273 12.011
0 15.76461844878734 1.265572650095984 4.677310180690595 12.011
0 19.68260026992688 1.2678411501386326 15.148344502036155 12.011
0 17.9044902793724 0.0072366599040468845 16.398213338521003 12.011
0 16.1585878095004 1.2655124200600145 15.130303089493278 12.011
0 18.80118652009686 0.007864400138082565 15.145337588592149 12.011
0 17.02139234809706 1.2660349200677283 16.394204138256704 12.011
0 15.280181749132078 0.005535670059464799 15.127296181095282 12.011
0 21.45637477921124 0.009652309973139893 13.890457249884673 12.011
0 19.695434378318378 1.2679021199459974 12.623549300292273 12.011
0 22.34103548991666 0.010312879987196589 12.627558500556573 12.011
0 20.57227522898372 1.2684742299756013 13.888452651014026 12.011
0 17.93136359988072 0.007292280033280964 13.8804342403934 12.011
0 16.177442999235538 1.2655894099355778 12.617535488542293 12.011
0 18.8150241497977 0.007923840026667406 12.62254700085695 12.011
0 17.05027172981242 1.2661142000357422 13.878429638999748 12.011
0 14.417379108241338 0.005010109962311597 13.867404340165177 12.011
0 12.67649562865994 1.2633263099470486 12.612523991365679 12.011
0 15.301043018679218 0.0056111300162479255 12.616533191629978 12.011
0 13.54230261942206 1.263832029964773 13.865399728679503 12.011
0 21.46018390988362 0.009741520056065982 11.361652850399496 12.011
0 19.69022236854464 1.2679630900052419 10.098754101071396 12.011
0 20.576084859664398 1.2685374901272966 11.360650550964174 12.011
0 17.93517701899638 0.007374620090734452 11.360650550964174 12.011
0 16.16622183854876 1.2656404400565924 10.105770199641668 12.011
0 18.808810058273398 0.007984040088923238 10.098754101071396 12.011
0 17.05408611871162 1.2661950099225359 11.360650550964174 12.011
0 14.42119969956908 0.005080979910875212 11.36265514983482 12.011
0 15.28781718983178 0.005686589973031054 10.105770199641668 12.011
0 13.546124147974659 1.2639265600039962 11.36265514983482 12.011
0 17.91593248791456 0.00743023996808859 8.842871450313568 12.011
0 17.0328369380741 1.266249870129979 8.84387374974889 12.011
0 13.725943618974839 1.2638707900061954 18.439899649808613 12.011
0 15.467840620031579 0.005587390079645981 19.717832908327605 12.011
0 14.81331213876008 1.2645662700767304 21.789588240520015 12.011
0 13.99787544924736 0.004639030101733093 19.276820649661055 12.011
0 15.74009478821296 1.2651787300139636 20.556758509573704 12.011
0 15.08624794848908 0.005357400014059245 22.62951614120143 12.011
0 11.989739619397099 0.0033814701128440697 17.159961789895963 12.011
0 11.329187679998318 1.2623229600435215 19.214678008980815 12.011
0 10.526786158028578 0.0024682300074030453 16.705919618386158 12.011
0 12.257981648885059 1.262950670051964 17.99487819087776 12.011
0 13.070087369151121 0.0040311599208397424 20.503636571380394 12.011
0 12.40753409885638 1.2630169200185948 22.566371198562866 12.011
0 11.600116949442558 0.003091200139059252 20.051599011356267 12.011
0 13.34033641800156 1.2636224900318394 21.342562170103484 12.011
0 14.15445055997896 0.004773189923825591 23.858336669360437 12.011
0 12.67946781985796 0.0038072799589345587 23.407301401202613 12.011
0 9.594979729833518 0.001848160021422053 17.915696439612972 12.011
0 8.92740698784484 1.2607942399603191 19.964398849470854 12.011
0 9.863222719802538 1.26141584011696 18.752617439465418 12.011
0 10.66630967873174 0.002489440061847453 21.270396530024 12.011
0 9.197335129042719 0.0015601798882081406 20.804326750152274 12.011
0 10.93555665978534 1.2620548300649344 22.11032443070542 12.011
0 11.80743496993434 0.003373209961960321 12.611521689407349 12.011
0 16.11166038865768 1.2654361999295605 17.64206837839391 12.011
0 16.38660086887296 0.006202900031120797 18.480993969547978 12.011
0 12.63958429966298 1.2632401801039577 15.104243268852782 12.011
0 14.373455579122858 0.004914809926099476 16.37115121844518 12.011
0 12.90950863847216 0.003987049949406629 15.936152761436585 12.011
0 14.644705779475858 1.2644832499434282 17.207069921385308 12.011
0 10.91541721849942 0.0027913000393754855 13.837335321783387 12.011
0 11.181649849515638 1.262342190069726 14.66323101018623 12.011
0 10.25786439865264 1.2616961699006344 15.87401013084837 12.011
0 4.5953141995541 3.7772465200780787 5.169439771110791 12.011
0 6.77072832013138 2.519256530060696 5.20351798975688 12.011
0 7.43656393793544 3.7790063299347034 7.255227310535761 12.011
0 5.308222368516979 5.037106040115092 5.689633778519122 12.011
0 7.48095069799924 3.7790900999145993 5.72471429912354 12.011
0 8.14646347788614 2.520042759956255 7.773416719073445 12.011
0 2.42259067015152 5.035229629994792 5.144382259997643 12.011
0 3.1004607993530593 3.776249439970118 7.204109978782119 12.011
0 0.9641025898838396 5.034292649952748 5.646534859909108 12.011
0 3.13582069794554 3.7763141300442555 5.665578569364303 12.011
0 5.268850328905459 5.037019220120955 7.2241559901956425 12.011
0 5.943708989512798 3.7779947700044016 9.275865310974526 12.011
0 3.8133684892382194 5.036109719928922 7.723301689278133 12.011
0 5.9790717393153985 3.778080060079759 7.743347700691656 12.011
0 8.10407993014488 2.519962050065799 9.299920520129342 12.011
0 8.772916548927519 3.7797225500517073 11.337597628629648 12.011
0 6.653608029455199 2.519057140133866 9.793052420076885 12.011
0 8.809287108482739 3.779799439930933 9.81610532979638 12.011
0 9.47579482814118 2.5207391299186326 11.848770938597061 12.011
0 0.9327543695120197 5.0342256700380394 7.188073170155899 12.011
0 1.6206510791055195 3.7752439500945867 9.249805500426053 12.011
0 1.6459839298564196 3.7753109400844926 7.708267180087237 12.011
0 3.7850260396915996 5.036045800103654 9.260830799260624 12.011
0 4.476929687892199 3.7770190598946494 11.315547020868484 12.011
0 2.3355634092438997 5.035105010125577 9.76799490139472 12.011
0 4.49524698962878 3.7770822200500076 9.779020210321315 12.011
0 6.629272988290919 2.5189726099802994 11.32456773092443 12.011
0 5.188833398320879 5.036856450011664 11.83173183053552 12.011
0 7.3354812995263785 3.7788122899378838 11.837745629670467 12.011
0 2.3202557086286597 5.03503879013266 11.308530919775206 12.011
0 3.0334843201201 3.776100390013256 11.826720320743872 12.011
0 9.471825729697098 2.5206904901382865 13.366254039689034 12.011
0 8.80091580905636 3.779599180010776 15.397917341485376 12.011
0 8.1303310891627 2.5197527000503435 17.437599061471357 12.011
0 7.460431369011939 3.778674349901592 19.485299169370908 12.011
0 3.0312113382031796 3.776057069937327 13.370263239953335 12.011
0 2.31478572945642 5.03498845998601 13.885445750185047 12.011
0 7.33320355939094 3.778751420126857 13.37126553938866 12.011
0 5.1848747884229995 5.036816179949977 13.37126553938866 12.011
0 4.486905248832599 3.7769101500294235 15.42297486016754 12.011
0 4.473140108707159 3.77694888992045 13.885445750185047 12.011
0 2.3255450987566597 5.034946660005543 15.42698406043184 12.011
0 1.6315886792713197 3.7750360499000886 17.48470718034567 12.011
0 1.6108036900601796 3.7750778400572376 15.943168870098878 12.011
0 6.62379444851146 2.518885660016111 13.8834411513144 12.011
0 3.7734873295475397 5.035841530002909 15.938157370399253 12.011
0 0.9151645100833397 5.033965140033002 18.002896591406362 12.011
0 8.769111718326519 3.7796264601199914 13.875422740693777 12.011
0 6.643572100070839 2.5188515101333038 15.414956449546915 12.011
0 5.963646760009179 3.7777731599845517 17.4626565700615 12.011
0 5.933842528057839 3.777808840038019 15.929136657820301 12.011
0 3.7972780895838807 5.035802799935199 17.475686480381746 12.011
0 3.1143493601318997 3.7759181400128554 19.532407300860253 12.011
0 3.08454228859854 3.775933209989905 17.992873579392086 12.011
0 0.9419648596129195 5.0339233501277345 19.544434911745178 12.011
0 8.0925097287804 2.5197578399124807 15.911095250323436 12.011
0 5.251231878304499 5.036703780036246 17.978841379728536 12.011
0 2.39892774944658 5.034847229893889 20.050596709397936 12.011
0 7.4206029683365795 3.7786825599283667 17.954786160481692 12.011
0 5.286049367893139 5.0366925199952295 19.513363591405056 12.011
0 4.573314518086379 3.7768214200296706 20.032555301901073 12.011
0 6.746012788930139 2.518803240112715 20.004490879866925 12.011
0 8.94947774956224 3.780030859918962 5.250626121246222 12.011
0 9.222616558009799 2.5208432999070727 4.410698220564804 12.011
0 10.267789498290279 3.7807386700165155 9.344021750789711 12.011
0 9.61098075823688 2.5209827600388266 7.300330838108446 12.011
0 11.348967799040519 3.7815193499893884 6.007363070398557 12.011
0 10.5389274898039 2.521519049969714 8.513114560164238 12.011
0 9.881435189566378 3.7805915799374974 6.464412140214333 12.011
0 10.69215237980648 2.521774130048403 3.9496399479617215 12.011
0 12.438160379337221 3.782335150086613 2.6576744796871563 12.011
0 11.623110598572659 2.5223295001369284 5.170442068023108 12.011
0 10.964610028109758 3.7813860100365138 3.109712049803308 12.011
0 12.712302218388299 2.523146820077735 1.8187488784410608 12.011
0 10.919261649757779 2.5216737800711932 11.382701161248345 12.011
0 12.64723787787306 3.78218669003258 10.120804708832562 12.011
0 11.18771622928564 3.7812490100161726 10.557807769757819 12.011
0 12.00345574010418 2.522466660101034 8.06308159144174 12.011
0 13.74345696783114 3.7830139199379036 6.789157528141033 12.011
0 12.920381458492859 2.5229914799230317 9.29089982016542 12.011
0 12.27491416949512 3.782073189907254 7.2301697994226135 12.011
0 13.09465821888092 2.523274819923917 4.72341601022161 12.011
0 14.841674009559318 3.7838526199521167 3.4424758483506324 12.011
0 14.0186028095949 2.5238233000884547 5.953238840338943 12.011
0 13.36711681836278 3.7828851599180506 3.885492710933843 12.011
0 14.18886262888424 2.5241173301260433 1.3717228206395617 12.011
0 15.116818439671738 2.524639099933799 2.6035502496275424 12.011
0 14.38491828800532 2.5239505299376477 8.858908261462792 12.011
0 16.12793147968354 3.7845160999351664 7.594004910741039 12.011
0 14.65838087857176 3.783558589914528 8.02399187057302 12.011
0 15.490155178819201 2.5247861701143015 5.516235779413686 12.011
0 16.404078919468898 2.5253270100044976 6.756081611453273 12.011
0 15.76461844878734 3.7843720900959843 4.677310180690595 12.011
0 19.68260026992688 3.7866405901386324 15.148344502036155 12.011
0 17.9044902793724 2.5260360999040468 16.398213338521003 12.011
0 16.1585878095004 3.7843118600600145 15.130303089493278 12.011
0 18.80118652009686 2.5266638401380828 15.145337588592149 12.011
0 17.02139234809706 3.7848343600677286 16.394204138256704 12.011
0 15.280181749132078 2.524335110059465 15.127296181095282 12.011
0 21.45637477921124 2.52845174997314 13.890457249884673 12.011
0 19.695434378318378 3.7867015599459974 12.623549300292273 12.011
0 22.34103548991666 2.5291123199871968 12.627558500556573 12.011
0 20.57227522898372 3.787273669975601 13.888452651014026 12.011
0 17.93136359988072 2.526091720033281 13.8804342403934 12.011
0 16.177442999235538 3.784388849935578 12.617535488542293 12.011
0 18.8150241497977 2.5267232800266672 12.62254700085695 12.011
0 17.05027172981242 3.784913640035742 13.878429638999748 12.011
0 14.417379108241338 2.5238095499623117 13.867404340165177 12.011
0 12.67649562865994 3.7821257499470486 12.612523991365679 12.011
0 15.301043018679218 2.524410570016248 12.616533191629978 12.011
0 13.54230261942206 3.782631469964773 13.865399728679503 12.011
0 21.46018390988362 2.5285409600560658 11.361652850399496 12.011
0 19.69022236854464 3.786762530005242 10.098754101071396 12.011
0 20.576084859664398 3.7873369301272968 11.360650550964174 12.011
0 17.93517701899638 2.5261740600907343 11.360650550964174 12.011
0 16.16622183854876 3.7844398800565924 10.105770199641668 12.011
0 18.808810058273398 2.5267834800889233 10.098754101071396 12.011
0 17.05408611871162 3.784994449922536 11.360650550964174 12.011
0 14.42119969956908 2.523880419910875 11.36265514983482 12.011
0 15.28781718983178 2.524486029973031 10.105770199641668 12.011
0 13.546124147974659 3.782726000003996 11.36265514983482 12.011
0 17.91593248791456 2.526229679968089 8.842871450313568 12.011
0 17.0328369380741 3.785049310129979 8.84387374974889 12.011
0 13.725943618974839 3.7826702300061954 18.439899649808613 12.011
0 15.467840620031579 2.524386830079646 19.717832908327605 12.011
0 14.81331213876008 3.7833657100767306 21.789588240520015 12.011
0 13.99787544924736 2.523438470101733 19.276820649661055 12.011
0 15.74009478821296 3.7839781700139636 20.556758509573704 12.011
0 15.08624794848908 2.5241568400140593 22.62951614120143 12.011
0 11.989739619397099 2.5221809101128443 17.159961789895963 12.011
0 11.329187679998318 3.7811224000435217 19.214678008980815 12.011
0 10.526786158028578 2.5212676700074033 16.705919618386158 12.011
0 12.257981648885059 3.7817501100519637 17.99487819087776 12.011
0 13.070087369151121 2.5228305999208396 20.503636571380394 12.011
0 12.40753409885638 3.7818163600185946 22.566371198562866 12.011
0 11.600116949442558 2.521890640139059 20.051599011356267 12.011
0 13.34033641800156 3.7824219300318394 21.342562170103484 12.011
0 14.15445055997896 2.5235726299238257 23.858336669360437 12.011
0 12.67946781985796 2.5226067199589344 23.407301401202613 12.011
0 9.594979729833518 2.520647600021422 17.915696439612972 12.011
0 8.92740698784484 3.7795936799603194 19.964398849470854 12.011
0 9.863222719802538 3.78021528011696 18.752617439465418 12.011
0 10.66630967873174 2.5212888800618476 21.270396530024 12.011
0 9.197335129042719 2.5203596198882083 20.804326750152274 12.011
0 10.93555665978534 3.7808542700649346 22.11032443070542 12.011
0 11.80743496993434 2.52217264996196 12.611521689407349 12.011
0 16.11166038865768 3.7842356399295607 17.64206837839391 12.011
0 16.38660086887296 2.525002340031121 18.480993969547978 12.011
0 12.63958429966298 3.7820396201039577 15.104243268852782 12.011
0 14.373455579122858 2.5237142499260994 16.37115121844518 12.011
0 12.90950863847216 2.522786489949407 15.936152761436585 12.011
0 14.644705779475858 3.7832826899434284 17.207069921385308 12.011
0 10.91541721849942 2.5215907400393753 13.837335321783387 12.011
0 11.181649849515638 3.781141630069726 14.66323101018623 12.011
0 10.25786439865264 3.780495609900634 15.87401013084837 12.011
0 4.5953141995541 6.296045960078079 5.169439771110791 12.011
0 6.77072832013138 5.038055970060696 5.20351798975688 12.011
0 7.43656393793544 6.297805769934703 7.255227310535761 12.011
0 5.308222368516979 7.555905480115092 5.689633778519122 12.011
0 7.48095069799924 6.297889539914599 5.72471429912354 12.011
0 8.14646347788614 5.038842199956255 7.773416719073445 12.011
0 2.42259067015152 7.554029069994791 5.144382259997643 12.011
0 3.1004607993530593 6.295048879970118 7.204109978782119 12.011
0 0.9641025898838396 7.553092089952749 5.646534859909108 12.011
0 3.13582069794554 6.295113570044255 5.665578569364303 12.011
0 5.268850328905459 7.555818660120956 7.2241559901956425 12.011
0 5.943708989512798 6.296794210004402 9.275865310974526 12.011
0 3.8133684892382194 7.554909159928922 7.723301689278133 12.011
0 5.9790717393153985 6.2968795000797595 7.743347700691656 12.011
0 8.10407993014488 5.0387614900657995 9.299920520129342 12.011
0 8.772916548927519 6.298521990051707 11.337597628629648 12.011
0 6.653608029455199 5.037856580133866 9.793052420076885 12.011
0 8.809287108482739 6.298598879930933 9.81610532979638 12.011
0 9.47579482814118 5.039538569918633 11.848770938597061 12.011
0 0.9327543695120197 7.553025110038039 7.188073170155899 12.011
0 1.6206510791055195 6.294043390094586 9.249805500426053 12.011
0 1.6459839298564196 6.294110380084493 7.708267180087237 12.011
0 3.7850260396915996 7.554845240103654 9.260830799260624 12.011
0 4.476929687892199 6.29581849989465 11.315547020868484 12.011
0 2.3355634092438997 7.553904450125577 9.76799490139472 12.011
0 4.49524698962878 6.295881660050007 9.779020210321315 12.011
0 6.629272988290919 5.037772049980299 11.32456773092443 12.011
0 5.188833398320879 7.555655890011663 11.83173183053552 12.011
0 7.3354812995263785 6.297611729937884 11.837745629670467 12.011
0 2.3202557086286597 7.55383823013266 11.308530919775206 12.011
0 3.0334843201201 6.2948998300132555 11.826720320743872 12.011
0 9.471825729697098 5.039489930138286 13.366254039689034 12.011
0 8.80091580905636 6.298398620010776 15.397917341485376 12.011
0 8.1303310891627 5.038552140050343 17.437599061471357 12.011
0 7.460431369011939 6.297473789901592 19.485299169370908 12.011
0 3.0312113382031796 6.294856509937327 13.370263239953335 12.011
0 2.31478572945642 7.55378789998601 13.885445750185047 12.011
0 7.33320355939094 6.297550860126857 13.37126553938866 12.011
0 5.1848747884229995 7.555615619949976 13.37126553938866 12.011
0 4.486905248832599 6.295709590029423 15.42297486016754 12.011
0 4.473140108707159 6.29574832992045 13.885445750185047 12.011
0 2.3255450987566597 7.553746100005544 15.42698406043184 12.011
0 1.6315886792713197 6.293835489900088 17.48470718034567 12.011
0 1.6108036900601796 6.293877280057237 15.943168870098878 12.011
0 6.62379444851146 5.037685100016112 13.8834411513144 12.011
0 3.7734873295475397 7.554640970002909 15.938157370399253 12.011
0 0.9151645100833397 7.552764580033003 18.002896591406362 12.011
0 8.769111718326519 6.298425900119991 13.875422740693777 12.011
0 6.643572100070839 5.037650950133304 15.414956449546915 12.011
0 5.963646760009179 6.296572599984552 17.4626565700615 12.011
0 5.933842528057839 6.296608280038019 15.929136657820301 12.011
0 3.7972780895838807 7.5546022399352 17.475686480381746 12.011
0 3.1143493601318997 6.294717580012855 19.532407300860253 12.011
0 3.08454228859854 6.294732649989904 17.992873579392086 12.011
0 0.9419648596129195 7.552722790127734 19.544434911745178 12.011
0 8.0925097287804 5.038557279912481 15.911095250323436 12.011
0 5.251231878304499 7.555503220036246 17.978841379728536 12.011
0 2.39892774944658 7.553646669893888 20.050596709397936 12.011
0 7.4206029683365795 6.297481999928366 17.954786160481692 12.011
0 5.286049367893139 7.55549195999523 19.513363591405056 12.011
0 4.573314518086379 6.29562086002967 20.032555301901073 12.011
0 6.746012788930139 5.037602680112715 20.004490879866925 12.011
0 8.94947774956224 6.298830299918961 5.250626121246222 12.011
0 9.222616558009799 5.039642739907072 4.410698220564804 12.011
0 10.267789498290279 6.299538110016515 9.344021750789711 12.011
0 9.61098075823688 5.039782200038826 7.300330838108446 12.011
0 11.348967799040519 6.300318789989388 6.007363070398557 12.011
0 10.5389274898039 5.040318489969714 8.513114560164238 12.011
0 9.881435189566378 6.299391019937498 6.464412140214333 12.011
0 10.69215237980648 5.0405735700484025 3.9496399479617215 12.011
0 12.438160379337221 6.301134590086614 2.6576744796871563 12.011
0 11.623110598572659 5.041128940136928 5.170442068023108 12.011
0 10.964610028109758 6.300185450036514 3.109712049803308 12.011
0 12.712302218388299 5.041946260077735 1.8187488784410608 12.011
0 10.919261649757779 5.040473220071194 11.382701161248345 12.011
0 12.64723787787306 6.30098613003258 10.120804708832562 12.011
0 11.18771622928564 6.300048450016172 10.557807769757819 12.011
0 12.00345574010418 5.0412661001010335 8.06308159144174 12.011
0 13.74345696783114 6.301813359937904 6.789157528141033 12.011
0 12.920381458492859 5.041790919923032 9.29089982016542 12.011
0 12.27491416949512 6.300872629907254 7.2301697994226135 12.011
0 13.09465821888092 5.0420742599239174 4.72341601022161 12.011
0 14.841674009559318 6.302652059952116 3.4424758483506324 12.011
0 14.0186028095949 5.042622740088454 5.953238840338943 12.011
0 13.36711681836278 6.30168459991805 3.885492710933843 12.011
0 14.18886262888424 5.042916770126044 1.3717228206395617 12.011
0 15.116818439671738 5.043438539933799 2.6035502496275424 12.011
0 14.38491828800532 5.042749969937648 8.858908261462792 12.011
0 16.12793147968354 6.303315539935166 7.594004910741039 12.011
0 14.65838087857176 6.302358029914528 8.02399187057302 12.011
0 15.490155178819201 5.0435856101143015 5.516235779413686 12.011
0 16.404078919468898 5.044126450004497 6.756081611453273 12.011
0 15.76461844878734 6.303171530095984 4.677310180690595 12.011
0 19.68260026992688 6.305440030138633 15.148344502036155 12.011
0 17.9044902793724 5.044835539904047 16.398213338521003 12.011
0 16.1585878095004 6.3031113000600145 15.130303089493278 12.011
0 18.80118652009686 5.045463280138082 15.145337588592149 12.011
0 17.02139234809706 6.303633800067728 16.394204138256704 12.011
0 15.280181749132078 5.043134550059465 15.127296181095282 12.011
0 21.45637477921124 5.04725118997314 13.890457249884673 12.011
0 19.695434378318378 6.305500999945997 12.623549300292273 12.011
0 22.34103548991666 5.047911759987197 12.627558500556573 12.011
0 20.57227522898372 6.3060731099756016 13.888452651014026 12.011
0 17.93136359988072 5.044891160033281 13.8804342403934 12.011
0 16.177442999235538 6.303188289935578 12.617535488542293 12.011
0 18.8150241497977 5.045522720026668 12.62254700085695 12.011
0 17.05027172981242 6.303713080035742 13.878429638999748 12.011
0 14.417379108241338 5.042608989962312 13.867404340165177 12.011
0 12.67649562865994 6.300925189947049 12.612523991365679 12.011
0 15.301043018679218 5.043210010016248 12.616533191629978 12.011
0 13.54230261942206 6.301430909964773 13.865399728679503 12.011
0 21.46018390988362 5.047340400056066 11.361652850399496 12.011
0 19.69022236854464 6.305561970005241 10.098754101071396 12.011
0 20.576084859664398 6.306136370127296 11.360650550964174 12.011
0 17.93517701899638 5.044973500090735 11.360650550964174 12.011
0 16.16622183854876 6.303239320056592 10.105770199641668 12.011
0 18.808810058273398 5.045582920088923 10.098754101071396 12.011
0 17.05408611871162 6.303793889922536 11.360650550964174 12.011
0 14.42119969956908 5.0426798599108755 11.36265514983482 12.011
0 15.28781718983178 5.043285469973031 10.105770199641668 12.011
0 13.546124147974659 6.301525440003996 11.36265514983482 12.011
0 17.91593248791456 5.045029119968088 8.842871450313568 12.011
0 17.0328369380741 6.303848750129979 8.84387374974889 12.011
0 13.725943618974839 6.301469670006195 18.439899649808613 12.011
0 15.467840620031579 5.043186270079646 19.717832908327605 12.011
0 14.81331213876008 6.30216515007673 21.789588240520015 12.011
0 13.99787544924736 5.042237910101733 19.276820649661055 12.011
0 15.74009478821296 6.302777610013964 20.556758509573704 12.011
0 15.08624794848908 5.042956280014059 22.62951614120143 12.011
0 11.989739619397099 5.040980350112844 17.159961789895963 12.011
0 11.329187679998318 6.299921840043521 19.214678008980815 12.011
0 10.526786158028578 5.040067110007403 16.705919618386158 12.011
0 12.257981648885059 6.300549550051964 17.99487819087776 12.011
0 13.070087369151121 5.04163003992084 20.503636571380394 12.011
0 12.40753409885638 6.300615800018595 22.566371198562866 12.011
0 11.600116949442558 5.0406900801390595 20.051599011356267 12.011
0 13.34033641800156 6.30122137003184 21.342562170103484 12.011
0 14.15445055997896 5.042372069923825 23.858336669360437 12.011
0 12.67946781985796 5.041406159958934 23.407301401202613 12.011
0 9.594979729833518 5.039447040021422 17.915696439612972 12.011
0 8.92740698784484 6.298393119960319 19.964398849470854 12.011
0 9.863222719802538 6.2990147201169595 18.752617439465418 12.011
0 10.66630967873174 5.040088320061847 21.270396530024 12.011
0 9.197335129042719 5.039159059888208 20.804326750152274 12.011
0 10.93555665978534 6.299653710064934 22.11032443070542 12.011
0 11.80743496993434 5.040972089961961 12.611521689407349 12.011
0 16.11166038865768 6.30303507992956 17.64206837839391 12.011
0 16.38660086887296 5.043801780031121 18.480993969547978 12.011
0 12.63958429966298 6.300839060103957 15.104243268852782 12.011
0 14.373455579122858 5.0425136899261 16.37115121844518 12.011
0 12.90950863847216 5.041585929949407 15.936152761436585 12.011
0 14.644705779475858 6.302082129943428 17.207069921385308 12.011
0 10.91541721849942 5.040390180039376 13.837335321783387 12.011
0 11.181649849515638 6.2999410700697265 14.66323101018623 12.011
0 10.25786439865264 6.299295049900635 15.87401013084837 12.011