4860

0 0 0 0 0
1 1 1 1 0
2 2 2 2 0
3 3 3 3 0
4 4 4 4 0
5 5 5 5 0
6 6 6 6 0
7 7 7 7 0
8 8 8 8 0
9 9 9 9 0
10 10 10 10 0
11 11 11 11 0
12 12 12 12 0
13 13 13 13 0
14 14 14 14 0
15 15 15 15 0
16 16 16 16 0
17 17 17 17 0
18 18 18 18 0
19 19 19 19 0
20 20 20 20 0
21 21 21 21 0
22 22 22 22 0
23 23 23 23 0
24 24 24 24 0
25 25 25 25 0
26 26 26 26 0
27 27 27 27 0
28 28 28 28 0
29 29 29 29 0
30 30 30 30 0
31 31 31 31 0
32 32 32 32 0
33 33 33 33 0
34 34 34 34 0
35 35 35 35 0
36 36 36 36 0
37 37 37 37 0
38 38 38 38 0
39 39 39 39 0
40 40 40 40 0
41 41 41 41 0
42 42 42 42 0
43 43 43 43 0
44 44 44 44 0
45 45 45 45 0
46 46 46 46 0
47 47 47 47 0
48 48 48 48 0
49 49 49 49 0
50 50 50 50 0
51 51 51 51 0
52 52 52 52 0
53 53 53 53 0
54 54 54 54 0
55 55 55 55 0
56 56 56 56 0
57 57 57 57 0
58 58 58 58 0
59 59 59 59 0
60 60 60 60 0
61 61 61 61 0
62 62 62 62 0
63 63 63 63 0
64 64 64 64 0
65 65 65 65 0
66 66 66 66 0
67 67 67 67 0
68 68 68 68 0
69 69 69 69 0
70 70 70 70 0
71 71 71 71 0
72 72 72 72 0
73 73 73 73 0
74 74 74 74 0
75 75 75 75 0
76 76 76 76 0
77 77 77 77 0
78 78 78 78 0
79 79 79 79 0
80 80 80 80 0
81 81 81 81 0
82 82 82 82 0
83 83 83 83 0
84 84 84 84 0
85 85 85 85 0
86 86 86 86 0
87 87 87 87 0
88 88 88 88 0
89 89 89 89 0
90 90 90 90 0
91 91 91 91 0
92 92 92 92 0
93 93 93 93 0
94 94 94 94 0
95 95 95 95 0
96 96 96 96 0
97 97 97 97 0
98 98 98 98 0
99 99 99 99 0
100 100 100 100 0
101 101 101 101 0
102 102 102 102 0
103 103 103 103 0
104 104 104 104 0
105 105 105 105 0
106 106 106 106 0
107 107 107 107 0
0 0 0 3 1
1 1 1 14 1
2 2 2 37 1
3 3 3 48 1
4 4 4 7 1
5 5 5 18 1
6 6 6 41 1
7 7 7 52 1
8 8 8 11 1
9 9 9 22 1
10 10 10 45 1
11 11 11 56 1
12 12 12 15 1
13 13 13 26 1
14 14 14 49 1
15 15 15 60 1
16 16 16 19 1
17 17 17 30 1
18 18 18 53 1
19 19 19 64 1
20 20 20 23 1
21 21 21 34 1
22 22 22 57 1
23 23 23 68 1
24 24 24 27 1
2 25 25 25 2
26 26 26 61 1
27 27 27 36 1
28 28 28 31 1
6 29 29 29 2
30 30 30 65 1
31 31 31 40 1
32 32 32 35 1
10 33 33 33 2
34 34 34 69 1
35 35 35 44 1
36 36 36 39 1
37 37 37 50 1
38 38 38 73 1
39 39 39 84 1
40 40 40 43 1
41 41 41 54 1
42 42 42 77 1
43 43 43 88 1
44 44 44 47 1
45 45 45 58 1
46 46 46 81 1
47 47 47 92 1
48 48 48 51 1
49 49 49 62 1
50 50 50 85 1
51 51 51 96 1
52 52 52 55 1
53 53 53 66 1
54 54 54 89 1
55 55 55 100 1
56 56 56 59 1
57 57 57 70 1
58 58 58 93 1
59 59 59 104 1
60 60 60 63 1
38 61 61 61 2
62 62 62 97 1
63 63 63 72 1
64 64 64 67 1
42 65 65 65 2
66 66 66 101 1
67 67 67 76 1
68 68 68 71 1
46 69 69 69 2
70 70 70 105 1
71 71 71 80 1
72 72 72 75 1
73 73 73 86 1
1 74 74 74 2
12 75 75 75 2
76 76 76 79 1
77 77 77 90 1
5 78 78 78 2
16 79 79 79 2
80 80 80 83 1
81 81 81 94 1
9 82 82 82 2
20 83 83 83 2
84 84 84 87 1
85 85 85 98 1
13 86 86 86 2
24 87 87 87 2
88 88 88 91 1
89 89 89 102 1
17 90 90 90 2
28 91 91 91 2
92 92 92 95 1
93 93 93 106 1
21 94 94 94 2
32 95 95 95 2
96 96 96 99 1
74 97 97 97 2
25 98 98 98 2
0 99 99 99 2
100 100 100 103 1
78 101 101 101 2
29 102 102 102 2
4 103 103 103 2
104 104 104 107 1
82 105 105 105 2
33 106 106 106 2
8 107 107 107 2
0 0 0 99 1
1 1 1 74 1
2 2 2 25 1
0 3 3 3 2
4 4 4 103 1
5 5 5 78 1
6 6 6 29 1
4 7 7 7 2
8 8 8 107 1
9 9 9 82 1
10 10 10 33 1
8 11 11 11 2
12 12 12 75 1
13 13 13 86 1
1 14 14 14 2
12 15 15 15 2
16 16 16 79 1
17 17 17 90 1
5 18 18 18 2
16 19 19 19 2
20 20 20 83 1
21 21 21 94 1
9 22 22 22 2
20 23 23 23 2
24 24 24 87 1
25 25 25 98 1
13 26 26 26 2
24 27 27 27 2
28 28 28 91 1
29 29 29 102 1
17 30 30 30 2
28 31 31 31 2
32 32 32 95 1
33 33 33 106 1
21 34 34 34 2
32 35 35 35 2
27 36 36 36 2
2 37 37 37 2
38 38 38 61 1
36 39 39 39 2
31 40 40 40 2
6 41 41 41 2
42 42 42 65 1
40 43 43 43 2
35 44 44 44 2
10 45 45 45 2
46 46 46 69 1
44 47 47 47 2
3 48 48 48 2
14 49 49 49 2
37 50 50 50 2
48 51 51 51 2
7 52 52 52 2
18 53 53 53 2
41 54 54 54 2
52 55 55 55 2
11 56 56 56 2
22 57 57 57 2
45 58 58 58 2
56 59 59 59 2
15 60 60 60 2
26 61 61 61 2
49 62 62 62 2
60 63 63 63 2
19 64 64 64 2
30 65 65 65 2
53 66 66 66 2
64 67 67 67 2
23 68 68 68 2
34 69 69 69 2
57 70 70 70 2
68 71 71 71 2
63 72 72 72 2
38 73 73 73 2
74 74 74 97 1
72 75 75 75 2
67 76 76 76 2
42 77 77 77 2
78 78 78 101 1
76 79 79 79 2
71 80 80 80 2
46 81 81 81 2
82 82 82 105 1
80 83 83 83 2
39 84 84 84 2
50 85 85 85 2
73 86 86 86 2
84 87 87 87 2
43 88 88 88 2
54 89 89 89 2
77 90 90 90 2
88 91 91 91 2
47 92 92 92 2
58 93 93 93 2
81 94 94 94 2
92 95 95 95 2
51 96 96 96 2
62 97 97 97 2
85 98 98 98 2
96 99 99 99 2
55 100 100 100 2
66 101 101 101 2
89 102 102 102 2
100 103 103 103 2
59 104 104 104 2
70 105 105 105 2
93 106 106 106 2
104 107 107 107 2
0 0 0 75 3
1 1 1 86 3
1 2 2 2 4
3 3 3 12 3
4 4 4 79 3
5 5 5 90 3
5 6 6 6 4
7 7 7 16 3
8 8 8 83 3
9 9 9 94 3
9 10 10 10 4
11 11 11 20 3
12 12 12 87 3
13 13 13 98 3
13 14 14 14 4
15 15 15 24 3
16 16 16 91 3
17 17 17 102 3
17 18 18 18 4
19 19 19 28 3
20 20 20 95 3
21 21 21 106 3
21 22 22 22 4
23 23 23 32 3
24 24 24 99 3
25 25 25 74 3
25 26 26 26 4
0 27 27 27 4
28 28 28 103 3
29 29 29 78 3
29 30 30 30 4
4 31 31 31 4
32 32 32 107 3
33 33 33 82 3
33 34 34 34 4
8 35 35 35 4
3 36 36 36 4
14 37 37 37 4
37 38 38 38 4
39 39 39 48 3
7 40 40 40 4
18 41 41 41 4
41 42 42 42 4
43 43 43 52 3
11 44 44 44 4
22 45 45 45 4
45 46 46 46 4
47 47 47 56 3
15 48 48 48 4
26 49 49 49 4
49 50 50 50 4
51 51 51 60 3
19 52 52 52 4
30 53 53 53 4
53 54 54 54 4
55 55 55 64 3
23 56 56 56 4
34 57 57 57 4
57 58 58 58 4
59 59 59 68 3
27 60 60 60 4
2 61 61 61 4
61 62 62 62 4
36 63 63 63 4
31 64 64 64 4
6 65 65 65 4
65 66 66 66 4
40 67 67 67 4
35 68 68 68 4
10 69 69 69 4
69 70 70 70 4
44 71 71 71 4
39 72 72 72 4
50 73 73 73 4
73 74 74 74 4
75 75 75 84 3
43 76 76 76 4
54 77 77 77 4
77 78 78 78 4
79 79 79 88 3
47 80 80 80 4
58 81 81 81 4
81 82 82 82 4
83 83 83 92 3
51 84 84 84 4
62 85 85 85 4
85 86 86 86 4
87 87 87 96 3
55 88 88 88 4
66 89 89 89 4
89 90 90 90 4
91 91 91 100 3
59 92 92 92 4
70 93 93 93 4
93 94 94 94 4
95 95 95 104 3
63 96 96 96 4
38 97 97 97 4
97 98 98 98 4
72 99 99 99 4
67 100 100 100 4
42 101 101 101 4
101 102 102 102 4
76 103 103 103 4
71 104 104 104 4
46 105 105 105 4
105 106 106 106 4
80 107 107 107 4
0 0 0 27 3
1 1 1 2 3
2 2 2 61 3
3 3 3 36 3
4 4 4 31 3
5 5 5 6 3
6 6 6 65 3
7 7 7 40 3
8 8 8 35 3
9 9 9 10 3
10 10 10 69 3
11 11 11 44 3
3 12 12 12 4
13 13 13 14 3
14 14 14 37 3
15 15 15 48 3
7 16 16 16 4
17 17 17 18 3
18 18 18 41 3
19 19 19 52 3
11 20 20 20 4
21 21 21 22 3
22 22 22 45 3
23 23 23 56 3
15 24 24 24 4
25 25 25 26 3
26 26 26 49 3
27 27 27 60 3
19 28 28 28 4
29 29 29 30 3
30 30 30 53 3
31 31 31 64 3
23 32 32 32 4
33 33 33 34 3
34 34 34 57 3
35 35 35 68 3
36 36 36 63 3
37 37 37 38 3
38 38 38 97 3
39 39 39 72 3
40 40 40 67 3
41 41 41 42 3
42 42 42 101 3
43 43 43 76 3
44 44 44 71 3
45 45 45 46 3
46 46 46 105 3
47 47 47 80 3
39 48 48 48 4
49 49 49 50 3
50 50 50 73 3
51 51 51 84 3
43 52 52 52 4
53 53 53 54 3
54 54 54 77 3
55 55 55 88 3
47 56 56 56 4
57 57 57 58 3
58 58 58 81 3
59 59 59 92 3
51 60 60 60 4
61 61 61 62 3
62 62 62 85 3
63 63 63 96 3
55 64 64 64 4
65 65 65 66 3
66 66 66 89 3
67 67 67 100 3
59 68 68 68 4
69 69 69 70 3
70 70 70 93 3
71 71 71 104 3
72 72 72 99 3
73 73 73 74 3
25 74 74 74 4
0 75 75 75 4
76 76 76 103 3
77 77 77 78 3
29 78 78 78 4
4 79 79 79 4
80 80 80 107 3
81 81 81 82 3
33 82 82 82 4
8 83 83 83 4
75 84 84 84 4
85 85 85 86 3
1 86 86 86 4
12 87 87 87 4
79 88 88 88 4
89 89 89 90 3
5 90 90 90 4
16 91 91 91 4
83 92 92 92 4
93 93 93 94 3
9 94 94 94 4
20 95 95 95 4
87 96 96 96 4
97 97 97 98 3
13 98 98 98 4
24 99 99 99 4
91 100 100 100 4
101 101 101 102 3
17 102 102 102 4
28 103 103 103 4
95 104 104 104 4
105 105 105 106 3
21 106 106 106 4
32 107 107 107 4
0 0 0 1 5
1 1 1 16 5
2 2 2 7 5
3 3 3 14 5
4 4 4 5 5
5 5 5 20 5
6 6 6 11 5
7 7 7 18 5
8 8 8 9 5
9 9 9 12 5
3 10 10 10 6
11 11 11 22 5
12 12 12 13 5
13 13 13 28 5
14 14 14 19 5
15 15 15 26 5
16 16 16 17 5
17 17 17 32 5
18 18 18 23 5
19 19 19 30 5
20 20 20 21 5
21 21 21 24 5
15 22 22 22 6
23 23 23 34 5
24 24 24 25 5
4 25 25 25 6
26 26 26 31 5
2 27 27 27 6
28 28 28 29 5
8 29 29 29 6
30 30 30 35 5
6 31 31 31 6
32 32 32 33 5
0 33 33 33 6
27 34 34 34 6
10 35 35 35 6
36 36 36 37 5
37 37 37 52 5
38 38 38 43 5
39 39 39 50 5
40 40 40 41 5
41 41 41 56 5
42 42 42 47 5
43 43 43 54 5
44 44 44 45 5
45 45 45 48 5
39 46 46 46 6
47 47 47 58 5
48 48 48 49 5
49 49 49 64 5
50 50 50 55 5
51 51 51 62 5
52 52 52 53 5
53 53 53 68 5
54 54 54 59 5
55 55 55 66 5
56 56 56 57 5
57 57 57 60 5
51 58 58 58 6
59 59 59 70 5
60 60 60 61 5
40 61 61 61 6
62 62 62 67 5
38 63 63 63 6
64 64 64 65 5
44 65 65 65 6
66 66 66 71 5
42 67 67 67 6
68 68 68 69 5
36 69 69 69 6
63 70 70 70 6
46 71 71 71 6
72 72 72 73 5
73 73 73 88 5
74 74 74 79 5
75 75 75 86 5
76 76 76 77 5
77 77 77 92 5
78 78 78 83 5
79 79 79 90 5
80 80 80 81 5
81 81 81 84 5
75 82 82 82 6
83 83 83 94 5
84 84 84 85 5
85 85 85 100 5
86 86 86 91 5
87 87 87 98 5
88 88 88 89 5
89 89 89 104 5
90 90 90 95 5
91 91 91 102 5
92 92 92 93 5
93 93 93 96 5
87 94 94 94 6
95 95 95 106 5
96 96 96 97 5
76 97 97 97 6
98 98 98 103 5
74 99 99 99 6
100 100 100 101 5
80 101 101 101 6
102 102 102 107 5
78 103 103 103 6
104 104 104 105 5
72 105 105 105 6
99 106 106 106 6
82 107 107 107 6
0 0 0 33 5
0 1 1 1 6
2 2 2 27 5
3 3 3 10 5
4 4 4 25 5
4 5 5 5 6
6 6 6 31 5
2 7 7 7 6
8 8 8 29 5
8 9 9 9 6
10 10 10 35 5
6 11 11 11 6
9 12 12 12 6
12 13 13 13 6
3 14 14 14 6
15 15 15 22 5
1 16 16 16 6
16 17 17 17 6
7 18 18 18 6
14 19 19 19 6
5 20 20 20 6
20 21 21 21 6
11 22 22 22 6
18 23 23 23 6
21 24 24 24 6
24 25 25 25 6
15 26 26 26 6
27 27 27 34 5
13 28 28 28 6
28 29 29 29 6
19 30 30 30 6
26 31 31 31 6
17 32 32 32 6
32 33 33 33 6
23 34 34 34 6
30 35 35 35 6
36 36 36 69 5
36 37 37 37 6
38 38 38 63 5
39 39 39 46 5
40 40 40 61 5
40 41 41 41 6
42 42 42 67 5
38 43 43 43 6
44 44 44 65 5
44 45 45 45 6
46 46 46 71 5
42 47 47 47 6
45 48 48 48 6
48 49 49 49 6
39 50 50 50 6
51 51 51 58 5
37 52 52 52 6
52 53 53 53 6
43 54 54 54 6
50 55 55 55 6
41 56 56 56 6
56 57 57 57 6
47 58 58 58 6
54 59 59 59 6
57 60 60 60 6
60 61 61 61 6
51 62 62 62 6
63 63 63 70 5
49 64 64 64 6
64 65 65 65 6
55 66 66 66 6
62 67 67 67 6
53 68 68 68 6
68 69 69 69 6
59 70 70 70 6
66 71 71 71 6
72 72 72 105 5
72 73 73 73 6
74 74 74 99 5
75 75 75 82 5
76 76 76 97 5
76 77 77 77 6
78 78 78 103 5
74 79 79 79 6
80 80 80 101 5
80 81 81 81 6
82 82 82 107 5
78 83 83 83 6
81 84 84 84 6
84 85 85 85 6
75 86 86 86 6
87 87 87 94 5
73 88 88 88 6
88 89 89 89 6
79 90 90 90 6
86 91 91 91 6
77 92 92 92 6
92 93 93 93 6
83 94 94 94 6
90 95 95 95 6
93 96 96 96 6
96 97 97 97 6
87 98 98 98 6
99 99 99 106 5
85 100 100 100 6
100 101 101 101 6
91 102 102 102 6
98 103 103 103 6
89 104 104 104 6
104 105 105 105 6
95 106 106 106 6
102 107 107 107 6
0 0 0 25 7
1 1 1 4 7
2 2 2 31 7
2 3 3 3 8
4 4 4 29 7
5 5 5 8 7
6 6 6 35 7
6 7 7 7 8
8 8 8 33 7
0 9 9 9 8
10 10 10 27 7
10 11 11 11 8
1 12 12 12 8
13 13 13 16 7
7 14 14 14 8
14 15 15 15 8
5 16 16 16 8
17 17 17 20 7
11 18 18 18 8
18 19 19 19 8
9 20 20 20 8
12 21 21 21 8
3 22 22 22 8
22 23 23 23 8
13 24 24 24 8
25 25 25 28 7
19 26 26 26 8
26 27 27 27 8
17 28 28 28 8
29 29 29 32 7
23 30 30 30 8
30 31 31 31 8
21 32 32 32 8
24 33 33 33 8
15 34 34 34 8
34 35 35 35 8
36 36 36 61 7
37 37 37 40 7
38 38 38 67 7
38 39 39 39 8
40 40 40 65 7
41 41 41 44 7
42 42 42 71 7
42 43 43 43 8
44 44 44 69 7
36 45 45 45 8
46 46 46 63 7
46 47 47 47 8
37 48 48 48 8
49 49 49 52 7
43 50 50 50 8
50 51 51 51 8
41 52 52 52 8
53 53 53 56 7
47 54 54 54 8
54 55 55 55 8
45 56 56 56 8
48 57 57 57 8
39 58 58 58 8
58 59 59 59 8
49 60 60 60 8
61 61 61 64 7
55 62 62 62 8
62 63 63 63 8
53 64 64 64 8
65 65 65 68 7
59 66 66 66 8
66 67 67 67 8
57 68 68 68 8
60 69 69 69 8
51 70 70 70 8
70 71 71 71 8
72 72 72 97 7
73 73 73 76 7
74 74 74 103 7
74 75 75 75 8
76 76 76 101 7
77 77 77 80 7
78 78 78 107 7
78 79 79 79 8
80 80 80 105 7
72 81 81 81 8
82 82 82 99 7
82 83 83 83 8
73 84 84 84 8
85 85 85 88 7
79 86 86 86 8
86 87 87 87 8
77 88 88 88 8
89 89 89 92 7
83 90 90 90 8
90 91 91 91 8
81 92 92 92 8
84 93 93 93 8
75 94 94 94 8
94 95 95 95 8
85 96 96 96 8
97 97 97 100 7
91 98 98 98 8
98 99 99 99 8
89 100 100 100 8
101 101 101 104 7
95 102 102 102 8
102 103 103 103 8
93 104 104 104 8
96 105 105 105 8
87 106 106 106 8
106 107 107 107 8
0 0 0 9 7
1 1 1 12 7
2 2 2 3 7
3 3 3 22 7
1 4 4 4 8
5 5 5 16 7
6 6 6 7 7
7 7 7 14 7
5 8 8 8 8
9 9 9 20 7
10 10 10 11 7
11 11 11 18 7
12 12 12 21 7
13 13 13 24 7
14 14 14 15 7
15 15 15 34 7
13 16 16 16 8
17 17 17 28 7
18 18 18 19 7
19 19 19 26 7
17 20 20 20 8
21 21 21 32 7
22 22 22 23 7
23 23 23 30 7
24 24 24 33 7
0 25 25 25 8
26 26 26 27 7
10 27 27 27 8
25 28 28 28 8
4 29 29 29 8
30 30 30 31 7
2 31 31 31 8
29 32 32 32 8
8 33 33 33 8
34 34 34 35 7
6 35 35 35 8
36 36 36 45 7
37 37 37 48 7
38 38 38 39 7
39 39 39 58 7
37 40 40 40 8
41 41 41 52 7
42 42 42 43 7
43 43 43 50 7
41 44 44 44 8
45 45 45 56 7
46 46 46 47 7
47 47 47 54 7
48 48 48 57 7
49 49 49 60 7
50 50 50 51 7
51 51 51 70 7
49 52 52 52 8
53 53 53 64 7
54 54 54 55 7
55 55 55 62 7
53 56 56 56 8
57 57 57 68 7
58 58 58 59 7
59 59 59 66 7
60 60 60 69 7
36 61 61 61 8
62 62 62 63 7
46 63 63 63 8
61 64 64 64 8
40 65 65 65 8
66 66 66 67 7
38 67 67 67 8
65 68 68 68 8
44 69 69 69 8
70 70 70 71 7
42 71 71 71 8
72 72 72 81 7
73 73 73 84 7
74 74 74 75 7
75 75 75 94 7
73 76 76 76 8
77 77 77 88 7
78 78 78 79 7
79 79 79 86 7
77 80 80 80 8
81 81 81 92 7
82 82 82 83 7
83 83 83 90 7
84 84 84 93 7
85 85 85 96 7
86 86 86 87 7
87 87 87 106 7
85 88 88 88 8
89 89 89 100 7
90 90 90 91 7
91 91 91 98 7
89 92 92 92 8
93 93 93 104 7
94 94 94 95 7
95 95 95 102 7
96 96 96 105 7
72 97 97 97 8
98 98 98 99 7
82 99 99 99 8
97 100 100 100 8
76 101 101 101 8
102 102 102 103 7
74 103 103 103 8
101 104 104 104 8
80 105 105 105 8
106 106 106 107 7
78 107 107 107 8
0 0 0 2 9
1 1 1 7 9
2 2 2 40 9
3 3 3 37 9
4 4 4 6 9
5 5 5 11 9
6 6 6 44 9
7 7 7 41 9
8 8 8 10 9
3 9 9 9 10
10 10 10 36 9
11 11 11 45 9
12 12 12 14 9
13 13 13 19 9
14 14 14 52 9
15 15 15 49 9
16 16 16 18 9
17 17 17 23 9
18 18 18 56 9
19 19 19 53 9
20 20 20 22 9
15 21 21 21 10
22 22 22 48 9
23 23 23 57 9
24 24 24 26 9
25 25 25 31 9
26 26 26 64 9
27 27 27 61 9
28 28 28 30 9
29 29 29 35 9
30 30 30 68 9
31 31 31 65 9
32 32 32 34 9
27 33 33 33 10
34 34 34 60 9
35 35 35 69 9
36 36 36 38 9
37 37 37 43 9
38 38 38 76 9
39 39 39 73 9
40 40 40 42 9
41 41 41 47 9
42 42 42 80 9
43 43 43 77 9
44 44 44 46 9
39 45 45 45 10
46 46 46 72 9
47 47 47 81 9
48 48 48 50 9
49 49 49 55 9
50 50 50 88 9
51 51 51 85 9
52 52 52 54 9
53 53 53 59 9
54 54 54 92 9
55 55 55 89 9
56 56 56 58 9
51 57 57 57 10
58 58 58 84 9
59 59 59 93 9
60 60 60 62 9
61 61 61 67 9
62 62 62 100 9
63 63 63 97 9
64 64 64 66 9
65 65 65 71 9
66 66 66 104 9
67 67 67 101 9
68 68 68 70 9
63 69 69 69 10
70 70 70 96 9
71 71 71 105 9
72 72 72 74 9
73 73 73 79 9
4 74 74 74 10
1 75 75 75 10
76 76 76 78 9
77 77 77 83 9
8 78 78 78 10
5 79 79 79 10
80 80 80 82 9
75 81 81 81 10
0 82 82 82 10
9 83 83 83 10
84 84 84 86 9
85 85 85 91 9
16 86 86 86 10
13 87 87 87 10
88 88 88 90 9
89 89 89 95 9
20 90 90 90 10
17 91 91 91 10
92 92 92 94 9
87 93 93 93 10
12 94 94 94 10
21 95 95 95 10
96 96 96 98 9
97 97 97 103 9
28 98 98 98 10
25 99 99 99 10
100 100 100 102 9
101 101 101 107 9
32 102 102 102 10
29 103 103 103 10
104 104 104 106 9
99 105 105 105 10
24 106 106 106 10
33 107 107 107 10
0 0 0 82 9
1 1 1 75 9
0 2 2 2 10
3 3 3 9 9
4 4 4 74 9
5 5 5 79 9
4 6 6 6 10
1 7 7 7 10
8 8 8 78 9
9 9 9 83 9
8 10 10 10 10
5 11 11 11 10
12 12 12 94 9
13 13 13 87 9
12 14 14 14 10
15 15 15 21 9
16 16 16 86 9
17 17 17 91 9
16 18 18 18 10
13 19 19 19 10
20 20 20 90 9
21 21 21 95 9
20 22 22 22 10
17 23 23 23 10
24 24 24 106 9
25 25 25 99 9
24 26 26 26 10
27 27 27 33 9
28 28 28 98 9
29 29 29 103 9
28 30 30 30 10
25 31 31 31 10
32 32 32 102 9
33 33 33 107 9
32 34 34 34 10
29 35 35 35 10
10 36 36 36 10
3 37 37 37 10
36 38 38 38 10
39 39 39 45 9
2 40 40 40 10
7 41 41 41 10
40 42 42 42 10
37 43 43 43 10
6 44 44 44 10
11 45 45 45 10
44 46 46 46 10
41 47 47 47 10
22 48 48 48 10
15 49 49 49 10
48 50 50 50 10
51 51 51 57 9
14 52 52 52 10
19 53 53 53 10
52 54 54 54 10
49 55 55 55 10
18 56 56 56 10
23 57 57 57 10
56 58 58 58 10
53 59 59 59 10
34 60 60 60 10
27 61 61 61 10
60 62 62 62 10
63 63 63 69 9
26 64 64 64 10
31 65 65 65 10
64 66 66 66 10
61 67 67 67 10
30 68 68 68 10
35 69 69 69 10
68 70 70 70 10
65 71 71 71 10
46 72 72 72 10
39 73 73 73 10
72 74 74 74 10
75 75 75 81 9
38 76 76 76 10
43 77 77 77 10
76 78 78 78 10
73 79 79 79 10
42 80 80 80 10
47 81 81 81 10
80 82 82 82 10
77 83 83 83 10
58 84 84 84 10
51 85 85 85 10
84 86 86 86 10
87 87 87 93 9
50 88 88 88 10
55 89 89 89 10
88 90 90 90 10
85 91 91 91 10
54 92 92 92 10
59 93 93 93 10
92 94 94 94 10
89 95 95 95 10
70 96 96 96 10
63 97 97 97 10
96 98 98 98 10
99 99 99 105 9
62 100 100 100 10
67 101 101 101 10
100 102 102 102 10
97 103 103 103 10
66 104 104 104 10
71 105 105 105 10
104 106 106 106 10
101 107 107 107 10
0 0 0 10 11
1 1 1 3 11
2 2 2 36 11
3 3 3 45 11
2 4 4 4 12
5 5 5 7 11
6 6 6 40 11
7 7 7 37 11
6 8 8 8 12
9 9 9 11 11
10 10 10 44 11
11 11 11 41 11
12 12 12 22 11
13 13 13 15 11
14 14 14 48 11
15 15 15 57 11
14 16 16 16 12
17 17 17 19 11
18 18 18 52 11
19 19 19 49 11
18 20 20 20 12
21 21 21 23 11
22 22 22 56 11
23 23 23 53 11
24 24 24 34 11
25 25 25 27 11
26 26 26 60 11
27 27 27 69 11
26 28 28 28 12
29 29 29 31 11
30 30 30 64 11
31 31 31 61 11
30 32 32 32 12
33 33 33 35 11
34 34 34 68 11
35 35 35 65 11
36 36 36 46 11
37 37 37 39 11
38 38 38 72 11
39 39 39 81 11
38 40 40 40 12
41 41 41 43 11
42 42 42 76 11
43 43 43 73 11
42 44 44 44 12
45 45 45 47 11
46 46 46 80 11
47 47 47 77 11
48 48 48 58 11
49 49 49 51 11
50 50 50 84 11
51 51 51 93 11
50 52 52 52 12
53 53 53 55 11
54 54 54 88 11
55 55 55 85 11
54 56 56 56 12
57 57 57 59 11
58 58 58 92 11
59 59 59 89 11
60 60 60 70 11
61 61 61 63 11
62 62 62 96 11
63 63 63 105 11
62 64 64 64 12
65 65 65 67 11
66 66 66 100 11
67 67 67 97 11
66 68 68 68 12
69 69 69 71 11
70 70 70 104 11
71 71 71 101 11
72 72 72 82 11
73 73 73 75 11
0 74 74 74 12
9 75 75 75 12
74 76 76 76 12
77 77 77 79 11
4 78 78 78 12
1 79 79 79 12
78 80 80 80 12
81 81 81 83 11
8 82 82 82 12
5 83 83 83 12
84 84 84 94 11
85 85 85 87 11
12 86 86 86 12
21 87 87 87 12
86 88 88 88 12
89 89 89 91 11
16 90 90 90 12
13 91 91 91 12
90 92 92 92 12
93 93 93 95 11
20 94 94 94 12
17 95 95 95 12
96 96 96 106 11
97 97 97 99 11
24 98 98 98 12
33 99 99 99 12
98 100 100 100 12
101 101 101 103 11
28 102 102 102 12
25 103 103 103 12
102 104 104 104 12
105 105 105 107 11
32 106 106 106 12
29 107 107 107 12
0 0 0 74 11
1 1 1 79 11
2 2 2 4 11
1 3 3 3 12
4 4 4 78 11
5 5 5 83 11
6 6 6 8 11
5 7 7 7 12
8 8 8 82 11
9 9 9 75 11
0 10 10 10 12
9 11 11 11 12
12 12 12 86 11
13 13 13 91 11
14 14 14 16 11
13 15 15 15 12
16 16 16 90 11
17 17 17 95 11
18 18 18 20 11
17 19 19 19 12
20 20 20 94 11
21 21 21 87 11
12 22 22 22 12
21 23 23 23 12
24 24 24 98 11
25 25 25 103 11
26 26 26 28 11
25 27 27 27 12
28 28 28 102 11
29 29 29 107 11
30 30 30 32 11
29 31 31 31 12
32 32 32 106 11
33 33 33 99 11
24 34 34 34 12
33 35 35 35 12
2 36 36 36 12
7 37 37 37 12
38 38 38 40 11
37 39 39 39 12
6 40 40 40 12
11 41 41 41 12
42 42 42 44 11
41 43 43 43 12
10 44 44 44 12
3 45 45 45 12
36 46 46 46 12
45 47 47 47 12
14 48 48 48 12
19 49 49 49 12
50 50 50 52 11
49 51 51 51 12
18 52 52 52 12
23 53 53 53 12
54 54 54 56 11
53 55 55 55 12
22 56 56 56 12
15 57 57 57 12
48 58 58 58 12
57 59 59 59 12
26 60 60 60 12
31 61 61 61 12
62 62 62 64 11
61 63 63 63 12
30 64 64 64 12
35 65 65 65 12
66 66 66 68 11
65 67 67 67 12
34 68 68 68 12
27 69 69 69 12
60 70 70 70 12
69 71 71 71 12
38 72 72 72 12
43 73 73 73 12
74 74 74 76 11
73 75 75 75 12
42 76 76 76 12
47 77 77 77 12
78 78 78 80 11
77 79 79 79 12
46 80 80 80 12
39 81 81 81 12
72 82 82 82 12
81 83 83 83 12
50 84 84 84 12
55 85 85 85 12
86 86 86 88 11
85 87 87 87 12
54 88 88 88 12
59 89 89 89 12
90 90 90 92 11
89 91 91 91 12
58 92 92 92 12
51 93 93 93 12
84 94 94 94 12
93 95 95 95 12
62 96 96 96 12
67 97 97 97 12
98 98 98 100 11
97 99 99 99 12
66 100 100 100 12
71 101 101 101 12
102 102 102 104 11
101 103 103 103 12
70 104 104 104 12
63 105 105 105 12
96 106 106 106 12
105 107 107 107 12
0 0 3 3 13
1 1 14 14 13
2 2 37 37 13
3 3 48 48 13
4 4 7 7 13
5 5 18 18 13
6 6 41 41 13
7 7 52 52 13
8 8 11 11 13
9 9 22 22 13
10 10 45 45 13
11 11 56 56 13
12 12 15 15 13
13 13 26 26 13
14 14 49 49 13
15 15 60 60 13
16 16 19 19 13
17 17 30 30 13
18 18 53 53 13
19 19 64 64 13
20 20 23 23 13
21 21 34 34 13
22 22 57 57 13
23 23 68 68 13
24 24 27 27 13
2 2 25 25 13
26 26 61 61 13
27 27 36 36 13
28 28 31 31 13
6 6 29 29 13
30 30 65 65 13
31 31 40 40 13
32 32 35 35 13
10 10 33 33 13
34 34 69 69 13
35 35 44 44 13
36 36 39 39 13
37 37 50 50 13
38 38 73 73 13
39 39 84 84 13
40 40 43 43 13
41 41 54 54 13
42 42 77 77 13
43 43 88 88 13
44 44 47 47 13
45 45 58 58 13
46 46 81 81 13
47 47 92 92 13
48 48 51 51 13
49 49 62 62 13
50 50 85 85 13
51 51 96 96 13
52 52 55 55 13
53 53 66 66 13
54 54 89 89 13
55 55 100 100 13
56 56 59 59 13
57 57 70 70 13
58 58 93 93 13
59 59 104 104 13
60 60 63 63 13
38 38 61 61 13
62 62 97 97 13
63 63 72 72 13
64 64 67 67 13
42 42 65 65 13
66 66 101 101 13
67 67 76 76 13
68 68 71 71 13
46 46 69 69 13
70 70 105 105 13
71 71 80 80 13
72 72 75 75 13
73 73 86 86 13
1 1 74 74 13
12 12 75 75 13
76 76 79 79 13
77 77 90 90 13
5 5 78 78 13
16 16 79 79 13
80 80 83 83 13
81 81 94 94 13
9 9 82 82 13
20 20 83 83 13
84 84 87 87 13
85 85 98 98 13
13 13 86 86 13
24 24 87 87 13
88 88 91 91 13
89 89 102 102 13
17 17 90 90 13
28 28 91 91 13
92 92 95 95 13
93 93 106 106 13
21 21 94 94 13
32 32 95 95 13
96 96 99 99 13
74 74 97 97 13
25 25 98 98 13
0 0 99 99 13
100 100 103 103 13
78 78 101 101 13
29 29 102 102 13
4 4 103 103 13
104 104 107 107 13
82 82 105 105 13
33 33 106 106 13
8 8 107 107 13
0 0 75 75 14
1 1 86 86 14
1 1 2 2 14
3 3 12 12 14
4 4 79 79 14
5 5 90 90 14
5 5 6 6 14
7 7 16 16 14
8 8 83 83 14
9 9 94 94 14
9 9 10 10 14
11 11 20 20 14
12 12 87 87 14
13 13 98 98 14
13 13 14 14 14
15 15 24 24 14
16 16 91 91 14
17 17 102 102 14
17 17 18 18 14
19 19 28 28 14
20 20 95 95 14
21 21 106 106 14
21 21 22 22 14
23 23 32 32 14
24 24 99 99 14
25 25 74 74 14
25 25 26 26 14
0 0 27 27 14
28 28 103 103 14
29 29 78 78 14
29 29 30 30 14
4 4 31 31 14
32 32 107 107 14
33 33 82 82 14
33 33 34 34 14
8 8 35 35 14
3 3 36 36 14
14 14 37 37 14
37 37 38 38 14
39 39 48 48 14
7 7 40 40 14
18 18 41 41 14
41 41 42 42 14
43 43 52 52 14
11 11 44 44 14
22 22 45 45 14
45 45 46 46 14
47 47 56 56 14
15 15 48 48 14
26 26 49 49 14
49 49 50 50 14
51 51 60 60 14
19 19 52 52 14
30 30 53 53 14
53 53 54 54 14
55 55 64 64 14
23 23 56 56 14
34 34 57 57 14
57 57 58 58 14
59 59 68 68 14
27 27 60 60 14
2 2 61 61 14
61 61 62 62 14
36 36 63 63 14
31 31 64 64 14
6 6 65 65 14
65 65 66 66 14
40 40 67 67 14
35 35 68 68 14
10 10 69 69 14
69 69 70 70 14
44 44 71 71 14
39 39 72 72 14
50 50 73 73 14
73 73 74 74 14
75 75 84 84 14
43 43 76 76 14
54 54 77 77 14
77 77 78 78 14
79 79 88 88 14
47 47 80 80 14
58 58 81 81 14
81 81 82 82 14
83 83 92 92 14
51 51 84 84 14
62 62 85 85 14
85 85 86 86 14
87 87 96 96 14
55 55 88 88 14
66 66 89 89 14
89 89 90 90 14
91 91 100 100 14
59 59 92 92 14
70 70 93 93 14
93 93 94 94 14
95 95 104 104 14
63 63 96 96 14
38 38 97 97 14
97 97 98 98 14
72 72 99 99 14
67 67 100 100 14
42 42 101 101 14
101 101 102 102 14
76 76 103 103 14
71 71 104 104 14
46 46 105 105 14
105 105 106 106 14
80 80 107 107 14
0 0 1 1 15
1 1 16 16 15
2 2 7 7 15
3 3 14 14 15
4 4 5 5 15
5 5 20 20 15
6 6 11 11 15
7 7 18 18 15
8 8 9 9 15
9 9 12 12 15
3 3 10 10 15
11 11 22 22 15
12 12 13 13 15
13 13 28 28 15
14 14 19 19 15
15 15 26 26 15
16 16 17 17 15
17 17 32 32 15
18 18 23 23 15
19 19 30 30 15
20 20 21 21 15
21 21 24 24 15
15 15 22 22 15
23 23 34 34 15
24 24 25 25 15
4 4 25 25 15
26 26 31 31 15
2 2 27 27 15
28 28 29 29 15
8 8 29 29 15
30 30 35 35 15
6 6 31 31 15
32 32 33 33 15
0 0 33 33 15
27 27 34 34 15
10 10 35 35 15
36 36 37 37 15
37 37 52 52 15
38 38 43 43 15
39 39 50 50 15
40 40 41 41 15
41 41 56 56 15
42 42 47 47 15
43 43 54 54 15
44 44 45 45 15
45 45 48 48 15
39 39 46 46 15
47 47 58 58 15
48 48 49 49 15
49 49 64 64 15
50 50 55 55 15
51 51 62 62 15
52 52 53 53 15
53 53 68 68 15
54 54 59 59 15
55 55 66 66 15
56 56 57 57 15
57 57 60 60 15
51 51 58 58 15
59 59 70 70 15
60 60 61 61 15
40 40 61 61 15
62 62 67 67 15
38 38 63 63 15
64 64 65 65 15
44 44 65 65 15
66 66 71 71 15
42 42 67 67 15
68 68 69 69 15
36 36 69 69 15
63 63 70 70 15
46 46 71 71 15
72 72 73 73 15
73 73 88 88 15
74 74 79 79 15
75 75 86 86 15
76 76 77 77 15
77 77 92 92 15
78 78 83 83 15
79 79 90 90 15
80 80 81 81 15
81 81 84 84 15
75 75 82 82 15
83 83 94 94 15
84 84 85 85 15
85 85 100 100 15
86 86 91 91 15
87 87 98 98 15
88 88 89 89 15
89 89 104 104 15
90 90 95 95 15
91 91 102 102 15
92 92 93 93 15
93 93 96 96 15
87 87 94 94 15
95 95 106 106 15
96 96 97 97 15
76 76 97 97 15
98 98 103 103 15
74 74 99 99 15
100 100 101 101 15
80 80 101 101 15
102 102 107 107 15
78 78 103 103 15
104 104 105 105 15
72 72 105 105 15
99 99 106 106 15
82 82 107 107 15
0 0 25 25 16
1 1 4 4 16
2 2 31 31 16
2 2 3 3 16
4 4 29 29 16
5 5 8 8 16
6 6 35 35 16
6 6 7 7 16
8 8 33 33 16
0 0 9 9 16
10 10 27 27 16
10 10 11 11 16
1 1 12 12 16
13 13 16 16 16
7 7 14 14 16
14 14 15 15 16
5 5 16 16 16
17 17 20 20 16
11 11 18 18 16
18 18 19 19 16
9 9 20 20 16
12 12 21 21 16
3 3 22 22 16
22 22 23 23 16
13 13 24 24 16
25 25 28 28 16
19 19 26 26 16
26 26 27 27 16
17 17 28 28 16
29 29 32 32 16
23 23 30 30 16
30 30 31 31 16
21 21 32 32 16
24 24 33 33 16
15 15 34 34 16
34 34 35 35 16
36 36 61 61 16
37 37 40 40 16
38 38 67 67 16
38 38 39 39 16
40 40 65 65 16
41 41 44 44 16
42 42 71 71 16
42 42 43 43 16
44 44 69 69 16
36 36 45 45 16
46 46 63 63 16
46 46 47 47 16
37 37 48 48 16
49 49 52 52 16
43 43 50 50 16
50 50 51 51 16
41 41 52 52 16
53 53 56 56 16
47 47 54 54 16
54 54 55 55 16
45 45 56 56 16
48 48 57 57 16
39 39 58 58 16
58 58 59 59 16
49 49 60 60 16
61 61 64 64 16
55 55 62 62 16
62 62 63 63 16
53 53 64 64 16
65 65 68 68 16
59 59 66 66 16
66 66 67 67 16
57 57 68 68 16
60 60 69 69 16
51 51 70 70 16
70 70 71 71 16
72 72 97 97 16
73 73 76 76 16
74 74 103 103 16
74 74 75 75 16
76 76 101 101 16
77 77 80 80 16
78 78 107 107 16
78 78 79 79 16
80 80 105 105 16
72 72 81 81 16
82 82 99 99 16
82 82 83 83 16
73 73 84 84 16
85 85 88 88 16
79 79 86 86 16
86 86 87 87 16
77 77 88 88 16
89 89 92 92 16
83 83 90 90 16
90 90 91 91 16
81 81 92 92 16
84 84 93 93 16
75 75 94 94 16
94 94 95 95 16
85 85 96 96 16
97 97 100 100 16
91 91 98 98 16
98 98 99 99 16
89 89 100 100 16
101 101 104 104 16
95 95 102 102 16
102 102 103 103 16
93 93 104 104 16
96 96 105 105 16
87 87 106 106 16
106 106 107 107 16
0 0 2 2 17
1 1 7 7 17
2 2 40 40 17
3 3 37 37 17
4 4 6 6 17
5 5 11 11 17
6 6 44 44 17
7 7 41 41 17
8 8 10 10 17
3 3 9 9 17
10 10 36 36 17
11 11 45 45 17
12 12 14 14 17
13 13 19 19 17
14 14 52 52 17
15 15 49 49 17
16 16 18 18 17
17 17 23 23 17
18 18 56 56 17
19 19 53 53 17
20 20 22 22 17
15 15 21 21 17
22 22 48 48 17
23 23 57 57 17
24 24 26 26 17
25 25 31 31 17
26 26 64 64 17
27 27 61 61 17
28 28 30 30 17
29 29 35 35 17
30 30 68 68 17
31 31 65 65 17
32 32 34 34 17
27 27 33 33 17
34 34 60 60 17
35 35 69 69 17
36 36 38 38 17
37 37 43 43 17
38 38 76 76 17
39 39 73 73 17
40 40 42 42 17
41 41 47 47 17
42 42 80 80 17
43 43 77 77 17
44 44 46 46 17
39 39 45 45 17
46 46 72 72 17
47 47 81 81 17
48 48 50 50 17
49 49 55 55 17
50 50 88 88 17
51 51 85 85 17
52 52 54 54 17
53 53 59 59 17
54 54 92 92 17
55 55 89 89 17
56 56 58 58 17
51 51 57 57 17
58 58 84 84 17
59 59 93 93 17
60 60 62 62 17
61 61 67 67 17
62 62 100 100 17
63 63 97 97 17
64 64 66 66 17
65 65 71 71 17
66 66 104 104 17
67 67 101 101 17
68 68 70 70 17
63 63 69 69 17
70 70 96 96 17
71 71 105 105 17
72 72 74 74 17
73 73 79 79 17
4 4 74 74 17
1 1 75 75 17
76 76 78 78 17
77 77 83 83 17
8 8 78 78 17
5 5 79 79 17
80 80 82 82 17
75 75 81 81 17
0 0 82 82 17
9 9 83 83 17
84 84 86 86 17
85 85 91 91 17
16 16 86 86 17
13 13 87 87 17
88 88 90 90 17
89 89 95 95 17
20 20 90 90 17
17 17 91 91 17
92 92 94 94 17
87 87 93 93 17
12 12 94 94 17
21 21 95 95 17
96 96 98 98 17
97 97 103 103 17
28 28 98 98 17
25 25 99 99 17
100 100 102 102 17
101 101 107 107 17
32 32 102 102 17
29 29 103 103 17
104 104 106 106 17
99 99 105 105 17
24 24 106 106 17
33 33 107 107 17
0 0 10 10 18
1 1 3 3 18
2 2 36 36 18
3 3 45 45 18
2 2 4 4 18
5 5 7 7 18
6 6 40 40 18
7 7 37 37 18
6 6 8 8 18
9 9 11 11 18
10 10 44 44 18
11 11 41 41 18
12 12 22 22 18
13 13 15 15 18
14 14 48 48 18
15 15 57 57 18
14 14 16 16 18
17 17 19 19 18
18 18 52 52 18
19 19 49 49 18
18 18 20 20 18
21 21 23 23 18
22 22 56 56 18
23 23 53 53 18
24 24 34 34 18
25 25 27 27 18
26 26 60 60 18
27 27 69 69 18
26 26 28 28 18
29 29 31 31 18
30 30 64 64 18
31 31 61 61 18
30 30 32 32 18
33 33 35 35 18
34 34 68 68 18
35 35 65 65 18
36 36 46 46 18
37 37 39 39 18
38 38 72 72 18
39 39 81 81 18
38 38 40 40 18
41 41 43 43 18
42 42 76 76 18
43 43 73 73 18
42 42 44 44 18
45 45 47 47 18
46 46 80 80 18
47 47 77 77 18
48 48 58 58 18
49 49 51 51 18
50 50 84 84 18
51 51 93 93 18
50 50 52 52 18
53 53 55 55 18
54 54 88 88 18
55 55 85 85 18
54 54 56 56 18
57 57 59 59 18
58 58 92 92 18
59 59 89 89 18
60 60 70 70 18
61 61 63 63 18
62 62 96 96 18
63 63 105 105 18
62 62 64 64 18
65 65 67 67 18
66 66 100 100 18
67 67 97 97 18
66 66 68 68 18
69 69 71 71 18
70 70 104 104 18
71 71 101 101 18
72 72 82 82 18
73 73 75 75 18
0 0 74 74 18
9 9 75 75 18
74 74 76 76 18
77 77 79 79 18
4 4 78 78 18
1 1 79 79 18
78 78 80 80 18
81 81 83 83 18
8 8 82 82 18
5 5 83 83 18
84 84 94 94 18
85 85 87 87 18
12 12 86 86 18
21 21 87 87 18
86 86 88 88 18
89 89 91 91 18
16 16 90 90 18
13 13 91 91 18
90 90 92 92 18
93 93 95 95 18
20 20 94 94 18
17 17 95 95 18
96 96 106 106 18
97 97 99 99 18
24 24 98 98 18
33 33 99 99 18
98 98 100 100 18
101 101 103 103 18
28 28 102 102 18
25 25 103 103 18
102 102 104 104 18
105 105 107 107 18
32 32 106 106 18
29 29 107 107 18
0 0 2 3 19
1 1 7 14 19
2 2 37 40 20
3 3 37 48 19
4 4 6 7 19
5 5 11 18 19
6 6 41 44 20
7 7 41 52 19
8 8 10 11 19
3 9 9 22 21
10 10 36 45 19
11 11 45 56 19
12 12 14 15 19
13 13 19 26 19
14 14 49 52 20
15 15 49 60 19
16 16 18 19 19
17 17 23 30 19
18 18 53 56 20
19 19 53 64 19
20 20 22 23 19
15 21 21 34 21
22 22 48 57 19
23 23 57 68 19
24 24 26 27 19
2 25 25 31 22
26 26 61 64 20
27 27 36 61 20
28 28 30 31 19
6 29 29 35 22
30 30 65 68 20
31 31 40 65 20
32 32 34 35 19
10 27 33 33 23
34 34 60 69 19
35 35 44 69 20
36 36 38 39 19
37 37 43 50 19
38 38 73 76 20
39 39 73 84 19
40 40 42 43 19
41 41 47 54 19
42 42 77 80 20
43 43 77 88 19
44 44 46 47 19
39 45 45 58 21
46 46 72 81 19
47 47 81 92 19
48 48 50 51 19
49 49 55 62 19
50 50 85 88 20
51 51 85 96 19
52 52 54 55 19
53 53 59 66 19
54 54 89 92 20
55 55 89 100 19
56 56 58 59 19
51 57 57 70 21
58 58 84 93 19
59 59 93 104 19
60 60 62 63 19
38 61 61 67 22
62 62 97 100 20
63 63 72 97 20
64 64 66 67 19
42 65 65 71 22
66 66 101 104 20
67 67 76 101 20
68 68 70 71 19
46 63 69 69 23
70 70 96 105 19
71 71 80 105 20
72 72 74 75 19
73 73 79 86 19
1 4 74 74 23
1 12 75 75 24
76 76 78 79 19
77 77 83 90 19
5 8 78 78 23
5 16 79 79 24
80 80 82 83 19
75 81 81 94 21
0 9 82 82 24
9 20 83 83 24
84 84 86 87 19
85 85 91 98 19
13 16 86 86 23
13 24 87 87 24
88 88 90 91 19
89 89 95 102 19
17 20 90 90 23
17 28 91 91 24
92 92 94 95 19
87 93 93 106 21
12 21 94 94 24
21 32 95 95 24
96 96 98 99 19
74 97 97 103 22
25 28 98 98 23
0 25 99 99 23
100 100 102 103 19
78 101 101 107 22
29 32 102 102 23
4 29 103 103 23
104 104 106 107 19
82 99 105 105 23
24 33 106 106 24
8 33 107 107 23
0 0 82 99 19
1 1 74 75 20
0 2 2 25 21
0 3 3 9 22
4 4 74 103 19
5 5 78 79 20
4 6 6 29 21
1 4 7 7 24
8 8 78 107 19
9 9 82 83 20
8 10 10 33 21
5 8 11 11 24
12 12 75 94 20
13 13 86 87 20
1 12 14 14 23
12 15 15 21 22
16 16 79 86 20
17 17 90 91 20
5 16 18 18 23
13 16 19 19 24
20 20 83 90 20
21 21 94 95 20
9 20 22 22 23
17 20 23 23 24
24 24 87 106 20
25 25 98 99 20
13 24 26 26 23
24 27 27 33 22
28 28 91 98 20
29 29 102 103 20
17 28 30 30 23
25 28 31 31 24
32 32 95 102 20
33 33 106 107 20
21 32 34 34 23
29 32 35 35 24
10 27 36 36 24
2 3 37 37 23
36 38 38 61 21
36 39 39 45 22
2 31 40 40 24
6 7 41 41 23
40 42 42 65 21
37 40 43 43 24
6 35 44 44 24
10 11 45 45 23
44 46 46 69 21
41 44 47 47 24
3 22 48 48 23
14 15 49 49 23
37 48 50 50 23
48 51 51 57 22
7 14 52 52 23
18 19 53 53 23
41 52 54 54 23
49 52 55 55 24
11 18 56 56 23
22 23 57 57 23
45 56 58 58 23
53 56 59 59 24
15 34 60 60 23
26 27 61 61 23
49 60 62 62 23
60 63 63 69 22
19 26 64 64 23
30 31 65 65 23
53 64 66 66 23
61 64 67 67 24
23 30 68 68 23
34 35 69 69 23
57 68 70 70 23
65 68 71 71 24
46 63 72 72 24
38 39 73 73 23
72 74 74 97 21
72 75 75 81 22
38 67 76 76 24
42 43 77 77 23
76 78 78 101 21
73 76 79 79 24
42 71 80 80 24
46 47 81 81 23
80 82 82 105 21
77 80 83 83 24
39 58 84 84 23
50 51 85 85 23
73 84 86 86 23
84 87 87 93 22
43 50 88 88 23
54 55 89 89 23
77 88 90 90 23
85 88 91 91 24
47 54 92 92 23
58 59 93 93 23
81 92 94 94 23
89 92 95 95 24
51 70 96 96 23
62 63 97 97 23
85 96 98 98 23
96 99 99 105 22
55 62 100 100 23
66 67 101 101 23
89 100 102 102 23
97 100 103 103 24
59 66 104 104 23
70 71 105 105 23
93 104 106 106 23
101 104 107 107 24
0 0 1 75 25
1 1 16 86 25
1 2 2 7 26
3 3 12 14 27
4 4 5 79 25
5 5 20 90 25
5 6 6 11 26
7 7 16 18 27
8 8 9 83 25
9 9 12 94 25
3 9 10 10 28
11 11 20 22 27
12 12 13 87 25
13 13 28 98 25
13 14 14 19 26
15 15 24 26 27
16 16 17 91 25
17 17 32 102 25
17 18 18 23 26
19 19 28 30 27
20 20 21 95 25
21 21 24 106 25
15 21 22 22 28
23 23 32 34 27
24 24 25 99 25
4 25 25 74 29
25 26 26 31 26
0 2 27 27 30
28 28 29 103 25
8 29 29 78 29
29 30 30 35 26
4 6 31 31 30
32 32 33 107 25
0 33 33 82 29
27 33 34 34 28
8 10 35 35 30
3 36 36 37 26
14 37 37 52 26
37 38 38 43 26
39 39 48 50 27
7 40 40 41 26
18 41 41 56 26
41 42 42 47 26
43 43 52 54 27
11 44 44 45 26
22 45 45 48 26
39 45 46 46 28
47 47 56 58 27
15 48 48 49 26
26 49 49 64 26
49 50 50 55 26
51 51 60 62 27
19 52 52 53 26
30 53 53 68 26
53 54 54 59 26
55 55 64 66 27
23 56 56 57 26
34 57 57 60 26
51 57 58 58 28
59 59 68 70 27
27 60 60 61 26
2 40 61 61 30
61 62 62 67 26
36 38 63 63 30
31 64 64 65 26
6 44 65 65 30
65 66 66 71 26
40 42 67 67 30
35 68 68 69 26
10 36 69 69 30
63 69 70 70 28
44 46 71 71 30
39 72 72 73 26
50 73 73 88 26
73 74 74 79 26
75 75 84 86 27
43 76 76 77 26
54 77 77 92 26
77 78 78 83 26
79 79 88 90 27
47 80 80 81 26
58 81 81 84 26
75 81 82 82 28
83 83 92 94 27
51 84 84 85 26
62 85 85 100 26
85 86 86 91 26
87 87 96 98 27
55 88 88 89 26
66 89 89 104 26
89 90 90 95 26
91 91 100 102 27
59 92 92 93 26
70 93 93 96 26
87 93 94 94 28
95 95 104 106 27
63 96 96 97 26
38 76 97 97 30
97 98 98 103 26
72 74 99 99 30
67 100 100 101 26
42 80 101 101 30
101 102 102 107 26
76 78 103 103 30
71 104 104 105 26
46 72 105 105 30
99 105 106 106 28
80 82 107 107 30
0 0 27 33 27
0 1 1 2 29
2 2 27 61 25
3 3 10 36 25
4 4 25 31 25
4 5 5 6 29
6 6 31 65 25
2 7 7 40 29
8 8 29 35 25
8 9 9 10 29
10 10 35 69 25
6 11 11 44 29
3 9 12 12 30
12 13 13 14 29
3 14 14 37 29
15 15 22 48 25
1 7 16 16 28
16 17 17 18 29
7 18 18 41 29
14 19 19 52 29
5 11 20 20 28
20 21 21 22 29
11 22 22 45 29
18 23 23 56 29
15 21 24 24 30
24 25 25 26 29
15 26 26 49 29
27 27 34 60 25
13 19 28 28 28
28 29 29 30 29
19 30 30 53 29
26 31 31 64 29
17 23 32 32 28
32 33 33 34 29
23 34 34 57 29
30 35 35 68 29
36 36 63 69 27
36 37 37 38 29
38 38 63 97 25
39 39 46 72 25
40 40 61 67 25
40 41 41 42 29
42 42 67 101 25
38 43 43 76 29
44 44 65 71 25
44 45 45 46 29
46 46 71 105 25
42 47 47 80 29
39 45 48 48 30
48 49 49 50 29
39 50 50 73 29
51 51 58 84 25
37 43 52 52 28
52 53 53 54 29
43 54 54 77 29
50 55 55 88 29
41 47 56 56 28
56 57 57 58 29
47 58 58 81 29
54 59 59 92 29
51 57 60 60 30
60 61 61 62 29
51 62 62 85 29
63 63 70 96 25
49 55 64 64 28
64 65 65 66 29
55 66 66 89 29
62 67 67 100 29
53 59 68 68 28
68 69 69 70 29
59 70 70 93 29
66 71 71 104 29
72 72 99 105 27
72 73 73 74 29
25 74 74 99 26
0 75 75 82 26
76 76 97 103 25
76 77 77 78 29
29 78 78 103 26
4 74 79 79 30
80 80 101 107 25
80 81 81 82 29
33 82 82 107 26
8 78 83 83 30
75 81 84 84 30
84 85 85 86 29
1 75 86 86 30
12 87 87 94 26
73 79 88 88 28
88 89 89 90 29
5 79 90 90 30
16 86 91 91 30
77 83 92 92 28
92 93 93 94 29
9 83 94 94 30
20 90 95 95 30
87 93 96 96 30
96 97 97 98 29
13 87 98 98 30
24 99 99 106 26
85 91 100 100 28
100 101 101 102 29
17 91 102 102 30
28 98 103 103 30
89 95 104 104 28
104 105 105 106 29
21 95 106 106 30
32 102 107 107 30
0 0 74 99 31
1 1 74 79 32
2 2 4 25 31
0 1 3 3 33
4 4 78 103 31
5 5 78 83 32
6 6 8 29 31
4 5 7 7 33
8 8 82 107 31
9 9 75 82 31
0 10 10 33 34
8 9 11 11 33
12 12 75 86 32
13 13 86 91 32
1 14 14 16 35
12 13 15 15 33
16 16 79 90 32
17 17 90 95 32
5 18 18 20 35
16 17 19 19 33
20 20 83 94 32
21 21 87 94 31
9 12 22 22 33
20 21 23 23 33
24 24 87 98 32
25 25 98 103 32
13 26 26 28 35
24 25 27 27 33
28 28 91 102 32
29 29 102 107 32
17 30 30 32 35
28 29 31 31 33
32 32 95 106 32
33 33 99 106 31
21 24 34 34 33
32 33 35 35 33
2 27 36 36 36
2 7 37 37 33
38 38 40 61 31
36 37 39 39 33
6 31 40 40 36
6 11 41 41 33
42 42 44 65 31
40 41 43 43 33
10 35 44 44 36
3 10 45 45 36
36 46 46 69 34
44 45 47 47 33
3 14 48 48 33
14 19 49 49 33
37 50 50 52 35
48 49 51 51 33
7 18 52 52 33
18 23 53 53 33
41 54 54 56 35
52 53 55 55 33
11 22 56 56 33
15 22 57 57 36
45 48 58 58 33
56 57 59 59 33
15 26 60 60 33
26 31 61 61 33
49 62 62 64 35
60 61 63 63 33
19 30 64 64 33
30 35 65 65 33
53 66 66 68 35
64 65 67 67 33
23 34 68 68 33
27 34 69 69 36
57 60 70 70 33
68 69 71 71 33
38 63 72 72 36
38 43 73 73 33
74 74 76 97 31
72 73 75 75 33
42 67 76 76 36
42 47 77 77 33
78 78 80 101 31
76 77 79 79 33
46 71 80 80 36
39 46 81 81 36
72 82 82 105 34
80 81 83 83 33
39 50 84 84 33
50 55 85 85 33
73 86 86 88 35
84 85 87 87 33
43 54 88 88 33
54 59 89 89 33
77 90 90 92 35
88 89 91 91 33
47 58 92 92 33
51 58 93 93 36
81 84 94 94 33
92 93 95 95 33
51 62 96 96 33
62 67 97 97 33
85 98 98 100 35
96 97 99 99 33
55 66 100 100 33
66 71 101 101 33
89 102 102 104 35
100 101 103 103 33
59 70 104 104 33
63 70 105 105 36
93 96 106 106 33
104 105 107 107 33
0 0 3 10 32
1 1 3 14 31
2 2 36 37 31
3 3 45 48 31
2 4 4 7 34
5 5 7 18 31
6 6 40 41 31
7 7 37 52 31
6 8 8 11 34
9 9 11 22 31
10 10 44 45 31
11 11 41 56 31
12 12 15 22 32
13 13 15 26 31
14 14 48 49 31
15 15 57 60 31
14 16 16 19 34
17 17 19 30 31
18 18 52 53 31
19 19 49 64 31
18 20 20 23 34
21 21 23 34 31
22 22 56 57 31
23 23 53 68 31
24 24 27 34 32
2 25 25 27 35
26 26 60 61 31
27 27 36 69 32
26 28 28 31 34
6 29 29 31 35
30 30 64 65 31
31 31 40 61 32
30 32 32 35 34
10 33 33 35 35
34 34 68 69 31
35 35 44 65 32
36 36 39 46 32
37 37 39 50 31
38 38 72 73 31
39 39 81 84 31
38 40 40 43 34
41 41 43 54 31
42 42 76 77 31
43 43 73 88 31
42 44 44 47 34
45 45 47 58 31
46 46 80 81 31
47 47 77 92 31
48 48 51 58 32
49 49 51 62 31
50 50 84 85 31
51 51 93 96 31
50 52 52 55 34
53 53 55 66 31
54 54 88 89 31
55 55 85 100 31
54 56 56 59 34
57 57 59 70 31
58 58 92 93 31
59 59 89 104 31
60 60 63 70 32
38 61 61 63 35
62 62 96 97 31
63 63 72 105 32
62 64 64 67 34
42 65 65 67 35
66 66 100 101 31
67 67 76 97 32
66 68 68 71 34
46 69 69 71 35
70 70 104 105 31
71 71 80 101 32
72 72 75 82 32
73 73 75 86 31
0 1 74 74 36
9 12 75 75 36
74 76 76 79 34
77 77 79 90 31
4 5 78 78 36
1 16 79 79 36
78 80 80 83 34
81 81 83 94 31
8 9 82 82 36
5 20 83 83 36
84 84 87 94 32
85 85 87 98 31
12 13 86 86 36
21 24 87 87 36
86 88 88 91 34
89 89 91 102 31
16 17 90 90 36
13 28 91 91 36
90 92 92 95 34
93 93 95 106 31
20 21 94 94 36
17 32 95 95 36
96 96 99 106 32
74 97 97 99 35
24 25 98 98 36
0 33 99 99 33
98 100 100 103 34
78 101 101 103 35
28 29 102 102 36
4 25 103 103 33
102 104 104 107 34
82 105 105 107 35
32 33 106 106 36
8 29 107 107 33
0 0 25 27 37
1 1 2 4 38
2 2 31 61 37
2 3 3 36 39
4 4 29 31 37
5 5 6 8 38
6 6 35 65 37
6 7 7 40 39
8 8 33 35 37
0 9 9 10 39
10 10 27 69 37
10 11 11 44 39
1 3 12 12 40
13 13 14 16 38
7 14 14 37 39
14 15 15 48 39
5 7 16 16 40
17 17 18 20 38
11 18 18 41 39
18 19 19 52 39
9 11 20 20 40
12 21 21 22 39
3 22 22 45 39
22 23 23 56 39
13 15 24 24 40
25 25 26 28 38
19 26 26 49 39
26 27 27 60 39
17 19 28 28 40
29 29 30 32 38
23 30 30 53 39
30 31 31 64 39
21 23 32 32 40
24 33 33 34 39
15 34 34 57 39
34 35 35 68 39
36 36 61 63 37
37 37 38 40 38
38 38 67 97 37
38 39 39 72 39
40 40 65 67 37
41 41 42 44 38
42 42 71 101 37
42 43 43 76 39
44 44 69 71 37
36 45 45 46 39
46 46 63 105 37
46 47 47 80 39
37 39 48 48 40
49 49 50 52 38
43 50 50 73 39
50 51 51 84 39
41 43 52 52 40
53 53 54 56 38
47 54 54 77 39
54 55 55 88 39
45 47 56 56 40
48 57 57 58 39
39 58 58 81 39
58 59 59 92 39
49 51 60 60 40
61 61 62 64 38
55 62 62 85 39
62 63 63 96 39
53 55 64 64 40
65 65 66 68 38
59 66 66 89 39
66 67 67 100 39
57 59 68 68 40
60 69 69 70 39
51 70 70 93 39
70 71 71 104 39
72 72 97 99 37
73 73 74 76 38
25 74 74 103 41
0 74 75 75 42
76 76 101 103 37
77 77 78 80 38
29 78 78 107 41
4 78 79 79 42
80 80 105 107 37
72 81 81 82 39
33 82 82 99 41
8 82 83 83 42
73 75 84 84 40
85 85 86 88 38
1 79 86 86 42
12 86 87 87 42
77 79 88 88 40
89 89 90 92 38
5 83 90 90 42
16 90 91 91 42
81 83 92 92 40
84 93 93 94 39
9 75 94 94 42
20 94 95 95 42
85 87 96 96 40
97 97 98 100 38
13 91 98 98 42
24 98 99 99 42
89 91 100 100 40
101 101 102 104 38
17 95 102 102 42
28 102 103 103 42
93 95 104 104 40
96 105 105 106 39
21 87 106 106 42
32 106 107 107 42
0 0 9 75 37
1 1 12 86 37
1 2 2 3 41
3 3 12 22 38
1 4 4 79 39
5 5 16 90 37
5 6 6 7 41
7 7 14 16 37
5 8 8 83 39
9 9 20 94 37
9 10 10 11 41
11 11 18 20 37
12 12 21 87 37
13 13 24 98 37
13 14 14 15 41
15 15 24 34 38
13 16 16 91 39
17 17 28 102 37
17 18 18 19 41
19 19 26 28 37
17 20 20 95 39
21 21 32 106 37
21 22 22 23 41
23 23 30 32 37
24 24 33 99 37
0 25 25 74 39
25 26 26 27 41
0 10 27 27 42
25 28 28 103 39
4 29 29 78 39
29 30 30 31 41
2 4 31 31 40
29 32 32 107 39
8 33 33 82 39
33 34 34 35 41
6 8 35 35 40
3 36 36 45 41
14 37 37 48 41
37 38 38 39 41
39 39 48 58 38
7 37 40 40 42
18 41 41 52 41
41 42 42 43 41
43 43 50 52 37
11 41 44 44 42
22 45 45 56 41
45 46 46 47 41
47 47 54 56 37
15 48 48 57 41
26 49 49 60 41
49 50 50 51 41
51 51 60 70 38
19 49 52 52 42
30 53 53 64 41
53 54 54 55 41
55 55 62 64 37
23 53 56 56 42
34 57 57 68 41
57 58 58 59 41
59 59 66 68 37
27 60 60 69 41
2 36 61 61 42
61 62 62 63 41
36 46 63 63 42
31 61 64 64 42
6 40 65 65 42
65 66 66 67 41
38 40 67 67 40
35 65 68 68 42
10 44 69 69 42
69 70 70 71 41
42 44 71 71 40
39 72 72 81 41
50 73 73 84 41
73 74 74 75 41
75 75 84 94 38
43 73 76 76 42
54 77 77 88 41
77 78 78 79 41
79 79 86 88 37
47 77 80 80 42
58 81 81 92 41
81 82 82 83 41
83 83 90 92 37
51 84 84 93 41
62 85 85 96 41
85 86 86 87 41
87 87 96 106 38
55 85 88 88 42
66 89 89 100 41
89 90 90 91 41
91 91 98 100 37
59 89 92 92 42
70 93 93 104 41
93 94 94 95 41
95 95 102 104 37
63 96 96 105 41
38 72 97 97 42
97 98 98 99 41
72 82 99 99 42
67 97 100 100 42
42 76 101 101 42
101 102 102 103 41
74 76 103 103 40
71 101 104 104 42
46 80 105 105 42
105 106 106 107 41
78 80 107 107 40
0 0 10 27 43
1 1 2 3 44
2 2 36 61 43
3 3 36 45 44
2 4 4 31 45
5 5 6 7 44
6 6 40 65 43
7 7 37 40 43
6 8 8 35 45
9 9 10 11 44
10 10 44 69 43
11 11 41 44 43
3 12 12 22 46
13 13 14 15 44
14 14 37 48 44
15 15 48 57 44
7 14 16 16 47
17 17 18 19 44
18 18 41 52 44
19 19 49 52 43
11 18 20 20 47
21 21 22 23 44
22 22 45 56 44
23 23 53 56 43
15 24 24 34 46
25 25 26 27 44
26 26 49 60 44
27 27 60 69 44
19 26 28 28 47
29 29 30 31 44
30 30 53 64 44
31 31 61 64 43
23 30 32 32 47
33 33 34 35 44
34 34 57 68 44
35 35 65 68 43
36 36 46 63 43
37 37 38 39 44
38 38 72 97 43
39 39 72 81 44
38 40 40 67 45
41 41 42 43 44
42 42 76 101 43
43 43 73 76 43
42 44 44 71 45
45 45 46 47 44
46 46 80 105 43
47 47 77 80 43
39 48 48 58 46
49 49 50 51 44
50 50 73 84 44
51 51 84 93 44
43 50 52 52 47
53 53 54 55 44
54 54 77 88 44
55 55 85 88 43
47 54 56 56 47
57 57 58 59 44
58 58 81 92 44
59 59 89 92 43
51 60 60 70 46
61 61 62 63 44
62 62 85 96 44
63 63 96 105 44
55 62 64 64 47
65 65 66 67 44
66 66 89 100 44
67 67 97 100 43
59 66 68 68 47
69 69 70 71 44
70 70 93 104 44
71 71 101 104 43
72 72 82 99 43
73 73 74 75 44
0 25 74 74 48
0 9 75 75 47
74 76 76 103 45
77 77 78 79 44
4 29 78 78 48
1 4 79 79 48
78 80 80 107 45
81 81 82 83 44
8 33 82 82 48
5 8 83 83 48
75 84 84 94 46
85 85 86 87 44
1 12 86 86 47
12 21 87 87 47
79 86 88 88 47
89 89 90 91 44
5 16 90 90 47
13 16 91 91 48
83 90 92 92 47
93 93 94 95 44
9 20 94 94 47
17 20 95 95 48
87 96 96 106 46
97 97 98 99 44
13 24 98 98 47
24 33 99 99 47
91 98 100 100 47
101 101 102 103 44
17 28 102 102 47
25 28 103 103 48
95 102 104 104 47
105 105 106 107 44
21 32 106 106 47
29 32 107 107 48
0 0 74 75 43
1 1 79 86 43
1 2 2 4 46
1 3 3 12 45
4 4 78 79 43
5 5 83 90 43
5 6 6 8 46
5 7 7 16 45
8 8 82 83 43
9 9 75 94 43
0 9 10 10 48
9 11 11 20 45
12 12 86 87 43
13 13 91 98 43
13 14 14 16 46
13 15 15 24 45
16 16 90 91 43
17 17 95 102 43
17 18 18 20 46
17 19 19 28 45
20 20 94 95 43
21 21 87 106 43
12 21 22 22 48
21 23 23 32 45
24 24 98 99 43
25 25 74 103 44
25 26 26 28 46
0 25 27 27 47
28 28 102 103 43
29 29 78 107 44
29 30 30 32 46
4 29 31 31 47
32 32 106 107 43
33 33 82 99 44
24 33 34 34 48
8 33 35 35 47
2 3 36 36 48
7 14 37 37 48
37 38 38 40 46
37 39 39 48 45
6 7 40 40 48
11 18 41 41 48
41 42 42 44 46
41 43 43 52 45
10 11 44 44 48
3 22 45 45 48
36 45 46 46 48
45 47 47 56 45
14 15 48 48 48
19 26 49 49 48
49 50 50 52 46
49 51 51 60 45
18 19 52 52 48
23 30 53 53 48
53 54 54 56 46
53 55 55 64 45
22 23 56 56 48
15 34 57 57 48
48 57 58 58 48
57 59 59 68 45
26 27 60 60 48
2 31 61 61 47
61 62 62 64 46
36 61 63 63 47
30 31 64 64 48
6 35 65 65 47
65 66 66 68 46
40 65 67 67 47
34 35 68 68 48
10 27 69 69 47
60 69 70 70 48
44 69 71 71 47
38 39 72 72 48
43 50 73 73 48
73 74 74 76 46
73 75 75 84 45
42 43 76 76 48
47 54 77 77 48
77 78 78 80 46
77 79 79 88 45
46 47 80 80 48
39 58 81 81 48
72 81 82 82 48
81 83 83 92 45
50 51 84 84 48
55 62 85 85 48
85 86 86 88 46
85 87 87 96 45
54 55 88 88 48
59 66 89 89 48
89 90 90 92 46
89 91 91 100 45
58 59 92 92 48
51 70 93 93 48
84 93 94 94 48
93 95 95 104 45
62 63 96 96 48
38 67 97 97 47
97 98 98 100 46
72 97 99 99 47
66 67 100 100 48
42 71 101 101 47
101 102 102 104 46
76 101 103 103 47
70 71 104 104 48
46 63 105 105 47
96 105 106 106 48
80 105 107 107 47
0 0 33 99 49
0 1 1 74 50
2 2 25 27 51
0 3 3 10 52
4 4 25 103 49
4 5 5 78 50
6 6 29 31 51
2 4 7 7 53
8 8 29 107 49
8 9 9 82 50
10 10 33 35 51
6 8 11 11 53
9 12 12 75 50
12 13 13 86 50
1 3 14 14 54
12 15 15 22 52
1 16 16 79 50
16 17 17 90 50
5 7 18 18 54
14 16 19 19 53
5 20 20 83 50
20 21 21 94 50
9 11 22 22 54
18 20 23 23 53
21 24 24 87 50
24 25 25 98 50
13 15 26 26 54
24 27 27 34 52
13 28 28 91 50
28 29 29 102 50
17 19 30 30 54
26 28 31 31 53
17 32 32 95 50
32 33 33 106 50
21 23 34 34 54
30 32 35 35 53
27 36 36 69 52
2 36 37 37 54
38 38 61 63 51
36 39 39 46 52
31 40 40 61 52
6 40 41 41 54
42 42 65 67 51
38 40 43 43 53
35 44 44 65 52
10 44 45 45 54
46 46 69 71 51
42 44 47 47 53
3 45 48 48 54
14 48 49 49 54
37 39 50 50 54
48 51 51 58 52
7 37 52 52 54
18 52 53 53 54
41 43 54 54 54
50 52 55 55 53
11 41 56 56 54
22 56 57 57 54
45 47 58 58 54
54 56 59 59 53
15 57 60 60 54
26 60 61 61 54
49 51 62 62 54
60 63 63 70 52
19 49 64 64 54
30 64 65 65 54
53 55 66 66 54
62 64 67 67 53
23 53 68 68 54
34 68 69 69 54
57 59 70 70 54
66 68 71 71 53
63 72 72 105 52
38 72 73 73 54
74 74 97 99 51
72 75 75 82 52
67 76 76 97 52
42 76 77 77 54
78 78 101 103 51
74 76 79 79 53
71 80 80 101 52
46 80 81 81 54
82 82 105 107 51
78 80 83 83 53
39 81 84 84 54
50 84 85 85 54
73 75 86 86 54
84 87 87 94 52
43 73 88 88 54
54 88 89 89 54
77 79 90 90 54
86 88 91 91 53
47 77 92 92 54
58 92 93 93 54
81 83 94 94 54
90 92 95 95 53
51 93 96 96 54
62 96 97 97 54
85 87 98 98 54
96 99 99 106 52
55 85 100 100 54
66 100 101 101 54
89 91 102 102 54
98 100 103 103 53
59 89 104 104 54
70 104 105 105 54
93 95 106 106 54
102 104 107 107 53
0 0 1 3 49
1 1 14 16 51
2 2 7 37 49
3 3 14 48 49
4 4 5 7 49
5 5 18 20 51
6 6 11 41 49
7 7 18 52 49
8 8 9 11 49
9 9 12 22 49
3 10 10 45 50
11 11 22 56 49
12 12 13 15 49
13 13 26 28 51
14 14 19 49 49
15 15 26 60 49
16 16 17 19 49
17 17 30 32 51
18 18 23 53 49
19 19 30 64 49
20 20 21 23 49
21 21 24 34 49
15 22 22 57 50
23 23 34 68 49
24 24 25 27 49
2 4 25 25 54
26 26 31 61 49
2 27 27 36 50
28 28 29 31 49
6 8 29 29 54
30 30 35 65 49
6 31 31 40 50
32 32 33 35 49
0 10 33 33 53
27 34 34 69 50
10 35 35 44 50
36 36 37 39 49
37 37 50 52 51
38 38 43 73 49
39 39 50 84 49
40 40 41 43 49
41 41 54 56 51
42 42 47 77 49
43 43 54 88 49
44 44 45 47 49
45 45 48 58 49
39 46 46 81 50
47 47 58 92 49
48 48 49 51 49
49 49 62 64 51
50 50 55 85 49
51 51 62 96 49
52 52 53 55 49
53 53 66 68 51
54 54 59 89 49
55 55 66 100 49
56 56 57 59 49
57 57 60 70 49
51 58 58 93 50
59 59 70 104 49
60 60 61 63 49
38 40 61 61 54
62 62 67 97 49
38 63 63 72 50
64 64 65 67 49
42 44 65 65 54
66 66 71 101 49
42 67 67 76 50
68 68 69 71 49
36 46 69 69 53
63 70 70 105 50
46 71 71 80 50
72 72 73 75 49
73 73 86 88 51
1 74 74 79 52
12 75 75 86 52
76 76 77 79 49
77 77 90 92 51
5 78 78 83 52
16 79 79 90 52
80 80 81 83 49
81 81 84 94 49
9 75 82 82 54
20 83 83 94 52
84 84 85 87 49
85 85 98 100 51
13 86 86 91 52
24 87 87 98 52
88 88 89 91 49
89 89 102 104 51
17 90 90 95 52
28 91 91 102 52
92 92 93 95 49
93 93 96 106 49
21 87 94 94 54
32 95 95 106 52
96 96 97 99 49
74 76 97 97 54
25 98 98 103 52
0 74 99 99 54
100 100 101 103 49
78 80 101 101 54
29 102 102 107 52
4 78 103 103 54
104 104 105 107 49
72 82 105 105 53
33 99 106 106 54
8 82 107 107 54
0 0 75 82 55
1 1 75 86 56
0 1 2 2 57
3 3 9 12 56
4 4 74 79 56
5 5 79 90 56
4 5 6 6 57
1 7 7 16 58
8 8 78 83 56
9 9 83 94 56
8 9 10 10 57
5 11 11 20 58
12 12 87 94 55
13 13 87 98 56
12 13 14 14 57
15 15 21 24 56
16 16 86 91 56
17 17 91 102 56
16 17 18 18 57
13 19 19 28 58
20 20 90 95 56
21 21 95 106 56
20 21 22 22 57
17 23 23 32 58
24 24 99 106 55
25 25 74 99 55
24 25 26 26 57
0 27 27 33 59
28 28 98 103 56
29 29 78 103 55
28 29 30 30 57
4 25 31 31 60
32 32 102 107 56
33 33 82 107 55
32 33 34 34 57
8 29 35 35 60
3 10 36 36 60
3 14 37 37 57
36 37 38 38 57
39 39 45 48 56
2 7 40 40 57
7 18 41 41 57
40 41 42 42 57
37 43 43 52 58
6 11 44 44 57
11 22 45 45 57
44 45 46 46 57
41 47 47 56 58
15 22 48 48 60
15 26 49 49 57
48 49 50 50 57
51 51 57 60 56
14 19 52 52 57
19 30 53 53 57
52 53 54 54 57
49 55 55 64 58
18 23 56 56 57
23 34 57 57 57
56 57 58 58 57
53 59 59 68 58
27 34 60 60 60
2 27 61 61 60
60 61 62 62 57
36 63 63 69 59
26 31 64 64 57
6 31 65 65 60
64 65 66 66 57
40 61 67 67 60
30 35 68 68 57
10 35 69 69 60
68 69 70 70 57
44 65 71 71 60
39 46 72 72 60
39 50 73 73 57
72 73 74 74 57
75 75 81 84 56
38 43 76 76 57
43 54 77 77 57
76 77 78 78 57
73 79 79 88 58
42 47 80 80 57
47 58 81 81 57
80 81 82 82 57
77 83 83 92 58
51 58 84 84 60
51 62 85 85 57
84 85 86 86 57
87 87 93 96 56
50 55 88 88 57
55 66 89 89 57
88 89 90 90 57
85 91 91 100 58
54 59 92 92 57
59 70 93 93 57
92 93 94 94 57
89 95 95 104 58
63 70 96 96 60
38 63 97 97 60
96 97 98 98 57
72 99 99 105 59
62 67 100 100 57
42 67 101 101 60
100 101 102 102 57
76 97 103 103 60
66 71 104 104 57
46 71 105 105 60
104 105 106 106 57
80 101 107 107 60
0 0 2 27 56
1 1 2 7 55
2 2 40 61 56
3 3 36 37 55
4 4 6 31 56
5 5 6 11 55
6 6 44 65 56
7 7 40 41 55
8 8 10 35 56
3 9 9 10 58
10 10 36 69 56
11 11 44 45 55
3 12 12 14 59
13 13 14 19 55
14 14 37 52 55
15 15 48 49 55
7 16 16 18 59
17 17 18 23 55
18 18 41 56 55
19 19 52 53 55
11 20 20 22 59
15 21 21 22 58
22 22 45 48 55
23 23 56 57 55
15 24 24 26 59
25 25 26 31 55
26 26 49 64 55
27 27 60 61 55
19 28 28 30 59
29 29 30 35 55
30 30 53 68 55
31 31 64 65 55
23 32 32 34 59
27 33 33 34 58
34 34 57 60 55
35 35 68 69 55
36 36 38 63 56
37 37 38 43 55
38 38 76 97 56
39 39 72 73 55
40 40 42 67 56
41 41 42 47 55
42 42 80 101 56
43 43 76 77 55
44 44 46 71 56
39 45 45 46 58
46 46 72 105 56
47 47 80 81 55
39 48 48 50 59
49 49 50 55 55
50 50 73 88 55
51 51 84 85 55
43 52 52 54 59
53 53 54 59 55
54 54 77 92 55
55 55 88 89 55
47 56 56 58 59
51 57 57 58 58
58 58 81 84 55
59 59 92 93 55
51 60 60 62 59
61 61 62 67 55
62 62 85 100 55
63 63 96 97 55
55 64 64 66 59
65 65 66 71 55
66 66 89 104 55
67 67 100 101 55
59 68 68 70 59
63 69 69 70 58
70 70 93 96 55
71 71 104 105 55
72 72 74 99 56
73 73 74 79 55
4 25 74 74 57
0 1 75 75 60
76 76 78 103 56
77 77 78 83 55
8 29 78 78 57
4 5 79 79 60
80 80 82 107 56
75 81 81 82 58
0 33 82 82 57
8 9 83 83 60
75 84 84 86 59
85 85 86 91 55
1 16 86 86 60
12 13 87 87 60
79 88 88 90 59
89 89 90 95 55
5 20 90 90 60
16 17 91 91 60
83 92 92 94 59
87 93 93 94 58
9 12 94 94 60
20 21 95 95 60
87 96 96 98 59
97 97 98 103 55
13 28 98 98 60
24 25 99 99 60
91 100 100 102 59
101 101 102 107 55
17 32 102 102 60
28 29 103 103 60
95 104 104 106 59
99 105 105 106 58
21 24 106 106 60
32 33 107 107 60
0 0 3 9 61
1 1 12 14 62
2 2 3 37 62
3 3 22 48 62
1 4 4 7 63
5 5 16 18 62
6 6 7 41 62
7 7 14 52 62
5 8 8 11 63
9 9 20 22 62
10 10 11 45 62
11 11 18 56 62
12 12 15 21 61
13 13 24 26 62
14 14 15 49 62
15 15 34 60 62
13 16 16 19 63
17 17 28 30 62
18 18 19 53 62
19 19 26 64 62
17 20 20 23 63
21 21 32 34 62
22 22 23 57 62
23 23 30 68 62
24 24 27 33 61
0 2 25 25 64
26 26 27 61 62
10 27 27 36 63
25 28 28 31 63
4 6 29 29 64
30 30 31 65 62
2 31 31 40 63
29 32 32 35 63
8 10 33 33 64
34 34 35 69 62
6 35 35 44 63
36 36 39 45 61
37 37 48 50 62
38 38 39 73 62
39 39 58 84 62
37 40 40 43 63
41 41 52 54 62
42 42 43 77 62
43 43 50 88 62
41 44 44 47 63
45 45 56 58 62
46 46 47 81 62
47 47 54 92 62
48 48 51 57 61
49 49 60 62 62
50 50 51 85 62
51 51 70 96 62
49 52 52 55 63
53 53 64 66 62
54 54 55 89 62
55 55 62 100 62
53 56 56 59 63
57 57 68 70 62
58 58 59 93 62
59 59 66 104 62
60 60 63 69 61
36 38 61 61 64
62 62 63 97 62
46 63 63 72 63
61 64 64 67 63
40 42 65 65 64
66 66 67 101 62
38 67 67 76 63
65 68 68 71 63
44 46 69 69 64
70 70 71 105 62
42 71 71 80 63
72 72 75 81 61
73 73 84 86 62
1 74 74 75 65
12 75 75 94 65
73 76 76 79 63
77 77 88 90 62
5 78 78 79 65
16 79 79 86 65
77 80 80 83 63
81 81 92 94 62
9 82 82 83 65
20 83 83 90 65
84 84 87 93 61
85 85 96 98 62
13 86 86 87 65
24 87 87 106 65
85 88 88 91 63
89 89 100 102 62
17 90 90 91 65
28 91 91 98 65
89 92 92 95 63
93 93 104 106 62
21 94 94 95 65
32 95 95 102 65
96 96 99 105 61
72 74 97 97 64
25 98 98 99 65
0 82 99 99 66
97 100 100 103 63
76 78 101 101 64
29 102 102 103 65
4 74 103 103 66
101 104 104 107 63
80 82 105 105 64
33 106 106 107 65
8 78 107 107 66
0 0 25 99 62
1 1 4 74 62
2 2 25 31 61
0 2 3 3 66
4 4 29 103 62
5 5 8 78 62
6 6 29 35 61
4 6 7 7 66
8 8 33 107 62
0 9 9 82 63
10 10 27 33 62
8 10 11 11 66
1 12 12 75 63
13 13 16 86 62
1 7 14 14 66
12 14 15 15 66
5 16 16 79 63
17 17 20 90 62
5 11 18 18 66
16 18 19 19 66
9 20 20 83 63
12 21 21 94 63
3 9 22 22 64
20 22 23 23 66
13 24 24 87 63
25 25 28 98 62
13 19 26 26 66
24 26 27 27 66
17 28 28 91 63
29 29 32 102 62
17 23 30 30 66
28 30 31 31 66
21 32 32 95 63
24 33 33 106 63
15 21 34 34 64
32 34 35 35 66
27 36 36 61 65
2 37 37 40 65
38 38 61 67 61
36 38 39 39 66
31 40 40 65 65
6 41 41 44 65
42 42 65 71 61
40 42 43 43 66
35 44 44 69 65
10 36 45 45 66
46 46 63 69 62
44 46 47 47 66
3 37 48 48 66
14 49 49 52 65
37 43 50 50 66
48 50 51 51 66
7 41 52 52 66
18 53 53 56 65
41 47 54 54 66
52 54 55 55 66
11 45 56 56 66
22 48 57 57 66
39 45 58 58 64
56 58 59 59 66
15 49 60 60 66
26 61 61 64 65
49 55 62 62 66
60 62 63 63 66
19 53 64 64 66
30 65 65 68 65
53 59 66 66 66
64 66 67 67 66
23 57 68 68 66
34 60 69 69 66
51 57 70 70 64
68 70 71 71 66
63 72 72 97 65
38 73 73 76 65
74 74 97 103 61
72 74 75 75 66
67 76 76 101 65
42 77 77 80 65
78 78 101 107 61
76 78 79 79 66
71 80 80 105 65
46 72 81 81 66
82 82 99 105 62
80 82 83 83 66
39 73 84 84 66
50 85 85 88 65
73 79 86 86 66
84 86 87 87 66
43 77 88 88 66
54 89 89 92 65
77 83 90 90 66
88 90 91 91 66
47 81 92 92 66
58 84 93 93 66
75 81 94 94 64
92 94 95 95 66
51 85 96 96 66
62 97 97 100 65
85 91 98 98 66
96 98 99 99 66
55 89 100 100 66
66 101 101 104 65
89 95 102 102 66
100 102 103 103 66
59 93 104 104 66
70 96 105 105 66
87 93 106 106 64
104 106 107 107 66
0 0 2 25 67
1 1 4 7 68
2 2 31 40 68
2 3 3 37 69
4 4 6 29 67
5 5 8 11 68
6 6 35 44 68
6 7 7 41 69
8 8 10 33 67
0 3 9 9 70
10 10 27 36 68
10 11 11 45 69
1 12 12 14 69
13 13 16 19 68
7 14 14 52 69
14 15 15 49 69
5 16 16 18 69
17 17 20 23 68
11 18 18 56 69
18 19 19 53 69
9 20 20 22 69
12 15 21 21 70
3 22 22 48 69
22 23 23 57 69
13 24 24 26 69
25 25 28 31 68
19 26 26 64 69
26 27 27 61 69
17 28 28 30 69
29 29 32 35 68
23 30 30 68 69
30 31 31 65 69
21 32 32 34 69
24 27 33 33 70
15 34 34 60 69
34 35 35 69 69
36 36 38 61 67
37 37 40 43 68
38 38 67 76 68
38 39 39 73 69
40 40 42 65 67
41 41 44 47 68
42 42 71 80 68
42 43 43 77 69
44 44 46 69 67
36 39 45 45 70
46 46 63 72 68
46 47 47 81 69
37 48 48 50 69
49 49 52 55 68
43 50 50 88 69
50 51 51 85 69
41 52 52 54 69
53 53 56 59 68
47 54 54 92 69
54 55 55 89 69
45 56 56 58 69
48 51 57 57 70
39 58 58 84 69
58 59 59 93 69
49 60 60 62 69
61 61 64 67 68
55 62 62 100 69
62 63 63 97 69
53 64 64 66 69
65 65 68 71 68
59 66 66 104 69
66 67 67 101 69
57 68 68 70 69
60 63 69 69 70
51 70 70 96 69
70 71 71 105 69
72 72 74 97 67
73 73 76 79 68
4 74 74 103 71
1 74 75 75 72
76 76 78 101 67
77 77 80 83 68
8 78 78 107 71
5 78 79 79 72
80 80 82 105 67
72 75 81 81 70
0 82 82 99 71
9 82 83 83 72
73 84 84 86 69
85 85 88 91 68
16 79 86 86 72
13 86 87 87 72
77 88 88 90 69
89 89 92 95 68
20 83 90 90 72
17 90 91 91 72
81 92 92 94 69
84 87 93 93 70
12 75 94 94 72
21 94 95 95 72
85 96 96 98 69
97 97 100 103 68
28 91 98 98 72
25 98 99 99 72
89 100 100 102 69
101 101 104 107 68
32 95 102 102 72
29 102 103 103 72
93 104 104 106 69
96 99 105 105 70
24 87 106 106 72
33 106 107 107 72
0 0 9 82 68
1 1 12 75 68
0 2 2 3 71
3 3 9 22 67
1 4 4 74 69
5 5 16 79 68
4 6 6 7 71
1 7 7 14 71
5 8 8 78 69
9 9 20 83 68
8 10 10 11 71
5 11 11 18 71
12 12 21 94 68
13 13 24 87 68
12 14 14 15 71
15 15 21 34 67
13 16 16 86 69
17 17 28 91 68
16 18 18 19 71
13 19 19 26 71
17 20 20 90 69
21 21 32 95 68
20 22 22 23 71
17 23 23 30 71
24 24 33 106 68
0 25 25 99 69
24 26 26 27 71
10 27 27 33 69
25 28 28 98 69
4 29 29 103 69
28 30 30 31 71
2 25 31 31 70
29 32 32 102 69
8 33 33 107 69
32 34 34 35 71
6 29 35 35 70
10 36 36 45 71
3 37 37 48 71
36 38 38 39 71
39 39 45 58 67
2 37 40 40 72
7 41 41 52 71
40 42 42 43 71
37 43 43 50 71
6 41 44 44 72
11 45 45 56 71
44 46 46 47 71
41 47 47 54 71
22 48 48 57 71
15 49 49 60 71
48 50 50 51 71
51 51 57 70 67
14 49 52 52 72
19 53 53 64 71
52 54 54 55 71
49 55 55 62 71
18 53 56 56 72
23 57 57 68 71
56 58 58 59 71
53 59 59 66 71
34 60 60 69 71
27 36 61 61 72
60 62 62 63 71
46 63 63 69 69
26 61 64 64 72
31 40 65 65 72
64 66 66 67 71
38 61 67 67 70
30 65 68 68 72
35 44 69 69 72
68 70 70 71 71
42 65 71 71 70
46 72 72 81 71
39 73 73 84 71
72 74 74 75 71
75 75 81 94 67
38 73 76 76 72
43 77 77 88 71
76 78 78 79 71
73 79 79 86 71
42 77 80 80 72
47 81 81 92 71
80 82 82 83 71
77 83 83 90 71
58 84 84 93 71
51 85 85 96 71
84 86 86 87 71
87 87 93 106 67
50 85 88 88 72
55 89 89 100 71
88 90 90 91 71
85 91 91 98 71
54 89 92 92 72
59 93 93 104 71
92 94 94 95 71
89 95 95 102 71
70 96 96 105 71
63 72 97 97 72
96 98 98 99 71
82 99 99 105 69
62 97 100 100 72
67 76 101 101 72
100 102 102 103 71
74 97 103 103 70
66 101 104 104 72
71 80 105 105 72
104 106 106 107 71
78 101 107 107 70
0 0 9 10 73
1 1 3 12 74
2 2 3 36 73
3 3 22 45 73
1 2 4 4 75
5 5 7 16 74
6 6 7 40 73
7 7 14 37 73
5 6 8 8 75
9 9 11 20 74
10 10 11 44 73
11 11 18 41 73
12 12 21 22 73
13 13 15 24 74
14 14 15 48 73
15 15 34 57 73
13 14 16 16 75
17 17 19 28 74
18 18 19 52 73
19 19 26 49 73
17 18 20 20 75
21 21 23 32 74
22 22 23 56 73
23 23 30 53 73
24 24 33 34 73
0 25 25 27 76
26 26 27 60 73
10 27 27 69 76
25 26 28 28 75
4 29 29 31 76
30 30 31 64 73
2 31 31 61 76
29 30 32 32 75
8 33 33 35 76
34 34 35 68 73
6 35 35 65 76
36 36 45 46 73
37 37 39 48 74
38 38 39 72 73
39 39 58 81 73
37 38 40 40 75
41 41 43 52 74
42 42 43 76 73
43 43 50 73 73
41 42 44 44 75
45 45 47 56 74
46 46 47 80 73
47 47 54 77 73
48 48 57 58 73
49 49 51 60 74
50 50 51 84 73
51 51 70 93 73
49 50 52 52 75
53 53 55 64 74
54 54 55 88 73
55 55 62 85 73
53 54 56 56 75
57 57 59 68 74
58 58 59 92 73
59 59 66 89 73
60 60 69 70 73
36 61 61 63 76
62 62 63 96 73
46 63 63 105 76
61 62 64 64 75
40 65 65 67 76
66 66 67 100 73
38 67 67 97 76
65 66 68 68 75
44 69 69 71 76
70 70 71 104 73
42 71 71 101 76
72 72 81 82 73
73 73 75 84 74
0 74 74 75 77
9 75 75 94 77
73 74 76 76 75
77 77 79 88 74
4 78 78 79 77
1 79 79 86 77
77 78 80 80 75
81 81 83 92 74
8 82 82 83 77
5 83 83 90 77
84 84 93 94 73
85 85 87 96 74
12 86 86 87 77
21 87 87 106 77
85 86 88 88 75
89 89 91 100 74
16 90 90 91 77
13 91 91 98 77
89 90 92 92 75
93 93 95 104 74
20 94 94 95 77
17 95 95 102 77
96 96 105 106 73
72 97 97 99 76
24 98 98 99 77
33 82 99 99 78
97 98 100 100 75
76 101 101 103 76
28 102 102 103 77
25 74 103 103 78
101 102 104 104 75
80 105 105 107 76
32 106 106 107 77
29 78 107 107 78
0 0 25 74 73
1 1 4 79 73
2 2 4 31 74
1 2 3 3 78
4 4 29 78 73
5 5 8 83 73
6 6 8 35 74
5 6 7 7 78
8 8 33 82 73
0 9 9 75 76
0 10 10 27 77
9 10 11 11 78
1 12 12 86 76
13 13 16 91 73
7 14 14 16 76
13 14 15 15 78
5 16 16 90 76
17 17 20 95 73
11 18 18 20 76
17 18 19 19 78
9 20 20 94 76
12 21 21 87 76
3 12 22 22 75
21 22 23 23 78
13 24 24 98 76
25 25 28 103 73
19 26 26 28 76
25 26 27 27 78
17 28 28 102 76
29 29 32 107 73
23 30 30 32 76
29 30 31 31 78
21 32 32 106 76
24 33 33 99 76
15 24 34 34 75
33 34 35 35 78
2 36 36 61 77
7 37 37 40 77
38 38 40 67 74
37 38 39 39 78
6 40 40 65 77
11 41 41 44 77
42 42 44 71 74
41 42 43 43 78
10 44 44 69 77
3 36 45 45 78
36 46 46 63 77
45 46 47 47 78
14 37 48 48 78
19 49 49 52 77
43 50 50 52 76
49 50 51 51 78
18 41 52 52 78
23 53 53 56 77
47 54 54 56 76
53 54 55 55 78
22 45 56 56 78
15 48 57 57 78
39 48 58 58 75
57 58 59 59 78
26 49 60 60 78
31 61 61 64 77
55 62 62 64 76
61 62 63 63 78
30 53 64 64 78
35 65 65 68 77
59 66 66 68 76
65 66 67 67 78
34 57 68 68 78
27 60 69 69 78
51 60 70 70 75
69 70 71 71 78
38 72 72 97 77
43 73 73 76 77
74 74 76 103 74
73 74 75 75 78
42 76 76 101 77
47 77 77 80 77
78 78 80 107 74
77 78 79 79 78
46 80 80 105 77
39 72 81 81 78
72 82 82 99 77
81 82 83 83 78
50 73 84 84 78
55 85 85 88 77
79 86 86 88 76
85 86 87 87 78
54 77 88 88 78
59 89 89 92 77
83 90 90 92 76
89 90 91 91 78
58 81 92 92 78
51 84 93 93 78
75 84 94 94 75
93 94 95 95 78
62 85 96 96 78
67 97 97 100 77
91 98 98 100 76
97 98 99 99 78
66 89 100 100 78
71 101 101 104 77
95 102 102 104 76
101 102 103 103 78
70 93 104 104 78
63 96 105 105 78
87 96 106 106 75
105 106 107 107 78
0 0 33 82 79
0 1 1 75 80
0 2 2 27 81
3 3 9 10 82
4 4 25 74 79
4 5 5 79 80
4 6 6 31 81
1 2 7 7 83
8 8 29 78 79
8 9 9 83 80
8 10 10 35 81
5 6 11 11 83
9 12 12 94 80
12 13 13 87 80
3 12 14 14 84
15 15 21 22 82
1 16 16 86 80
16 17 17 91 80
7 16 18 18 84
13 14 19 19 83
5 20 20 90 80
20 21 21 95 80
11 20 22 22 84
17 18 23 23 83
21 24 24 106 80
24 25 25 99 80
15 24 26 26 84
27 27 33 34 82
13 28 28 98 80
28 29 29 103 80
19 28 30 30 84
25 26 31 31 83
17 32 32 102 80
32 33 33 107 80
23 32 34 34 84
29 30 35 35 83
10 36 36 69 81
3 36 37 37 83
36 38 38 63 81
39 39 45 46 82
2 40 40 61 81
7 40 41 41 83
40 42 42 67 81
37 38 43 43 83
6 44 44 65 81
11 44 45 45 83
44 46 46 71 81
41 42 47 47 83
22 45 48 48 83
15 48 49 49 83
39 48 50 50 84
51 51 57 58 82
14 37 52 52 83
19 52 53 53 83
43 52 54 54 84
49 50 55 55 83
18 41 56 56 83
23 56 57 57 83
47 56 58 58 84
53 54 59 59 83
34 57 60 60 83
27 60 61 61 83
51 60 62 62 84
63 63 69 70 82
26 49 64 64 83
31 64 65 65 83
55 64 66 66 84
61 62 67 67 83
30 53 68 68 83
35 68 69 69 83
59 68 70 70 84
65 66 71 71 83
46 72 72 105 81
39 72 73 73 83
72 74 74 99 81
75 75 81 82 82
38 76 76 97 81
43 76 77 77 83
76 78 78 103 81
73 74 79 79 83
42 80 80 101 81
47 80 81 81 83
80 82 82 107 81
77 78 83 83 83
58 81 84 84 83
51 84 85 85 83
75 84 86 86 84
87 87 93 94 82
50 73 88 88 83
55 88 89 89 83
79 88 90 90 84
85 86 91 91 83
54 77 92 92 83
59 92 93 93 83
83 92 94 94 84
89 90 95 95 83
70 93 96 96 83
63 96 97 97 83
87 96 98 98 84
99 99 105 106 82
62 85 100 100 83
67 100 101 101 83
91 100 102 102 84
97 98 103 103 83
66 89 104 104 83
71 104 105 105 83
95 104 106 106 84
101 102 107 107 83
0 0 1 2 79
1 1 7 16 82
2 2 7 40 79
3 3 14 37 79
4 4 5 6 79
5 5 11 20 82
6 6 11 44 79
7 7 18 41 79
8 8 9 10 79
3 9 9 12 81
3 10 10 36 80
11 11 22 45 79
12 12 13 14 79
13 13 19 28 82
14 14 19 52 79
15 15 26 49 79
16 16 17 18 79
17 17 23 32 82
18 18 23 56 79
19 19 30 53 79
20 20 21 22 79
15 21 21 24 81
15 22 22 48 80
23 23 34 57 79
24 24 25 26 79
4 25 25 31 80
26 26 31 64 79
2 27 27 61 80
28 28 29 30 79
8 29 29 35 80
30 30 35 68 79
6 31 31 65 80
32 32 33 34 79
0 27 33 33 84
27 34 34 60 80
10 35 35 69 80
36 36 37 38 79
37 37 43 52 82
38 38 43 76 79
39 39 50 73 79
40 40 41 42 79
41 41 47 56 82
42 42 47 80 79
43 43 54 77 79
44 44 45 46 79
39 45 45 48 81
39 46 46 72 80
47 47 58 81 79
48 48 49 50 79
49 49 55 64 82
50 50 55 88 79
51 51 62 85 79
52 52 53 54 79
53 53 59 68 82
54 54 59 92 79
55 55 66 89 79
56 56 57 58 79
51 57 57 60 81
51 58 58 84 80
59 59 70 93 79
60 60 61 62 79
40 61 61 67 80
62 62 67 100 79
38 63 63 97 80
64 64 65 66 79
44 65 65 71 80
66 66 71 104 79
42 67 67 101 80
68 68 69 70 79
36 63 69 69 84
63 70 70 96 80
46 71 71 105 80
72 72 73 74 79
73 73 79 88 82
4 74 74 79 81
1 75 75 86 81
76 76 77 78 79
77 77 83 92 82
8 78 78 83 81
5 79 79 90 81
80 80 81 82 79
75 81 81 84 81
0 75 82 82 83
9 83 83 94 81
84 84 85 86 79
85 85 91 100 82
16 86 86 91 81
13 87 87 98 81
88 88 89 90 79
89 89 95 104 82
20 90 90 95 81
17 91 91 102 81
92 92 93 94 79
87 93 93 96 81
12 87 94 94 83
21 95 95 106 81
96 96 97 98 79
76 97 97 103 80
28 98 98 103 81
25 74 99 99 83
100 100 101 102 79
80 101 101 107 80
32 102 102 107 81
29 78 103 103 83
104 104 105 106 79
72 99 105 105 84
24 99 106 106 83
33 82 107 107 83
0 0 1 74 85
1 1 16 79 85
2 2 4 7 86
1 3 3 14 87
4 4 5 78 85
5 5 20 83 85
6 6 8 11 86
5 7 7 18 87
8 8 9 82 85
9 9 12 75 85
0 3 10 10 88
9 11 11 22 87
12 12 13 86 85
13 13 28 91 85
14 14 16 19 86
13 15 15 26 87
16 16 17 90 85
17 17 32 95 85
18 18 20 23 86
17 19 19 30 87
20 20 21 94 85
21 21 24 87 85
12 15 22 22 88
21 23 23 34 87
24 24 25 98 85
4 25 25 103 89
26 26 28 31 86
2 25 27 27 90
28 28 29 102 85
8 29 29 107 89
30 30 32 35 86
6 29 31 31 90
32 32 33 106 85
0 33 33 99 89
24 27 34 34 88
10 33 35 35 90
2 36 36 37 87
7 37 37 52 87
38 38 40 43 86
37 39 39 50 87
6 40 40 41 87
11 41 41 56 87
42 42 44 47 86
41 43 43 54 87
10 44 44 45 87
3 45 45 48 87
36 39 46 46 88
45 47 47 58 87
14 48 48 49 87
19 49 49 64 87
50 50 52 55 86
49 51 51 62 87
18 52 52 53 87
23 53 53 68 87
54 54 56 59 86
53 55 55 66 87
22 56 56 57 87
15 57 57 60 87
48 51 58 58 88
57 59 59 70 87
26 60 60 61 87
31 40 61 61 88
62 62 64 67 86
38 61 63 63 90
30 64 64 65 87
35 44 65 65 88
66 66 68 71 86
42 65 67 67 90
34 68 68 69 87
27 36 69 69 88
60 63 70 70 88
46 69 71 71 90
38 72 72 73 87
43 73 73 88 87
74 74 76 79 86
73 75 75 86 87
42 76 76 77 87
47 77 77 92 87
78 78 80 83 86
77 79 79 90 87
46 80 80 81 87
39 81 81 84 87
72 75 82 82 88
81 83 83 94 87
50 84 84 85 87
55 85 85 100 87
86 86 88 91 86
85 87 87 98 87
54 88 88 89 87
59 89 89 104 87
90 90 92 95 86
89 91 91 102 87
58 92 92 93 87
51 93 93 96 87
84 87 94 94 88
93 95 95 106 87
62 96 96 97 87
67 76 97 97 88
98 98 100 103 86
74 97 99 99 90
66 100 100 101 87
71 80 101 101 88
102 102 104 107 86
78 101 103 103 90
70 104 104 105 87
63 72 105 105 88
96 99 106 106 88
82 105 107 107 90
0 0 10 33 86
0 1 1 3 89
2 2 27 36 85
3 3 10 45 85
2 4 4 25 87
4 5 5 7 89
6 6 31 40 85
2 7 7 37 89
6 8 8 29 87
8 9 9 11 89
10 10 35 44 85
6 11 11 41 89
9 12 12 22 89
12 13 13 15 89
3 14 14 48 89
15 15 22 57 85
1 14 16 16 90
16 17 17 19 89
7 18 18 52 89
14 19 19 49 89
5 18 20 20 90
20 21 21 23 89
11 22 22 56 89
18 23 23 53 89
21 24 24 34 89
24 25 25 27 89
15 26 26 60 89
27 27 34 69 85
13 26 28 28 90
28 29 29 31 89
19 30 30 64 89
26 31 31 61 89
17 30 32 32 90
32 33 33 35 89
23 34 34 68 89
30 35 35 65 89
36 36 46 69 86
36 37 37 39 89
38 38 63 72 85
39 39 46 81 85
38 40 40 61 87
40 41 41 43 89
42 42 67 76 85
38 43 43 73 89
42 44 44 65 87
44 45 45 47 89
46 46 71 80 85
42 47 47 77 89
45 48 48 58 89
48 49 49 51 89
39 50 50 84 89
51 51 58 93 85
37 50 52 52 90
52 53 53 55 89
43 54 54 88 89
50 55 55 85 89
41 54 56 56 90
56 57 57 59 89
47 58 58 92 89
54 59 59 89 89
57 60 60 70 89
60 61 61 63 89
51 62 62 96 89
63 63 70 105 85
49 62 64 64 90
64 65 65 67 89
55 66 66 100 89
62 67 67 97 89
53 66 68 68 90
68 69 69 71 89
59 70 70 104 89
66 71 71 101 89
72 72 82 105 86
72 73 73 75 89
0 74 74 99 87
9 75 75 82 87
74 76 76 97 87
76 77 77 79 89
4 78 78 103 87
1 74 79 79 88
78 80 80 101 87
80 81 81 83 89
8 82 82 107 87
5 78 83 83 88
81 84 84 94 89
84 85 85 87 89
12 75 86 86 88
21 87 87 94 87
73 86 88 88 90
88 89 89 91 89
16 79 90 90 88
13 86 91 91 88
77 90 92 92 90
92 93 93 95 89
20 83 94 94 88
17 90 95 95 88
93 96 96 106 89
96 97 97 99 89
24 87 98 98 88
33 99 99 106 87
85 98 100 100 90
100 101 101 103 89
28 91 102 102 88
25 98 103 103 88
89 102 104 104 90
104 105 105 107 89
32 95 106 106 88
29 102 107 107 88
0 1 2 3 91
1 7 14 16 92
2 7 37 40 93
3 14 37 48 91
4 5 6 7 91
5 11 18 20 92
6 11 41 44 93
7 18 41 52 91
8 9 10 11 91
3 9 12 22 94
3 10 36 45 95
11 22 45 56 91
12 13 14 15 91
13 19 26 28 92
14 19 49 52 93
15 26 49 60 91
16 17 18 19 91
17 23 30 32 92
18 23 53 56 93
19 30 53 64 91
20 21 22 23 91
15 21 24 34 94
15 22 48 57 95
23 34 57 68 91
24 25 26 27 91
2 4 25 31 96
26 31 61 64 93
2 27 36 61 97
28 29 30 31 91
6 8 29 35 96
30 35 65 68 93
6 31 40 65 97
32 33 34 35 91
0 10 27 33 98
27 34 60 69 95
10 35 44 69 97
36 37 38 39 91
37 43 50 52 92
38 43 73 76 93
39 50 73 84 91
40 41 42 43 91
41 47 54 56 92
42 47 77 80 93
43 54 77 88 91
44 45 46 47 91
39 45 48 58 94
39 46 72 81 95
47 58 81 92 91
48 49 50 51 91
49 55 62 64 92
50 55 85 88 93
51 62 85 96 91
52 53 54 55 91
53 59 66 68 92
54 59 89 92 93
55 66 89 100 91
56 57 58 59 91
51 57 60 70 94
51 58 84 93 95
59 70 93 104 91
60 61 62 63 91
38 40 61 67 96
62 67 97 100 93
38 63 72 97 97
64 65 66 67 91
42 44 65 71 96
66 71 101 104 93
42 67 76 101 97
68 69 70 71 91
36 46 63 69 98
63 70 96 105 95
46 71 80 105 97
72 73 74 75 91
73 79 86 88 92
1 4 74 79 99
1 12 75 86 100
76 77 78 79 91
77 83 90 92 92
5 8 78 83 99
5 16 79 90 100
80 81 82 83 91
75 81 84 94 94
0 9 75 82 101
9 20 83 94 100
84 85 86 87 91
85 91 98 100 92
13 16 86 91 99
13 24 87 98 100
88 89 90 91 91
89 95 102 104 92
17 20 90 95 99
17 28 91 102 100
92 93 94 95 91
87 93 96 106 94
12 21 87 94 101
21 32 95 106 100
96 97 98 99 91
74 76 97 103 96
25 28 98 103 99
0 25 74 99 102
100 101 102 103 91
78 80 101 107 96
29 32 102 107 99
4 29 78 103 102
104 105 106 107 91
72 82 99 105 98
24 33 99 106 101
8 33 82 107 102
0 33 82 99 91
0 1 74 75 97
0 2 25 27 103
0 3 9 10 104
4 25 74 103 91
4 5 78 79 97
4 6 29 31 103
1 2 4 7 105
8 29 78 107 91
8 9 82 83 97
8 10 33 35 103
5 6 8 11 105
9 12 75 94 97
12 13 86 87 97
1 3 12 14 106
12 15 21 22 104
1 16 79 86 97
16 17 90 91 97
5 7 16 18 106
13 14 16 19 105
5 20 83 90 97
20 21 94 95 97
9 11 20 22 106
17 18 20 23 105
21 24 87 106 97
24 25 98 99 97
13 15 24 26 106
24 27 33 34 104
13 28 91 98 97
28 29 102 103 97
17 19 28 30 106
25 26 28 31 105
17 32 95 102 97
32 33 106 107 97
21 23 32 34 106
29 30 32 35 105
10 27 36 69 100
2 3 36 37 102
36 38 61 63 103
36 39 45 46 104
2 31 40 61 100
6 7 40 41 102
40 42 65 67 103
37 38 40 43 105
6 35 44 65 100
10 11 44 45 102
44 46 69 71 103
41 42 44 47 105
3 22 45 48 102
14 15 48 49 102
37 39 48 50 106
48 51 57 58 104
7 14 37 52 102
18 19 52 53 102
41 43 52 54 106
49 50 52 55 105
11 18 41 56 102
22 23 56 57 102
45 47 56 58 106
53 54 56 59 105
15 34 57 60 102
26 27 60 61 102
49 51 60 62 106
60 63 69 70 104
19 26 49 64 102
30 31 64 65 102
53 55 64 66 106
61 62 64 67 105
23 30 53 68 102
34 35 68 69 102
57 59 68 70 106
65 66 68 71 105
46 63 72 105 100
38 39 72 73 102
72 74 97 99 103
72 75 81 82 104
38 67 76 97 100
42 43 76 77 102
76 78 101 103 103
73 74 76 79 105
42 71 80 101 100
46 47 80 81 102
80 82 105 107 103
77 78 80 83 105
39 58 81 84 102
50 51 84 85 102
73 75 84 86 106
84 87 93 94 104
43 50 73 88 102
54 55 88 89 102
77 79 88 90 106
85 86 88 91 105
47 54 77 92 102
58 59 92 93 102
81 83 92 94 106
89 90 92 95 105
51 70 93 96 102
62 63 96 97 102
85 87 96 98 106
96 99 105 106 104
55 62 85 100 102
66 67 100 101 102
89 91 100 102 106
97 98 100 103 105
59 66 89 104 102
70 71 104 105 102
93 95 104 106 106
101 102 104 107 105
