4644

0 0 0
0 1 1
0 2 2
0 3 3
0 4 4
0 7 5
0 8 4
0 9 6
0 10 7
0 11 8
0 12 9
0 14 10
0 22 11
0 24 9
0 25 6
0 26 12
0 27 13
0 31 14
0 33 1
0 34 15
0 35 16
0 36 17
0 37 18
0 45 19
0 61 20
0 69 21
0 72 17
0 73 21
0 74 7
0 75 13
0 79 16
0 81 20
0 82 2
0 83 14
0 86 15
0 94 12
0 97 19
0 98 11
0 99 3
0 103 8
0 105 18
0 106 10
0 107 5
1 0 1
1 1 0
1 2 13
1 3 7
1 4 6
1 5 4
1 6 14
1 7 2
1 9 4
1 10 16
1 12 6
1 13 9
1 14 3
1 15 11
1 16 1
1 18 5
1 19 10
1 22 8
1 25 9
1 27 15
1 31 12
1 36 21
1 37 17
1 40 20
1 48 19
1 52 18
1 72 18
1 73 17
1 74 3
1 75 2
1 76 19
1 78 8
1 79 7
1 82 5
1 84 20
1 86 13
1 87 12
1 88 21
1 90 16
1 91 15
1 94 14
1 99 10
1 103 11
2 0 2
2 1 13
2 2 0
2 3 6
2 4 7
2 5 16
2 6 4
2 7 1
2 9 14
2 10 4
2 12 12
2 14 9
2 16 15
2 24 10
2 25 3
2 26 9
2 27 1
2 28 11
2 29 8
2 31 6
2 33 5
2 36 7
2 37 3
2 38 17
2 39 19
2 40 2
2 41 5
2 43 18
2 45 8
2 48 11
2 52 10
2 60 15
2 61 13
2 63 21
2 64 12
2 65 14
2 67 20
2 69 16
2 74 17
2 75 20
2 79 21
2 99 18
2 103 19
3 0 3
3 1 7
3 2 6
3 3 0
3 4 8
3 7 4
3 8 5
3 9 2
3 10 1
3 11 4
3 12 13
3 13 15
3 14 1
3 15 9
3 16 16
3 20 14
3 21 12
3 22 6
3 25 11
3 27 9
3 33 10
3 36 13
3 37 2
3 38 20
3 39 17
3 40 14
3 44 16
3 45 7
3 46 21
3 48 3
3 49 10
3 50 18
3 52 5
3 56 8
3 57 11
3 58 19
3 61 12
3 69 15
3 74 19
3 75 17
3 82 18
3 86 21
3 94 20
4 0 4
4 1 6
4 2 7
4 3 8
4 4 0
4 5 1
4 6 2
4 7 3
4 8 4
4 11 5
4 14 11
4 16 9
4 18 10
4 25 1
4 26 15
4 27 16
4 28 9
4 29 6
4 30 12
4 31 13
4 35 14
4 37 19
4 40 17
4 41 18
4 61 21
4 65 20
4 73 20
4 74 2
4 75 14
4 76 17
4 77 21
4 78 7
4 79 13
4 83 16
4 86 12
4 90 15
4 97 18
4 98 10
4 99 5
4 101 19
4 102 11
4 103 3
4 107 8
5 1 4
5 2 16
5 4 1
5 5 0
5 6 13
5 7 7
5 8 6
5 9 4
5 10 14
5 11 2
5 14 8
5 16 6
5 17 9
5 18 3
5 19 11
5 20 1
5 22 5
5 23 10
5 29 9
5 31 15
5 35 12
5 40 21
5 41 17
5 44 20
5 52 19
5 56 18
5 74 5
5 76 18
5 77 17
5 78 3
5 79 2
5 80 19
5 82 8
5 83 7
5 86 14
5 88 20
5 90 13
5 91 12
5 92 21
5 94 16
5 95 15
5 103 10
5 107 11
6 1 14
6 2 4
6 4 2
6 5 13
6 6 0
6 7 6
6 8 7
6 9 16
6 10 4
6 11 1
6 16 12
6 18 9
6 20 15
6 25 5
6 28 10
6 29 3
6 30 9
6 31 1
6 32 11
6 33 8
6 35 6
6 37 8
6 40 7
6 41 3
6 42 17
6 43 19
6 44 2
6 45 5
6 47 18
6 52 11
6 56 10
6 61 16
6 64 15
6 65 13
6 67 21
6 68 12
6 69 14
6 71 20
6 78 17
6 79 20
6 83 21
6 103 18
6 107 19
7 0 5
7 1 2
7 2 1
7 3 4
7 4 3
7 5 7
7 6 6
7 7 0
7 8 8
7 11 4
7 12 14
7 13 12
7 14 6
7 16 13
7 17 15
7 18 1
7 19 9
7 20 16
7 25 10
7 29 11
7 31 9
7 36 16
7 37 7
7 38 21
7 40 13
7 41 2
7 42 20
7 43 17
7 44 14
7 48 8
7 49 11
7 50 19
7 52 3
7 53 10
7 54 18
7 56 5
7 61 15
7 65 12
7 74 18
7 78 19
7 79 17
7 86 20
7 90 21
8 0 4
8 3 5
8 4 4
8 5 6
8 6 7
8 7 8
8 8 0
8 9 1
8 10 2
8 11 3
8 18 11
8 20 9
8 22 10
8 27 14
8 29 1
8 30 15
8 31 16
8 32 9
8 33 6
8 34 12
8 35 13
8 41 19
8 44 17
8 45 18
8 65 21
8 69 20
8 75 16
8 77 20
8 78 2
8 79 14
8 80 17
8 81 21
8 82 7
8 83 13
8 90 12
8 94 15
8 99 8
8 101 18
8 102 10
8 103 5
8 105 19
8 106 11
8 107 3
9 0 6
9 1 4
9 2 14
9 3 2
9 5 4
9 6 16
9 8 1
9 9 0
9 10 13
9 11 7
9 12 1
9 14 5
9 15 10
9 18 8
9 20 6
9 21 9
9 22 3
9 23 11
9 27 12
9 33 9
9 35 15
9 36 20
9 44 21
9 45 17
9 48 18
9 56 19
9 72 19
9 74 8
9 75 7
9 78 5
9 80 18
9 81 17
9 82 3
9 83 2
9 84 21
9 86 16
9 87 15
9 90 14
9 92 20
9 94 13
9 95 12
9 99 11
9 107 10
10 0 7
10 1 16
10 2 4
10 3 1
10 5 14
10 6 4
10 8 2
10 9 13
10 10 0
10 11 6
10 12 15
10 20 12
10 22 9
10 24 11
10 25 8
10 27 6
10 29 5
10 32 10
10 33 3
10 34 9
10 35 1
10 36 2
10 37 5
10 39 18
10 41 8
10 44 7
10 45 3
10 46 17
10 47 19
10 48 10
10 56 11
10 60 12
10 61 14
10 63 20
10 65 16
10 68 15
10 69 13
10 71 21
10 75 21
10 82 17
10 83 20
10 99 19
10 107 18
11 0 8
11 3 4
11 4 5
11 5 2
11 6 1
11 7 4
11 8 3
11 9 7
11 10 6
11 11 0
11 12 16
11 16 14
11 17 12
11 18 6
11 20 13
11 21 15
11 22 1
11 23 9
11 29 10
11 33 11
11 35 9
11 36 14
11 40 16
11 41 7
11 42 21
11 44 13
11 45 2
11 46 20
11 47 17
11 48 5
11 52 8
11 53 11
11 54 19
11 56 3
11 57 10
11 58 18
11 65 15
11 69 12
11 78 18
11 82 19
11 83 17
11 90 20
11 94 21
12 0 9
12 1 6
12 2 12
12 3 13
12 7 14
12 9 1
12 10 15
12 11 16
12 12 0
12 13 1
12 14 2
12 15 3
12 16 4
12 19 5
12 20 4
12 21 6
12 22 7
12 23 8
12 24 9
12 26 10
12 34 11
12 37 20
12 45 21
12 48 17
12 49 18
12 57 19
12 73 19
12 74 11
12 75 3
12 79 8
12 81 18
12 82 10
12 83 5
12 84 17
12 85 21
12 86 7
12 87 13
12 91 16
12 93 20
12 94 2
12 95 14
12 98 15
12 106 12
13 1 9
13 3 15
13 7 12
13 12 1
13 13 0
13 14 13
13 15 7
13 16 6
13 17 4
13 18 14
13 19 2
13 21 4
13 22 16
13 24 6
13 25 9
13 26 3
13 27 11
13 28 1
13 30 5
13 31 10
13 34 8
13 48 21
13 49 17
13 52 20
13 60 19
13 64 18
13 75 10
13 79 11
13 84 18
13 85 17
13 86 3
13 87 2
13 88 19
13 90 8
13 91 7
13 94 5
13 96 20
13 98 13
13 99 12
13 100 21
13 102 16
13 103 15
13 106 14
14 0 10
14 1 3
14 2 9
14 3 1
14 4 11
14 5 8
14 7 6
14 9 5
14 12 2
14 13 13
14 14 0
14 15 6
14 16 7
14 17 16
14 18 4
14 19 1
14 21 14
14 22 4
14 24 12
14 26 9
14 28 15
14 36 15
14 37 13
14 39 21
14 40 12
14 41 14
14 43 20
14 45 16
14 48 7
14 49 3
14 50 17
14 51 19
14 52 2
14 53 5
14 55 18
14 57 8
14 60 11
14 64 10
14 75 18
14 79 19
14 86 17
14 87 20
14 91 21
15 1 11
15 3 9
15 9 10
15 12 3
15 13 7
15 14 6
15 15 0
15 16 8
15 19 4
15 20 5
15 21 2
15 22 1
15 23 4
15 24 13
15 25 15
15 26 1
15 27 9
15 28 16
15 32 14
15 33 12
15 34 6
15 37 12
15 45 15
15 48 13
15 49 2
15 50 20
15 51 17
15 52 14
15 56 16
15 57 7
15 58 21
15 60 3
15 61 10
15 62 18
15 64 5
15 68 8
15 69 11
15 70 19
15 86 19
15 87 17
15 94 18
15 98 21
15 106 20
16 1 1
16 2 15
16 3 16
16 4 9
16 5 6
16 6 12
16 7 13
16 11 14
16 12 4
16 13 6
16 14 7
16 15 8
16 16 0
16 17 1
16 18 2
16 19 3
16 20 4
16 23 5
16 26 11
16 28 9
16 30 10
16 37 21
16 41 20
16 49 19
16 52 17
16 53 18
16 73 18
16 74 10
16 75 5
16 77 19
16 78 11
16 79 3
16 83 8
16 85 20
16 86 2
16 87 14
16 88 17
16 89 21
16 90 7
16 91 13
16 95 16
16 98 12
16 102 15
17 5 9
17 7 15
17 11 12
17 13 4
17 14 16
17 16 1
17 17 0
17 18 13
17 19 7
17 20 6
17 21 4
17 22 14
17 23 2
17 26 8
17 28 6
17 29 9
17 30 3
17 31 11
17 32 1
17 34 5
17 35 10
17 52 21
17 53 17
17 56 20
17 64 19
17 68 18
17 79 10
17 83 11
17 86 5
17 88 18
17 89 17
17 90 3
17 91 2
17 92 19
17 94 8
17 95 7
17 98 14
17 100 20
17 102 13
17 103 12
17 104 21
17 106 16
17 107 15
18 1 5
18 4 10
18 5 3
18 6 9
18 7 1
18 8 11
18 9 8
18 11 6
18 13 14
18 14 4
18 16 2
18 17 13
18 18 0
18 19 6
18 20 7
18 21 16
18 22 4
18 23 1
18 28 12
18 30 9
18 32 15
18 37 16
18 40 15
18 41 13
18 43 21
18 44 12
18 45 14
18 47 20
18 49 8
18 52 7
18 53 3
18 54 17
18 55 19
18 56 2
18 57 5
18 59 18
18 64 11
18 68 10
18 79 18
18 83 19
18 90 17
18 91 20
18 95 21
19 1 10
19 5 11
19 7 9
19 12 5
19 13 2
19 14 1
19 15 4
19 16 3
19 17 7
19 18 6
19 19 0
19 20 8
19 23 4
19 24 14
19 25 12
19 26 6
19 28 13
19 29 15
19 30 1
19 31 9
19 32 16
19 37 15
19 41 12
19 48 16
19 49 7
19 50 21
19 52 13
19 53 2
19 54 20
19 55 17
19 56 14
19 60 8
19 61 11
19 62 19
19 64 3
19 65 10
19 66 18
19 68 5
19 86 18
19 90 19
19 91 17
19 98 20
19 102 21
20 3 14
20 5 1
20 6 15
20 7 16
20 8 9
20 9 6
20 10 12
20 11 13
20 12 4
20 15 5
20 16 4
20 17 6
20 18 7
20 19 8
20 20 0
20 21 1
20 22 2
20 23 3
20 30 11
20 32 9
20 34 10
20 41 21
20 45 20
20 53 19
20 56 17
20 57 18
20 75 8
20 77 18
20 78 10
20 79 5
20 81 19
20 82 11
20 83 3
20 87 16
20 89 20
20 90 2
20 91 14
20 92 17
20 93 21
20 94 7
20 95 13
20 102 12
20 106 15
21 3 12
21 9 9
21 11 15
21 12 6
21 13 4
21 14 14
21 15 2
21 17 4
21 18 16
21 20 1
21 21 0
21 22 13
21 23 7
21 24 1
21 26 5
21 27 10
21 30 8
21 32 6
21 33 9
21 34 3
21 35 11
21 48 20
21 56 21
21 57 17
21 60 18
21 68 19
21 75 11
21 83 10
21 84 19
21 86 8
21 87 7
21 90 5
21 92 18
21 93 17
21 94 3
21 95 2
21 96 21
21 98 16
21 99 15
21 102 14
21 104 20
21 106 13
21 107 12
22 0 11
22 1 8
22 3 6
22 5 5
22 8 10
22 9 3
22 10 9
22 11 1
22 12 7
22 13 16
22 14 4
22 15 1
22 17 14
22 18 4
22 20 2
22 21 13
22 22 0
22 23 6
22 24 15
22 32 12
22 34 9
22 36 12
22 37 14
22 39 20
22 41 16
22 44 15
22 45 13
22 47 21
22 48 2
22 49 5
22 51 18
22 53 8
22 56 7
22 57 3
22 58 17
22 59 19
22 60 10
22 68 11
22 75 19
22 83 18
22 87 21
22 94 17
22 95 20
23 5 10
23 9 11
23 11 9
23 12 8
23 15 4
23 16 5
23 17 2
23 18 1
23 19 4
23 20 3
23 21 7
23 22 6
23 23 0
23 24 16
23 28 14
23 29 12
23 30 6
23 32 13
23 33 15
23 34 1
23 35 9
23 41 15
23 45 12
23 48 14
23 52 16
23 53 7
23 54 21
23 56 13
23 57 2
23 58 20
23 59 17
23 60 5
23 64 8
23 65 11
23 66 19
23 68 3
23 69 10
23 70 18
23 90 18
23 94 19
23 95 17
23 102 20
23 106 21
24 0 9
24 2 10
24 10 11
24 12 9
24 13 6
24 14 12
24 15 13
24 19 14
24 21 1
24 22 15
24 23 16
24 24 0
24 25 1
24 26 2
24 27 3
24 28 4
24 31 5
24 32 4
24 33 6
24 34 7
24 35 8
24 49 20
24 57 21
24 60 17
24 61 18
24 69 19
24 74 15
24 82 12
24 85 19
24 86 11
24 87 3
24 91 8
24 93 18
24 94 10
24 95 5
24 96 17
24 97 21
24 98 7
24 99 13
24 103 16
24 105 20
24 106 2
24 107 14
25 0 6
25 1 9
25 2 3
25 3 11
25 4 1
25 6 5
25 7 10
25 10 8
25 13 9
25 15 15
25 19 12
25 24 1
25 25 0
25 26 13
25 27 7
25 28 6
25 29 4
25 30 14
25 31 2
25 33 4
25 34 16
25 36 19
25 40 18
25 60 21
25 61 17
25 64 20
25 72 20
25 74 13
25 75 12
25 76 21
25 78 16
25 79 15
25 82 14
25 87 10
25 91 11
25 96 18
25 97 17
25 98 3
25 99 2
25 100 19
25 102 8
25 103 7
25 106 5
26 0 12
26 2 9
26 4 15
26 12 10
26 13 3
26 14 9
26 15 1
26 16 11
26 17 8
26 19 6
26 21 5
26 24 2
26 25 13
26 26 0
26 27 6
26 28 7
26 29 16
26 30 4
26 31 1
26 33 14
26 34 4
26 36 11
26 40 10
26 48 15
26 49 13
26 51 21
26 52 12
26 53 14
26 55 20
26 57 16
26 60 7
26 61 3
26 62 17
26 63 19
26 64 2
26 65 5
26 67 18
26 69 8
26 87 18
26 91 19
26 98 17
26 99 20
26 103 21
27 0 13
27 1 15
27 2 1
27 3 9
27 4 16
27 8 14
27 9 12
27 10 6
27 13 11
27 15 9
27 21 10
27 24 3
27 25 7
27 26 6
27 27 0
27 28 8
27 31 4
27 32 5
27 33 2
27 34 1
27 35 4
27 36 3
27 37 10
27 38 18
27 40 5
27 44 8
27 45 11
27 46 19
27 49 12
27 57 15
27 60 13
27 61 2
27 62 20
27 63 17
27 64 14
27 68 16
27 69 7
27 70 21
27 74 21
27 82 20
27 98 19
27 99 17
27 106 18
28 2 11
28 4 9
28 6 10
28 13 1
28 14 15
28 15 16
28 16 9
28 17 6
28 18 12
28 19 13
28 23 14
28 24 4
28 25 6
28 26 7
28 27 8
28 28 0
28 29 1
28 30 2
28 31 3
28 32 4
28 35 5
28 49 21
28 53 20
28 61 19
28 64 17
28 65 18
28 74 12
28 78 15
28 85 18
28 86 10
28 87 5
28 89 19
28 90 11
28 91 3
28 95 8
28 97 20
28 98 2
28 99 14
28 100 17
28 101 21
28 102 7
28 103 13
28 107 16
29 2 8
29 4 6
29 5 9
29 6 3
29 7 11
29 8 1
29 10 5
29 11 10
29 17 9
29 19 15
29 23 12
29 25 4
29 26 16
29 28 1
29 29 0
29 30 13
29 31 7
29 32 6
29 33 4
29 34 14
29 35 2
29 40 19
29 44 18
29 64 21
29 65 17
29 68 20
29 74 14
29 76 20
29 78 13
29 79 12
29 80 21
29 82 16
29 83 15
29 91 10
29 95 11
29 98 5
29 100 18
29 101 17
29 102 3
29 103 2
29 104 19
29 106 8
29 107 7
30 4 12
30 6 9
30 8 15
30 13 5
30 16 10
30 17 3
30 18 9
30 19 1
30 20 11
30 21 8
30 23 6
30 25 14
30 26 4
30 28 2
30 29 13
30 30 0
30 31 6
30 32 7
30 33 16
30 34 4
30 35 1
30 40 11
30 44 10
30 49 16
30 52 15
30 53 13
30 55 21
30 56 12
30 57 14
30 59 20
30 61 8
30 64 7
30 65 3
30 66 17
30 67 19
30 68 2
30 69 5
30 71 18
30 91 18
30 95 19
30 102 17
30 103 20
30 107 21
31 0 14
31 1 12
31 2 6
31 4 13
31 5 15
31 6 1
31 7 9
31 8 16
31 13 10
31 17 11
31 19 9
31 24 5
31 25 2
31 26 1
31 27 4
31 28 3
31 29 7
31 30 6
31 31 0
31 32 8
31 35 4
31 36 8
31 37 11
31 38 19
31 40 3
31 41 10
31 42 18
31 44 5
31 49 15
31 53 12
31 60 16
31 61 7
31 62 21
31 64 13
31 65 2
31 66 20
31 67 17
31 68 14
31 74 20
31 78 21
31 98 18
31 102 19
31 103 17
32 6 11
32 8 9
32 10 10
32 15 14
32 17 1
32 18 15
32 19 16
32 20 9
32 21 6
32 22 12
32 23 13
32 24 4
32 27 5
32 28 4
32 29 6
32 30 7
32 31 8
32 32 0
32 33 1
32 34 2
32 35 3
32 53 21
32 57 20
32 65 19
32 68 17
32 69 18
32 78 12
32 82 15
32 87 8
32 89 18
32 90 10
32 91 5
32 93 19
32 94 11
32 95 3
32 99 16
32 101 20
32 102 2
32 103 14
32 104 17
32 105 21
32 106 7
32 107 13
33 0 1
33 2 5
33 3 10
33 6 8
33 8 6
33 9 9
33 10 3
33 11 11
33 15 12
33 21 9
33 23 15
33 24 6
33 25 4
33 26 14
33 27 2
33 29 4
33 30 16
33 32 1
33 33 0
33 34 13
33 35 7
33 36 18
33 44 19
33 60 20
33 68 21
33 69 17
33 72 21
33 74 16
33 75 15
33 78 14
33 80 20
33 82 13
33 83 12
33 87 11
33 95 10
33 96 19
33 98 8
33 99 7
33 102 5
33 104 18
33 105 17
33 106 3
33 107 2
34 0 15
34 8 12
34 10 9
34 12 11
34 13 8
34 15 6
34 17 5
34 20 10
34 21 3
34 22 9
34 23 1
34 24 7
34 25 16
34 26 4
34 27 1
34 29 14
34 30 4
34 32 2
34 33 13
34 34 0
34 35 6
34 36 10
34 44 11
34 48 12
34 49 14
34 51 20
34 53 16
34 56 15
34 57 13
34 59 21
34 60 2
34 61 5
34 63 18
34 65 8
34 68 7
34 69 3
34 70 17
34 71 19
34 87 19
34 95 18
34 99 21
34 106 17
34 107 20
35 0 16
35 4 14
35 5 12
35 6 6
35 8 13
35 9 15
35 10 1
35 11 9
35 17 10
35 21 11
35 23 9
35 24 8
35 27 4
35 28 5
35 29 2
35 30 1
35 31 4
35 32 3
35 33 7
35 34 6
35 35 0
35 36 5
35 40 8
35 41 11
35 42 19
35 44 3
35 45 10
35 46 18
35 53 15
35 57 12
35 60 14
35 64 16
35 65 7
35 66 21
35 68 13
35 69 2
35 70 20
35 71 17
35 78 20
35 82 21
35 102 18
35 106 19
35 107 17
36 0 17
36 1 21
36 2 7
36 3 13
36 7 16
36 9 20
36 10 2
36 11 14
36 14 15
36 22 12
36 25 19
36 26 11
36 27 3
36 31 8
36 33 18
36 34 10
36 35 5
36 36 0
36 37 1
36 38 2
36 39 3
36 40 4
36 43 5
36 44 4
36 45 6
36 46 7
36 47 8
36 48 9
36 50 10
36 58 11
36 60 9
36 61 6
36 62 12
36 63 13
36 67 14
36 69 1
36 70 15
36 71 16
36 72 17
36 73 18
36 81 19
36 97 20
36 105 21
37 0 18
37 1 17
37 2 3
37 3 2
37 4 19
37 6 8
37 7 7
37 10 5
37 12 20
37 14 13
37 15 12
37 16 21
37 18 16
37 19 15
37 22 14
37 27 10
37 31 11
37 36 1
37 37 0
37 38 13
37 39 7
37 40 6
37 41 4
37 42 14
37 43 2
37 45 4
37 46 16
37 48 6
37 49 9
37 50 3
37 51 11
37 52 1
37 54 5
37 55 10
37 58 8
37 61 9
37 63 15
37 67 12
37 72 21
37 73 17
37 76 20
37 84 19
37 88 18
38 2 17
38 3 20
38 7 21
38 27 18
38 31 19
38 36 2
38 37 13
38 38 0
38 39 6
38 40 7
38 41 16
38 42 4
38 43 1
38 45 14
38 46 4
38 48 12
38 50 9
38 52 15
38 60 10
38 61 3
38 62 9
38 63 1
38 64 11
38 65 8
38 67 6
38 69 5
38 72 7
38 73 3
38 74 17
38 75 19
38 76 2
38 77 5
38 79 18
38 81 8
38 84 11
38 88 10
38 96 15
38 97 13
38 99 21
38 100 12
38 101 14
38 103 20
38 105 16
39 2 19
39 3 17
39 10 18
39 14 21
39 22 20
39 36 3
39 37 7
39 38 6
39 39 0
39 40 8
39 43 4
39 44 5
39 45 2
39 46 1
39 47 4
39 48 13
39 49 15
39 50 1
39 51 9
39 52 16
39 56 14
39 57 12
39 58 6
39 61 11
39 63 9
39 69 10
39 72 13
39 73 2
39 74 20
39 75 17
39 76 14
39 80 16
39 81 7
39 82 21
39 84 3
39 85 10
39 86 18
39 88 5
39 92 8
39 93 11
39 94 19
39 97 12
39 105 15
40 1 20
40 2 2
40 3 14
40 4 17
40 5 21
40 6 7
40 7 13
40 11 16
40 14 12
40 18 15
40 25 18
40 26 10
40 27 5
40 29 19
40 30 11
40 31 3
40 35 8
40 36 4
40 37 6
40 38 7
40 39 8
40 40 0
40 41 1
40 42 2
40 43 3
40 44 4
40 47 5
40 50 11
40 52 9
40 54 10
40 61 1
40 62 15
40 63 16
40 64 9
40 65 6
40 66 12
40 67 13
40 71 14
40 73 19
40 76 17
40 77 18
40 97 21
40 101 20
41 2 5
41 4 18
41 5 17
41 6 3
41 7 2
41 8 19
41 10 8
41 11 7
41 14 14
41 16 20
41 18 13
41 19 12
41 20 21
41 22 16
41 23 15
41 31 10
41 35 11
41 37 4
41 38 16
41 40 1
41 41 0
41 42 13
41 43 7
41 44 6
41 45 4
41 46 14
41 47 2
41 50 8
41 52 6
41 53 9
41 54 3
41 55 11
41 56 1
41 58 5
41 59 10
41 65 9
41 67 15
41 71 12
41 76 21
41 77 17
41 80 20
41 88 19
41 92 18
42 6 17
42 7 20
42 11 21
42 31 18
42 35 19
42 37 14
42 38 4
42 40 2
42 41 13
42 42 0
42 43 6
42 44 7
42 45 16
42 46 4
42 47 1
42 52 12
42 54 9
42 56 15
42 61 5
42 64 10
42 65 3
42 66 9
42 67 1
42 68 11
42 69 8
42 71 6
42 73 8
42 76 7
42 77 3
42 78 17
42 79 19
42 80 2
42 81 5
42 83 18
42 88 11
42 92 10
42 97 16
42 100 15
42 101 13
42 103 21
42 104 12
42 105 14
42 107 20
43 2 18
43 6 19
43 7 17
43 14 20
43 18 21
43 36 5
43 37 2
43 38 1
43 39 4
43 40 3
43 41 7
43 42 6
43 43 0
43 44 8
43 47 4
43 48 14
43 49 12
43 50 6
43 52 13
43 53 15
43 54 1
43 55 9
43 56 16
43 61 10
43 65 11
43 67 9
43 72 16
43 73 7
43 74 21
43 76 13
43 77 2
43 78 20
43 79 17
43 80 14
43 84 8
43 85 11
43 86 19
43 88 3
43 89 10
43 90 18
43 92 5
43 97 15
43 101 12
44 3 16
44 5 20
44 6 2
44 7 14
44 8 17
44 9 21
44 10 7
44 11 13
44 18 12
44 22 15
44 27 8
44 29 18
44 30 10
44 31 5
44 33 19
44 34 11
44 35 3
44 36 4
44 39 5
44 40 4
44 41 6
44 42 7
44 43 8
44 44 0
44 45 1
44 46 2
44 47 3
44 54 11
44 56 9
44 58 10
44 63 14
44 65 1
44 66 15
44 67 16
44 68 9
44 69 6
44 70 12
44 71 13
44 77 19
44 80 17
44 81 18
44 101 21
44 105 20
45 0 19
45 2 8
45 3 7
45 6 5
45 8 18
45 9 17
45 10 3
45 11 2
45 12 21
45 14 16
45 15 15
45 18 14
45 20 20
45 22 13
45 23 12
45 27 11
45 35 10
45 36 6
45 37 4
45 38 14
45 39 2
45 41 4
45 42 16
45 44 1
45 45 0
45 46 13
45 47 7
45 48 1
45 50 5
45 51 10
45 54 8
45 56 6
45 57 9
45 58 3
45 59 11
45 63 12
45 69 9
45 71 15
45 72 20
45 80 21
45 81 17
45 84 18
45 92 19
46 3 21
46 10 17
46 11 20
46 27 19
46 35 18
46 36 7
46 37 16
46 38 4
46 39 1
46 41 14
46 42 4
46 44 2
46 45 13
46 46 0
46 47 6
46 48 15
46 56 12
46 58 9
46 60 11
46 61 8
46 63 6
46 65 5
46 68 10
46 69 3
46 70 9
46 71 1
46 72 2
46 73 5
46 75 18
46 77 8
46 80 7
46 81 3
46 82 17
46 83 19
46 84 10
46 92 11
46 96 12
46 97 14
46 99 20
46 101 16
46 104 15
46 105 13
46 107 21
47 6 18
47 10 19
47 11 17
47 18 20
47 22 21
47 36 8
47 39 4
47 40 5
47 41 2
47 42 1
47 43 4
47 44 3
47 45 7
47 46 6
47 47 0
47 48 16
47 52 14
47 53 12
47 54 6
47 56 13
47 57 15
47 58 1
47 59 9
47 65 10
47 69 11
47 71 9
47 72 14
47 76 16
47 77 7
47 78 21
47 80 13
47 81 2
47 82 20
47 83 17
47 84 5
47 88 8
47 89 11
47 90 19
47 92 3
47 93 10
47 94 18
47 101 15
47 105 12
48 1 19
48 2 11
48 3 3
48 7 8
48 9 18
48 10 10
48 11 5
48 12 17
48 13 21
48 14 7
48 15 13
48 19 16
48 21 20
48 22 2
48 23 14
48 26 15
48 34 12
48 36 9
48 37 6
48 38 12
48 39 13
48 43 14
48 45 1
48 46 15
48 47 16
48 48 0
48 49 1
48 50 2
48 51 3
48 52 4
48 55 5
48 56 4
48 57 6
48 58 7
48 59 8
48 60 9
48 62 10
48 70 11
48 73 20
48 81 21
48 84 17
48 85 18
48 93 19
49 3 10
49 7 11
49 12 18
49 13 17
49 14 3
49 15 2
49 16 19
49 18 8
49 19 7
49 22 5
49 24 20
49 26 13
49 27 12
49 28 21
49 30 16
49 31 15
49 34 14
49 37 9
49 39 15
49 43 12
49 48 1
49 49 0
49 50 13
49 51 7
49 52 6
49 53 4
49 54 14
49 55 2
49 57 4
49 58 16
49 60 6
49 61 9
49 62 3
49 63 11
49 64 1
49 66 5
49 67 10
49 70 8
49 84 21
49 85 17
49 88 20
49 96 19
49 100 18
50 3 18
50 7 19
50 14 17
50 15 20
50 19 21
50 36 10
50 37 3
50 38 9
50 39 1
50 40 11
50 41 8
50 43 6
50 45 5
50 48 2
50 49 13
50 50 0
50 51 6
50 52 7
50 53 16
50 54 4
50 55 1
50 57 14
50 58 4
50 60 12
50 62 9
50 64 15
50 72 15
50 73 13
50 75 21
50 76 12
50 77 14
50 79 20
50 81 16
50 84 7
50 85 3
50 86 17
50 87 19
50 88 2
50 89 5
50 91 18
50 93 8
50 96 11
50 100 10
51 14 19
51 15 17
51 22 18
51 26 21
51 34 20
51 37 11
51 39 9
51 45 10
51 48 3
51 49 7
51 50 6
51 51 0
51 52 8
51 55 4
51 56 5
51 57 2
51 58 1
51 59 4
51 60 13
51 61 15
51 62 1
51 63 9
51 64 16
51 68 14
51 69 12
51 70 6
51 73 12
51 81 15
51 84 13
51 85 2
51 86 20
51 87 17
51 88 14
51 92 16
51 93 7
51 94 21
51 96 3
51 97 10
51 98 18
51 100 5
51 104 8
51 105 11
51 106 19
52 1 18
52 2 10
52 3 5
52 5 19
52 6 11
52 7 3
52 11 8
52 13 20
52 14 2
52 15 14
52 16 17
52 17 21
52 18 7
52 19 13
52 23 16
52 26 12
52 30 15
52 37 1
52 38 15
52 39 16
52 40 9
52 41 6
52 42 12
52 43 13
52 47 14
52 48 4
52 49 6
52 50 7
52 51 8
52 52 0
52 53 1
52 54 2
52 55 3
52 56 4
52 59 5
52 62 11
52 64 9
52 66 10
52 73 21
52 77 20
52 85 19
52 88 17
52 89 18
53 7 10
53 11 11
53 14 5
53 16 18
53 17 17
53 18 3
53 19 2
53 20 19
53 22 8
53 23 7
53 26 14
53 28 20
53 30 13
53 31 12
53 32 21
53 34 16
53 35 15
53 41 9
53 43 15
53 47 12
53 49 4
53 50 16
53 52 1
53 53 0
53 54 13
53 55 7
53 56 6
53 57 4
53 58 14
53 59 2
53 62 8
53 64 6
53 65 9
53 66 3
53 67 11
53 68 1
53 70 5
53 71 10
53 88 21
53 89 17
53 92 20
53 100 19
53 104 18
54 7 18
54 11 19
54 18 17
54 19 20
54 23 21
54 37 5
54 40 10
54 41 3
54 42 9
54 43 1
54 44 11
54 45 8
54 47 6
54 49 14
54 50 4
54 52 2
54 53 13
54 54 0
54 55 6
54 56 7
54 57 16
54 58 4
54 59 1
54 64 12
54 66 9
54 68 15
54 73 16
54 76 15
54 77 13
54 79 21
54 80 12
54 81 14
54 83 20
54 85 8
54 88 7
54 89 3
54 90 17
54 91 19
54 92 2
54 93 5
54 95 18
54 100 11
54 104 10
55 14 18
55 18 19
55 19 17
55 26 20
55 30 21
55 37 10
55 41 11
55 43 9
55 48 5
55 49 2
55 50 1
55 51 4
55 52 3
55 53 7
55 54 6
55 55 0
55 56 8
55 59 4
55 60 14
55 61 12
55 62 6
55 64 13
55 65 15
55 66 1
55 67 9
55 68 16
55 73 15
55 77 12
55 84 16
55 85 7
55 86 21
55 88 13
55 89 2
55 90 20
55 91 17
55 92 14
55 96 8
55 97 11
55 98 19
55 100 3
55 101 10
55 102 18
55 104 5
56 3 8
56 5 18
56 6 10
56 7 5
56 9 19
56 10 11
56 11 3
56 15 16
56 17 20
56 18 2
56 19 14
56 20 17
56 21 21
56 22 7
56 23 13
56 30 12
56 34 15
56 39 14
56 41 1
56 42 15
56 43 16
56 44 9
56 45 6
56 46 12
56 47 13
56 48 4
56 51 5
56 52 4
56 53 6
56 54 7
56 55 8
56 56 0
56 57 1
56 58 2
56 59 3
56 66 11
56 68 9
56 70 10
56 77 21
56 81 20
56 89 19
56 92 17
56 93 18
57 3 11
57 11 10
57 12 19
57 14 8
57 15 7
57 18 5
57 20 18
57 21 17
57 22 3
57 23 2
57 24 21
57 26 16
57 27 15
57 30 14
57 32 20
57 34 13
57 35 12
57 39 12
57 45 9
57 47 15
57 48 6
57 49 4
57 50 14
57 51 2
57 53 4
57 54 16
57 56 1
57 57 0
57 58 13
57 59 7
57 60 1
57 62 5
57 63 10
57 66 8
57 68 6
57 69 9
57 70 3
57 71 11
57 84 20
57 92 21
57 93 17
57 96 18
57 104 19
58 3 19
58 11 18
58 15 21
58 22 17
58 23 20
58 36 11
58 37 8
58 39 6
58 41 5
58 44 10
58 45 3
58 46 9
58 47 1
58 48 7
58 49 16
58 50 4
58 51 1
58 53 14
58 54 4
58 56 2
58 57 13
58 58 0
58 59 6
58 60 15
58 68 12
58 70 9
58 72 12
58 73 14
58 75 20
58 77 16
58 80 15
58 81 13
58 83 21
58 84 2
58 85 5
58 87 18
58 89 8
58 92 7
58 93 3
58 94 17
58 95 19
58 96 10
58 104 11
59 18 18
59 22 19
59 23 17
59 30 20
59 34 21
59 41 10
59 45 11
59 47 9
59 48 8
59 51 4
59 52 5
59 53 2
59 54 1
59 55 4
59 56 3
59 57 7
59 58 6
59 59 0
59 60 16
59 64 14
59 65 12
59 66 6
59 68 13
59 69 15
59 70 1
59 71 9
59 77 15
59 81 12
59 84 14
59 88 16
59 89 7
59 90 21
59 92 13
59 93 2
59 94 20
59 95 17
59 96 5
59 100 8
59 101 11
59 102 19
59 104 3
59 105 10
59 106 18
60 2 15
60 10 12
60 13 19
60 14 11
60 15 3
60 19 8
60 21 18
60 22 10
60 23 5
60 24 17
60 25 21
60 26 7
60 27 13
60 31 16
60 33 20
60 34 2
60 35 14
60 36 9
60 38 10
60 46 11
60 48 9
60 49 6
60 50 12
60 51 13
60 55 14
60 57 1
60 58 15
60 59 16
60 60 0
60 61 1
60 62 2
60 63 3
60 64 4
60 67 5
60 68 4
60 69 6
60 70 7
60 71 8
60 85 20
60 93 21
60 96 17
60 97 18
60 105 19
61 0 20
61 2 13
61 3 12
61 4 21
61 6 16
61 7 15
61 10 14
61 15 10
61 19 11
61 24 18
61 25 17
61 26 3
61 27 2
61 28 19
61 30 8
61 31 7
61 34 5
61 36 6
61 37 9
61 38 3
61 39 11
61 40 1
61 42 5
61 43 10
61 46 8
61 49 9
61 51 15
61 55 12
61 60 1
61 61 0
61 62 13
61 63 7
61 64 6
61 65 4
61 66 14
61 67 2
61 69 4
61 70 16
61 72 19
61 76 18
61 96 21
61 97 17
61 100 20
62 15 18
62 19 19
62 26 17
62 27 20
62 31 21
62 36 12
62 38 9
62 40 15
62 48 10
62 49 3
62 50 9
62 51 1
62 52 11
62 53 8
62 55 6
62 57 5
62 60 2
62 61 13
62 62 0
62 63 6
62 64 7
62 65 16
62 66 4
62 67 1
62 69 14
62 70 4
62 72 11
62 76 10
62 84 15
62 85 13
62 87 21
62 88 12
62 89 14
62 91 20
62 93 16
62 96 7
62 97 3
62 98 17
62 99 19
62 100 2
62 101 5
62 103 18
62 105 8
63 2 21
63 10 20
63 26 19
63 27 17
63 34 18
63 36 13
63 37 15
63 38 1
63 39 9
63 40 16
63 44 14
63 45 12
63 46 6
63 49 11
63 51 9
63 57 10
63 60 3
63 61 7
63 62 6
63 63 0
63 64 8
63 67 4
63 68 5
63 69 2
63 70 1
63 71 4
63 72 3
63 73 10
63 74 18
63 76 5
63 80 8
63 81 11
63 82 19
63 85 12
63 93 15
63 96 13
63 97 2
63 98 20
63 99 17
63 100 14
63 104 16
63 105 7
63 106 21
64 2 12
64 6 15
64 13 18
64 14 10
64 15 5
64 17 19
64 18 11
64 19 3
64 23 8
64 25 20
64 26 2
64 27 14
64 28 17
64 29 21
64 30 7
64 31 13
64 35 16
64 38 11
64 40 9
64 42 10
64 49 1
64 50 15
64 51 16
64 52 9
64 53 6
64 54 12
64 55 13
64 59 14
64 60 4
64 61 6
64 62 7
64 63 8
64 64 0
64 65 1
64 66 2
64 67 3
64 68 4
64 71 5
64 85 21
64 89 20
64 97 19
64 100 17
64 101 18
65 2 14
65 4 20
65 6 13
65 7 12
65 8 21
65 10 16
65 11 15
65 19 10
65 23 11
65 26 5
65 28 18
65 29 17
65 30 3
65 31 2
65 32 19
65 34 8
65 35 7
65 38 8
65 40 6
65 41 9
65 42 3
65 43 11
65 44 1
65 46 5
65 47 10
65 53 9
65 55 15
65 59 12
65 61 4
65 62 16
65 64 1
65 65 0
65 66 13
65 67 7
65 68 6
65 69 4
65 70 14
65 71 2
65 76 19
65 80 18
65 100 21
65 101 17
65 104 20
66 19 18
66 23 19
66 30 17
66 31 20
66 35 21
66 40 12
66 42 9
66 44 15
66 49 5
66 52 10
66 53 3
66 54 9
66 55 1
66 56 11
66 57 8
66 59 6
66 61 14
66 62 4
66 64 2
66 65 13
66 66 0
66 67 6
66 68 7
66 69 16
66 70 4
66 71 1
66 76 11
66 80 10
66 85 16
66 88 15
66 89 13
66 91 21
66 92 12
66 93 14
66 95 20
66 97 8
66 100 7
66 101 3
66 102 17
66 103 19
66 104 2
66 105 5
66 107 18
67 2 20
67 6 21
67 26 18
67 30 19
67 31 17
67 36 14
67 37 12
67 38 6
67 40 13
67 41 15
67 42 1
67 43 9
67 44 16
67 49 10
67 53 11
67 55 9
67 60 5
67 61 2
67 62 1
67 63 4
67 64 3
67 65 7
67 66 6
67 67 0
67 68 8
67 71 4
67 72 8
67 73 11
67 74 19
67 76 3
67 77 10
67 78 18
67 80 5
67 85 15
67 89 12
67 96 16
67 97 7
67 98 21
67 100 13
67 101 2
67 102 20
67 103 17
67 104 14
68 6 12
68 10 15
68 15 8
68 17 18
68 18 10
68 19 5
68 21 19
68 22 11
68 23 3
68 27 16
68 29 20
68 30 2
68 31 14
68 32 17
68 33 21
68 34 7
68 35 13
68 42 11
68 44 9
68 46 10
68 51 14
68 53 1
68 54 15
68 55 16
68 56 9
68 57 6
68 58 12
68 59 13
68 60 4
68 63 5
68 64 4
68 65 6
68 66 7
68 67 8
68 68 0
68 69 1
68 70 2
68 71 3
68 89 21
68 93 20
68 101 19
68 104 17
68 105 18
69 0 21
69 2 16
69 3 15
69 6 14
69 8 20
69 10 13
69 11 12
69 15 11
69 23 10
69 24 19
69 26 8
69 27 7
69 30 5
69 32 18
69 33 17
69 34 3
69 35 2
69 36 1
69 38 5
69 39 10
69 42 8
69 44 6
69 45 9
69 46 3
69 47 11
69 51 12
69 57 9
69 59 15
69 60 6
69 61 4
69 62 14
69 63 2
69 65 4
69 66 16
69 68 1
69 69 0
69 70 13
69 71 7
69 72 18
69 80 19
69 96 20
69 104 21
69 105 17
70 15 19
70 23 18
70 27 21
70 34 17
70 35 20
70 36 15
70 44 12
70 46 9
70 48 11
70 49 8
70 51 6
70 53 5
70 56 10
70 57 3
70 58 9
70 59 1
70 60 7
70 61 16
70 62 4
70 63 1
70 65 14
70 66 4
70 68 2
70 69 13
70 70 0
70 71 6
70 72 10
70 80 11
70 84 12
70 85 14
70 87 20
70 89 16
70 92 15
70 93 13
70 95 21
70 96 2
70 97 5
70 99 18
70 101 8
70 104 7
70 105 3
70 106 17
70 107 19
71 6 20
71 10 21
71 30 18
71 34 19
71 35 17
71 36 16
71 40 14
71 41 12
71 42 6
71 44 13
71 45 15
71 46 1
71 47 9
71 53 10
71 57 11
71 59 9
71 60 8
71 63 4
71 64 5
71 65 2
71 66 1
71 67 4
71 68 3
71 69 7
71 70 6
71 71 0
71 72 5
71 76 8
71 77 11
71 78 19
71 80 3
71 81 10
71 82 18
71 89 15
71 93 12
71 96 14
71 100 16
71 101 7
71 102 21
71 104 13
71 105 2
71 106 20
71 107 17
72 0 17
72 1 18
72 9 19
72 25 20
72 33 21
72 36 17
72 37 21
72 38 7
72 39 13
72 43 16
72 45 20
72 46 2
72 47 14
72 50 15
72 58 12
72 61 19
72 62 11
72 63 3
72 67 8
72 69 18
72 70 10
72 71 5
72 72 0
72 73 1
72 74 2
72 75 3
72 76 4
72 79 5
72 80 4
72 81 6
72 82 7
72 83 8
72 84 9
72 86 10
72 94 11
72 96 9
72 97 6
72 98 12
72 99 13
72 103 14
72 105 1
72 106 15
72 107 16
73 0 21
73 1 17
73 4 20
73 12 19
73 16 18
73 36 18
73 37 17
73 38 3
73 39 2
73 40 19
73 42 8
73 43 7
73 46 5
73 48 20
73 50 13
73 51 12
73 52 21
73 54 16
73 55 15
73 58 14
73 63 10
73 67 11
73 72 1
73 73 0
73 74 13
73 75 7
73 76 6
73 77 4
73 78 14
73 79 2
73 81 4
73 82 16
73 84 6
73 85 9
73 86 3
73 87 11
73 88 1
73 90 5
73 91 10
73 94 8
73 97 9
73 99 15
73 103 12
74 0 7
74 1 3
74 2 17
74 3 19
74 4 2
74 5 5
74 7 18
74 9 8
74 12 11
74 16 10
74 24 15
74 25 13
74 27 21
74 28 12
74 29 14
74 31 20
74 33 16
74 38 17
74 39 20
74 43 21
74 63 18
74 67 19
74 72 2
74 73 13
74 74 0
74 75 6
74 76 7
74 77 16
74 78 4
74 79 1
74 81 14
74 82 4
74 84 12
74 86 9
74 88 15
74 96 10
74 97 3
74 98 9
74 99 1
74 100 11
74 101 8
74 103 6
74 105 5
75 0 13
75 1 2
75 2 20
75 3 17
75 4 14
75 8 16
75 9 7
75 10 21
75 12 3
75 13 10
75 14 18
75 16 5
75 20 8
75 21 11
75 22 19
75 25 12
75 33 15
75 38 19
75 39 17
75 46 18
75 50 21
75 58 20
75 72 3
75 73 7
75 74 6
75 75 0
75 76 8
75 79 4
75 80 5
75 81 2
75 82 1
75 83 4
75 84 13
75 85 15
75 86 1
75 87 9
75 88 16
75 92 14
75 93 12
75 94 6
75 97 11
75 99 9
75 105 10
76 1 19
76 4 17
76 5 18
76 25 21
76 29 20
76 37 20
76 38 2
76 39 14
76 40 17
76 41 21
76 42 7
76 43 13
76 47 16
76 50 12
76 54 15
76 61 18
76 62 10
76 63 5
76 65 19
76 66 11
76 67 3
76 71 8
76 72 4
76 73 6
76 74 7
76 75 8
76 76 0
76 77 1
76 78 2
76 79 3
76 80 4
76 83 5
76 86 11
76 88 9
76 90 10
76 97 1
76 98 15
76 99 16
76 100 9
76 101 6
76 102 12
76 103 13
76 107 14
77 4 21
77 5 17
77 8 20
77 16 19
77 20 18
77 38 5
77 40 18
77 41 17
77 42 3
77 43 2
77 44 19
77 46 8
77 47 7
77 50 14
77 52 20
77 54 13
77 55 12
77 56 21
77 58 16
77 59 15
77 67 10
77 71 11
77 73 4
77 74 16
77 76 1
77 77 0
77 78 13
77 79 7
77 80 6
77 81 4
77 82 14
77 83 2
77 86 8
77 88 6
77 89 9
77 90 3
77 91 11
77 92 1
77 94 5
77 95 10
77 101 9
77 103 15
77 107 12
78 1 8
78 4 7
78 5 3
78 6 17
78 7 19
78 8 2
78 9 5
78 11 18
78 16 11
78 20 10
78 25 16
78 28 15
78 29 13
78 31 21
78 32 12
78 33 14
78 35 20
78 42 17
78 43 20
78 47 21
78 67 18
78 71 19
78 73 14
78 74 4
78 76 2
78 77 13
78 78 0
78 79 6
78 80 7
78 81 16
78 82 4
78 83 1
78 88 12
78 90 9
78 92 15
78 97 5
78 100 10
78 101 3
78 102 9
78 103 1
78 104 11
78 105 8
78 107 6
79 0 16
79 1 7
79 2 21
79 4 13
79 5 2
79 6 20
79 7 17
79 8 14
79 12 8
79 13 11
79 14 19
79 16 3
79 17 10
79 18 18
79 20 5
79 25 15
79 29 12
79 38 18
79 42 19
79 43 17
79 50 20
79 54 21
79 72 5
79 73 2
79 74 1
79 75 4
79 76 3
79 77 7
79 78 6
79 79 0
79 80 8
79 83 4
79 84 14
79 85 12
79 86 6
79 88 13
79 89 15
79 90 1
79 91 9
79 92 16
79 97 10
79 101 11
79 103 9
80 5 19
80 8 17
80 9 18
80 29 21
80 33 20
80 39 16
80 41 20
80 42 2
80 43 14
80 44 17
80 45 21
80 46 7
80 47 13
80 54 12
80 58 15
80 63 8
80 65 18
80 66 10
80 67 5
80 69 19
80 70 11
80 71 3
80 72 4
80 75 5
80 76 4
80 77 6
80 78 7
80 79 8
80 80 0
80 81 1
80 82 2
80 83 3
80 90 11
80 92 9
80 94 10
80 99 14
80 101 1
80 102 15
80 103 16
80 104 9
80 105 6
80 106 12
80 107 13
81 0 20
81 8 21
81 9 17
81 12 18
81 20 19
81 36 19
81 38 8
81 39 7
81 42 5
81 44 18
81 45 17
81 46 3
81 47 2
81 48 21
81 50 16
81 51 15
81 54 14
81 56 20
81 58 13
81 59 12
81 63 11
81 71 10
81 72 6
81 73 4
81 74 14
81 75 2
81 77 4
81 78 16
81 80 1
81 81 0
81 82 13
81 83 7
81 84 1
81 86 5
81 87 10
81 90 8
81 92 6
81 93 9
81 94 3
81 95 11
81 99 12
81 105 9
81 107 15
82 0 2
82 1 5
82 3 18
82 5 8
82 8 7
82 9 3
82 10 17
82 11 19
82 12 10
82 20 11
82 24 12
82 25 14
82 27 20
82 29 16
82 32 15
82 33 13
82 35 21
82 39 21
82 46 17
82 47 20
82 63 19
82 71 18
82 72 7
82 73 16
82 74 4
82 75 1
82 77 14
82 78 4
82 80 2
82 81 13
82 82 0
82 83 6
82 84 15
82 92 12
82 94 9
82 96 11
82 97 8
82 99 6
82 101 5
82 104 10
82 105 3
82 106 9
82 107 1
83 0 14
83 4 16
83 5 7
83 6 21
83 8 13
83 9 2
83 10 20
83 11 17
83 12 5
83 16 8
83 17 11
83 18 19
83 20 3
83 21 10
83 22 18
83 29 15
83 33 12
83 42 18
83 46 19
83 47 17
83 54 20
83 58 21
83 72 8
83 75 4
83 76 5
83 77 2
83 78 1
83 79 4
83 80 3
83 81 7
83 82 6
83 83 0
83 84 16
83 88 14
83 89 12
83 90 6
83 92 13
83 93 15
83 94 1
83 95 9
83 101 10
83 105 11
83 107 9
84 1 20
84 9 21
84 12 17
84 13 18
84 21 19
84 37 19
84 38 11
84 39 3
84 43 8
84 45 18
84 46 10
84 47 5
84 48 17
84 49 21
84 50 7
84 51 13
84 55 16
84 57 20
84 58 2
84 59 14
84 62 15
84 70 12
84 72 9
84 73 6
84 74 12
84 75 13
84 79 14
84 81 1
84 82 15
84 83 16
84 84 0
84 85 1
84 86 2
84 87 3
84 88 4
84 91 5
84 92 4
84 93 6
84 94 7
84 95 8
84 96 9
84 98 10
84 106 11
85 12 21
85 13 17
85 16 20
85 24 19
85 28 18
85 39 10
85 43 11
85 48 18
85 49 17
85 50 3
85 51 2
85 52 19
85 54 8
85 55 7
85 58 5
85 60 20
85 62 13
85 63 12
85 64 21
85 66 16
85 67 15
85 70 14
85 73 9
85 75 15
85 79 12
85 84 1
85 85 0
85 86 13
85 87 7
85 88 6
85 89 4
85 90 14
85 91 2
85 93 4
85 94 16
85 96 6
85 97 9
85 98 3
85 99 11
85 100 1
85 102 5
85 103 10
85 106 8
86 0 15
86 1 13
86 3 21
86 4 12
86 5 14
86 7 20
86 9 16
86 12 7
86 13 3
86 14 17
86 15 19
86 16 2
86 17 5
86 19 18
86 21 8
86 24 11
86 28 10
86 39 18
86 43 19
86 50 17
86 51 20
86 55 21
86 72 10
86 73 3
86 74 9
86 75 1
86 76 11
86 77 8
86 79 6
86 81 5
86 84 2
86 85 13
86 86 0
86 87 6
86 88 7
86 89 16
86 90 4
86 91 1
86 93 14
86 94 4
86 96 12
86 98 9
86 100 15
87 1 12
87 9 15
87 12 13
87 13 2
87 14 20
87 15 17
87 16 14
87 20 16
87 21 7
87 22 21
87 24 3
87 25 10
87 26 18
87 28 5
87 32 8
87 33 11
87 34 19
87 50 19
87 51 17
87 58 18
87 62 21
87 70 20
87 73 11
87 75 9
87 81 10
87 84 3
87 85 7
87 86 6
87 87 0
87 88 8
87 91 4
87 92 5
87 93 2
87 94 1
87 95 4
87 96 13
87 97 15
87 98 1
87 99 9
87 100 16
87 104 14
87 105 12
87 106 6
88 1 21
88 5 20
88 13 19
88 16 17
88 17 18
88 37 18
88 38 10
88 39 5
88 41 19
88 42 11
88 43 3
88 47 8
88 49 20
88 50 2
88 51 14
88 52 17
88 53 21
88 54 7
88 55 13
88 59 16
88 62 12
88 66 15
88 73 1
88 74 15
88 75 16
88 76 9
88 77 6
88 78 12
88 79 13
88 83 14
88 84 4
88 85 6
88 86 7
88 87 8
88 88 0
88 89 1
88 90 2
88 91 3
88 92 4
88 95 5
88 98 11
88 100 9
88 102 10
89 16 21
89 17 17
89 20 20
89 28 19
89 32 18
89 43 10
89 47 11
89 50 5
89 52 18
89 53 17
89 54 3
89 55 2
89 56 19
89 58 8
89 59 7
89 62 14
89 64 20
89 66 13
89 67 12
89 68 21
89 70 16
89 71 15
89 77 9
89 79 15
89 83 12
89 85 4
89 86 16
89 88 1
89 89 0
89 90 13
89 91 7
89 92 6
89 93 4
89 94 14
89 95 2
89 98 8
89 100 6
89 101 9
89 102 3
89 103 11
89 104 1
89 106 5
89 107 10
90 1 16
90 4 15
90 5 13
90 7 21
90 8 12
90 9 14
90 11 20
90 13 8
90 16 7
90 17 3
90 18 17
90 19 19
90 20 2
90 21 5
90 23 18
90 28 11
90 32 10
90 43 18
90 47 19
90 54 17
90 55 20
90 59 21
90 73 5
90 76 10
90 77 3
90 78 9
90 79 1
90 80 11
90 81 8
90 83 6
90 85 14
90 86 4
90 88 2
90 89 13
90 90 0
90 91 6
90 92 7
90 93 16
90 94 4
90 95 1
90 100 12
90 102 9
90 104 15
91 1 15
91 5 12
91 12 16
91 13 7
91 14 21
91 16 13
91 17 2
91 18 20
91 19 17
91 20 14
91 24 8
91 25 11
91 26 19
91 28 3
91 29 10
91 30 18
91 32 5
91 50 18
91 54 19
91 55 17
91 62 20
91 66 21
91 73 10
91 77 11
91 79 9
91 84 5
91 85 2
91 86 1
91 87 4
91 88 3
91 89 7
91 90 6
91 91 0
91 92 8
91 95 4
91 96 14
91 97 12
91 98 6
91 100 13
91 101 15
91 102 1
91 103 9
91 104 16
92 5 21
92 9 20
92 17 19
92 20 17
92 21 18
92 39 8
92 41 18
92 42 10
92 43 5
92 45 19
92 46 11
92 47 3
92 51 16
92 53 20
92 54 2
92 55 14
92 56 17
92 57 21
92 58 7
92 59 13
92 66 12
92 70 15
92 75 14
92 77 1
92 78 15
92 79 16
92 80 9
92 81 6
92 82 12
92 83 13
92 84 4
92 87 5
92 88 4
92 89 6
92 90 7
92 91 8
92 92 0
92 93 1
92 94 2
92 95 3
92 102 11
92 104 9
92 106 10
93 12 20
93 20 21
93 21 17
93 24 18
93 32 19
93 39 11
93 47 10
93 48 19
93 50 8
93 51 7
93 54 5
93 56 18
93 57 17
93 58 3
93 59 2
93 60 21
93 62 16
93 63 15
93 66 14
93 68 20
93 70 13
93 71 12
93 75 12
93 81 9
93 83 15
93 84 6
93 85 4
93 86 14
93 87 2
93 89 4
93 90 16
93 92 1
93 93 0
93 94 13
93 95 7
93 96 1
93 98 5
93 99 10
93 102 8
93 104 6
93 105 9
93 106 3
93 107 11
94 0 12
94 1 14
94 3 20
94 5 16
94 8 15
94 9 13
94 11 21
94 12 2
94 13 5
94 15 18
94 17 8
94 20 7
94 21 3
94 22 17
94 23 19
94 24 10
94 32 11
94 39 19
94 47 18
94 51 21
94 58 17
94 59 20
94 72 11
94 73 8
94 75 6
94 77 5
94 80 10
94 81 3
94 82 9
94 83 1
94 84 7
94 85 16
94 86 4
94 87 1
94 89 14
94 90 4
94 92 2
94 93 13
94 94 0
94 95 6
94 96 15
94 104 12
94 106 9
95 5 15
95 9 12
95 12 14
95 16 16
95 17 7
95 18 21
95 20 13
95 21 2
95 22 20
95 23 17
95 24 5
95 28 8
95 29 11
95 30 19
95 32 3
95 33 10
95 34 18
95 54 18
95 58 19
95 59 17
95 66 20
95 70 21
95 77 10
95 81 11
95 83 9
95 84 8
95 87 4
95 88 5
95 89 2
95 90 1
95 91 4
95 92 3
95 93 7
95 94 6
95 95 0
95 96 16
95 100 14
95 101 12
95 102 6
95 104 13
95 105 15
95 106 1
95 107 9
96 13 20
96 21 21
96 24 17
96 25 18
96 33 19
96 38 15
96 46 12
96 49 19
96 50 11
96 51 3
96 55 8
96 57 18
96 58 10
96 59 5
96 60 17
96 61 21
96 62 7
96 63 13
96 67 16
96 69 20
96 70 2
96 71 14
96 72 9
96 74 10
96 82 11
96 84 9
96 85 6
96 86 12
96 87 13
96 91 14
96 93 1
96 94 15
96 95 16
96 96 0
96 97 1
96 98 2
96 99 3
96 100 4
96 103 5
96 104 4
96 105 6
96 106 7
96 107 8
97 0 19
97 4 18
97 24 21
97 25 17
97 28 20
97 36 20
97 38 13
97 39 12
97 40 21
97 42 16
97 43 15
97 46 14
97 51 10
97 55 11
97 60 18
97 61 17
97 62 3
97 63 2
97 64 19
97 66 8
97 67 7
97 70 5
97 72 6
97 73 9
97 74 3
97 75 11
97 76 1
97 78 5
97 79 10
97 82 8
97 85 9
97 87 15
97 91 12
97 96 1
97 97 0
97 98 13
97 99 7
97 100 6
97 101 4
97 102 14
97 103 2
97 105 4
97 106 16
98 0 11
98 4 10
98 12 15
98 13 13
98 15 21
98 16 12
98 17 14
98 19 20
98 21 16
98 24 7
98 25 3
98 26 17
98 27 19
98 28 2
98 29 5
98 31 18
98 33 8
98 51 18
98 55 19
98 62 17
98 63 20
98 67 21
98 72 12
98 74 9
98 76 15
98 84 10
98 85 3
98 86 9
98 87 1
98 88 11
98 89 8
98 91 6
98 93 5
98 96 2
98 97 13
98 98 0
98 99 6
98 100 7
98 101 16
98 102 4
98 103 1
98 105 14
98 106 4
99 0 3
99 1 10
99 2 18
99 4 5
99 8 8
99 9 11
99 10 19
99 13 12
99 21 15
99 24 13
99 25 2
99 26 20
99 27 17
99 28 14
99 32 16
99 33 7
99 34 21
99 38 21
99 46 20
99 62 19
99 63 17
99 70 18
99 72 13
99 73 15
99 74 1
99 75 9
99 76 16
99 80 14
99 81 12
99 82 6
99 85 11
99 87 9
99 93 10
99 96 3
99 97 7
99 98 6
99 99 0
99 100 8
99 103 4
99 104 5
99 105 2
99 106 1
99 107 4
100 13 21
100 17 20
100 25 19
100 28 17
100 29 18
100 38 12
100 42 15
100 49 18
100 50 10
100 51 5
100 53 19
100 54 11
100 55 3
100 59 8
100 61 20
100 62 2
100 63 14
100 64 17
100 65 21
100 66 7
100 67 13
100 71 16
100 74 11
100 76 9
100 78 10
100 85 1
100 86 15
100 87 16
100 88 9
100 89 6
100 90 12
100 91 13
100 95 14
100 96 4
100 97 6
100 98 7
100 99 8
100 100 0
100 101 1
100 102 2
100 103 3
100 104 4
100 107 5
101 4 19
101 8 18
101 28 21
101 29 17
101 32 20
101 38 14
101 40 20
101 42 13
101 43 12
101 44 21
101 46 16
101 47 15
101 55 10
101 59 11
101 62 5
101 64 18
101 65 17
101 66 3
101 67 2
101 68 19
101 70 8
101 71 7
101 74 8
101 76 6
101 77 9
101 78 3
101 79 11
101 80 1
101 82 5
101 83 10
101 89 9
101 91 15
101 95 12
101 97 4
101 98 16
101 100 1
101 101 0
101 102 13
101 103 7
101 104 6
101 105 4
101 106 14
101 107 2
102 4 11
102 8 10
102 13 16
102 16 15
102 17 13
102 19 21
102 20 12
102 21 14
102 23 20
102 25 8
102 28 7
102 29 3
102 30 17
102 31 19
102 32 2
102 33 5
102 35 18
102 55 18
102 59 19
102 66 17
102 67 20
102 71 21
102 76 12
102 78 9
102 80 15
102 85 5
102 88 10
102 89 3
102 90 9
102 91 1
102 92 11
102 93 8
102 95 6
102 97 14
102 98 4
102 100 2
102 101 13
102 102 0
102 103 6
102 104 7
102 105 16
102 106 4
102 107 1
103 0 8
103 1 11
103 2 19
103 4 3
103 5 10
103 6 18
103 8 5
103 13 15
103 17 12
103 24 16
103 25 7
103 26 21
103 28 13
103 29 2
103 30 20
103 31 17
103 32 14
103 38 20
103 42 21
103 62 18
103 66 19
103 67 17
103 72 14
103 73 12
103 74 6
103 76 13
103 77 15
103 78 1
103 79 9
103 80 16
103 85 10
103 89 11
103 91 9
103 96 5
103 97 2
103 98 1
103 99 4
103 100 3
103 101 7
103 102 6
103 103 0
103 104 8
103 107 4
104 17 21
104 21 20
104 29 19
104 32 17
104 33 18
104 42 12
104 46 15
104 51 8
104 53 18
104 54 10
104 55 5
104 57 19
104 58 11
104 59 3
104 63 16
104 65 20
104 66 2
104 67 14
104 68 17
104 69 21
104 70 7
104 71 13
104 78 11
104 80 9
104 82 10
104 87 14
104 89 1
104 90 15
104 91 16
104 92 9
104 93 6
104 94 12
104 95 13
104 96 4
104 99 5
104 100 4
104 101 6
104 102 7
104 103 8
104 104 0
104 105 1
104 106 2
104 107 3
105 0 18
105 8 19
105 24 20
105 32 21
105 33 17
105 36 21
105 38 16
105 39 15
105 42 14
105 44 20
105 46 13
105 47 12
105 51 11
105 59 10
105 60 19
105 62 8
105 63 7
105 66 5
105 68 18
105 69 17
105 70 3
105 71 2
105 72 1
105 74 5
105 75 10
105 78 8
105 80 6
105 81 9
105 82 3
105 83 11
105 87 12
105 93 9
105 95 15
105 96 6
105 97 4
105 98 14
105 99 2
105 101 4
105 102 16
105 104 1
105 105 0
105 106 13
105 107 7
106 0 10
106 8 11
106 12 12
106 13 14
106 15 20
106 17 16
106 20 15
106 21 13
106 23 21
106 24 2
106 25 5
106 27 18
106 29 8
106 32 7
106 33 3
106 34 17
106 35 19
106 51 19
106 59 18
106 63 21
106 70 17
106 71 20
106 72 15
106 80 12
106 82 9
106 84 11
106 85 8
106 87 6
106 89 5
106 92 10
106 93 3
106 94 9
106 95 1
106 96 7
106 97 16
106 98 4
106 99 1
106 101 14
106 102 4
106 104 2
106 105 13
106 106 0
106 107 6
107 0 5
107 4 8
107 5 11
107 6 19
107 8 3
107 9 10
107 10 18
107 17 15
107 21 12
107 24 14
107 28 16
107 29 7
107 30 21
107 32 13
107 33 2
107 34 20
107 35 17
107 42 20
107 46 21
107 66 18
107 70 19
107 71 17
107 72 16
107 76 14
107 77 12
107 78 6
107 80 13
107 81 15
107 82 1
107 83 9
107 89 10
107 93 11
107 95 9
107 96 8
107 99 4
107 100 5
107 101 2
107 102 1
107 103 4
107 104 3
107 105 7
107 106 6
107 107 0
