22

0 0 3.4043999448845215
0 1 6.82435578471674e-18
0 2 0.0
1 0 6.82435578471674e-18
1 1 3.4043999448845215
1 2 -6.82435578471674e-18
2 0 9.626140997845159e-35
2 1 -6.82435578471674e-18
2 2 3.4043999448845215

0 0 0.04508234731351056
0 1 1.1684184964771636e-18
0 2 -1.2587891881286703e-18
1 0 -1.3561971289385308e-18
1 1 -0.49187542521875205
1 2 -0.443282473915266
2 0 1.2658264372870242e-18
2 1 -0.443282473915266
2 2 -0.49187542521875205

0 0 -0.49187542521875205
0 1 1.2658264372870242e-18
0 2 -0.443282473915266
1 0 -1.2587891881286703e-18
1 1 0.04508234731351056
1 2 1.1684184964771636e-18
2 0 -0.443282473915266
2 1 -1.3561971289385308e-18
2 2 -0.49187542521875205

0 0 -0.49187542521875205
0 1 -0.443282473915266
0 2 -1.3561971289385308e-18
1 0 -0.443282473915266
1 1 -0.49187542521875205
1 2 1.2658264372870242e-18
2 0 1.1684184964771636e-18
2 1 -1.2587891881286703e-18
2 2 0.04508234731351056

0 0 -0.01871637367227899
0 1 -3.751826900692474e-20
0 2 8.68030576006425e-20
1 0 -3.751826900692474e-20
1 1 -0.01871637367227899
1 2 -4.9284788593717757e-20
2 0 8.68030576006425e-20
2 1 -4.928478859371776e-20
2 2 0.06788881920856117

0 0 0.006716490629285139
0 1 0.005767073733623417
0 2 0.01654572754466911
1 0 0.005767073733623417
1 1 0.006716490629285139
1 2 0.01654572754466911
2 0 0.01654572754466911
2 1 0.01654572754466911
2 2 0.022737259226860505

0 0 0.04508234731351056
0 1 -1.2658264372870242e-18
0 2 -1.3561971289385308e-18
1 0 1.2587891881286703e-18
1 1 -0.49187542521875205
1 2 0.443282473915266
2 0 1.1684184964771636e-18
2 1 0.443282473915266
2 2 -0.49187542521875205

0 0 -0.49187542521875205
0 1 -1.3561971289385308e-18
0 2 0.443282473915266
1 0 1.1684184964771636e-18
1 1 0.04508234731351056
1 2 1.2587891881286703e-18
2 0 0.443282473915266
2 1 -1.2658264372870242e-18
2 2 -0.49187542521875205

0 0 0.006716490629285139
0 1 0.005767073733623417
0 2 -0.01654572754466911
1 0 0.005767073733623417
1 1 0.006716490629285139
1 2 -0.01654572754466911
2 0 -0.01654572754466911
2 1 -0.01654572754466911
2 2 0.022737259226860505

0 0 -0.01871637367227899
0 1 -4.9284788593717757e-20
0 2 -3.751826900692474e-20
1 0 -4.928478859371776e-20
1 1 0.06788881920856117
1 2 8.68030576006425e-20
2 0 -3.751826900692474e-20
2 1 8.68030576006425e-20
2 2 -0.01871637367227899

0 0 0.006716490629285139
0 1 0.01654572754466911
0 2 0.005767073733623417
1 0 0.01654572754466911
1 1 0.022737259226860505
1 2 0.01654572754466911
2 0 0.005767073733623417
2 1 0.01654572754466911
2 2 0.006716490629285139

0 0 0.006716490629285139
0 1 0.01654572754466911
0 2 -0.005767073733623417
1 0 0.01654572754466911
1 1 0.022737259226860505
1 2 -0.01654572754466911
2 0 -0.005767073733623417
2 1 -0.01654572754466911
2 2 0.006716490629285139

0 0 0.006716490629285139
0 1 -0.01654572754466911
0 2 0.005767073733623417
1 0 -0.01654572754466911
1 1 0.022737259226860505
1 2 -0.01654572754466911
2 0 0.005767073733623417
2 1 -0.01654572754466911
2 2 0.006716490629285139

0 0 -0.49187542521875205
0 1 0.443282473915266
0 2 1.2587891881286703e-18
1 0 0.443282473915266
1 1 -0.49187542521875205
1 2 1.1684184964771636e-18
2 0 -1.2658264372870242e-18
2 1 -1.3561971289385308e-18
2 2 0.04508234731351056

0 0 0.006716490629285139
0 1 -0.005767073733623417
0 2 0.01654572754466911
1 0 -0.005767073733623417
1 1 0.006716490629285139
1 2 -0.01654572754466911
2 0 0.01654572754466911
2 1 -0.01654572754466911
2 2 0.022737259226860505

0 0 0.006716490629285139
0 1 -0.01654572754466911
0 2 -0.005767073733623417
1 0 -0.01654572754466911
1 1 0.022737259226860505
1 2 0.01654572754466911
2 0 -0.005767073733623417
2 1 0.01654572754466911
2 2 0.006716490629285139

0 0 0.006716490629285139
0 1 -0.005767073733623417
0 2 -0.01654572754466911
1 0 -0.005767073733623417
1 1 0.006716490629285139
1 2 0.01654572754466911
2 0 -0.01654572754466911
2 1 0.01654572754466911
2 2 0.022737259226860505

0 0 0.06788881920856117
0 1 4.928478859371776e-20
0 2 8.68030576006425e-20
1 0 4.9284788593717757e-20
1 1 -0.01871637367227899
1 2 3.751826900692474e-20
2 0 8.68030576006425e-20
2 1 3.751826900692474e-20
2 2 -0.01871637367227899

0 0 0.022737259226860505
0 1 0.01654572754466911
0 2 0.01654572754466911
1 0 0.01654572754466911
1 1 0.006716490629285139
1 2 0.005767073733623417
2 0 0.01654572754466911
2 1 0.005767073733623417
2 2 0.006716490629285139

0 0 0.022737259226860505
0 1 0.01654572754466911
0 2 -0.01654572754466911
1 0 0.01654572754466911
1 1 0.006716490629285139
1 2 -0.005767073733623417
2 0 -0.01654572754466911
2 1 -0.005767073733623417
2 2 0.006716490629285139

0 0 0.022737259226860505
0 1 -0.01654572754466911
0 2 0.01654572754466911
1 0 -0.01654572754466911
1 1 0.006716490629285139
1 2 -0.005767073733623417
2 0 0.01654572754466911
2 1 -0.005767073733623417
2 2 0.006716490629285139

0 0 0.022737259226860505
0 1 -0.01654572754466911
0 2 -0.01654572754466911
1 0 -0.01654572754466911
1 1 0.006716490629285139
1 2 0.005767073733623417
2 0 -0.01654572754466911
2 1 0.005767073733623417
2 2 0.006716490629285139

