22

0 0 2.8618793885801836
0 1 5.736835705794627e-18
0 2 0.0
1 0 5.736835705794627e-18
1 1 2.8618793885801836
1 2 -5.736835705794627e-18
2 0 -3.2700210604583463e-35
2 1 -5.736835705794627e-18
2 2 2.8618793885801836

0 0 -0.44795113383955965
0 1 -0.40764778880583524
0 2 -1.223599324608553e-18
1 0 -0.40764778880583524
1 1 -0.44795113383955965
1 2 1.122755110904088e-18
2 0 1.0419642607463047e-18
2 1 -1.1428084744507698e-18
2 2 0.05030717131516808

0 0 -0.44795113383955965
0 1 0.40764778880583524
0 2 -1.122755110904088e-18
1 0 0.40764778880583524
1 1 -0.44795113383955965
1 2 -1.223599324608553e-18
2 0 1.1428084744507698e-18
2 1 1.0419642607463047e-18
2 2 0.05030717131516808

0 0 0.05030717131516808
0 1 1.0419642607463047e-18
0 2 -1.1428084744507698e-18
1 0 -1.223599324608553e-18
1 1 -0.44795113383955965
1 2 -0.40764778880583524
2 0 1.122755110904088e-18
2 1 -0.40764778880583524
2 2 -0.44795113383955965

0 0 0.05030717131516808
0 1 1.1428084744507698e-18
0 2 1.0419642607463047e-18
1 0 -1.122755110904088e-18
1 1 -0.44795113383955965
1 2 0.40764778880583524
2 0 -1.223599324608553e-18
2 1 0.40764778880583524
2 2 -0.44795113383955965

0 0 -0.44795113383955965
0 1 1.122755110904088e-18
0 2 -0.40764778880583524
1 0 -1.1428084744507698e-18
1 1 0.05030717131516808
1 2 1.0419642607463047e-18
2 0 -0.40764778880583524
2 1 -1.223599324608553e-18
2 2 -0.44795113383955965

0 0 -0.44795113383955965
0 1 -1.223599324608553e-18
0 2 0.40764778880583524
1 0 1.0419642607463047e-18
1 1 0.05030717131516808
1 2 1.1428084744507698e-18
2 0 0.40764778880583524
2 1 -1.122755110904088e-18
2 2 -0.44795113383955965

0 0 0.004948857985262792
0 1 0.010237177999349884
0 2 -0.0043564731559585824
1 0 0.010237177999349884
1 1 0.01705986438598085
1 2 -0.010237177999349884
2 0 -0.0043564731559585824
2 1 -0.010237177999349884
2 2 0.004948857985262792

0 0 0.01705986438598085
0 1 -0.010237177999349884
0 2 0.010237177999349884
1 0 -0.010237177999349884
1 1 0.004948857985262792
1 2 -0.0043564731559585824
2 0 0.010237177999349884
2 1 -0.0043564731559585824
2 2 0.004948857985262792

0 0 0.004948857985262792
0 1 0.010237177999349884
0 2 0.0043564731559585824
1 0 0.010237177999349884
1 1 0.01705986438598085
1 2 0.010237177999349884
2 0 0.0043564731559585824
2 1 0.010237177999349884
2 2 0.004948857985262792

0 0 0.01705986438598085
0 1 -0.010237177999349884
0 2 -0.010237177999349884
1 0 -0.010237177999349884
1 1 0.004948857985262792
1 2 0.0043564731559585824
2 0 -0.010237177999349884
2 1 0.0043564731559585824
2 2 0.004948857985262792

0 0 0.004948857985262792
0 1 -0.010237177999349884
0 2 0.0043564731559585824
1 0 -0.010237177999349884
1 1 0.01705986438598085
1 2 -0.010237177999349884
2 0 0.0043564731559585824
2 1 -0.010237177999349884
2 2 0.004948857985262792

0 0 0.01705986438598085
0 1 0.010237177999349884
0 2 -0.010237177999349884
1 0 0.010237177999349884
1 1 0.004948857985262792
1 2 -0.0043564731559585824
2 0 -0.010237177999349884
2 1 -0.0043564731559585824
2 2 0.004948857985262792

0 0 0.004948857985262792
0 1 -0.010237177999349884
0 2 -0.0043564731559585824
1 0 -0.010237177999349884
1 1 0.01705986438598085
1 2 0.010237177999349884
2 0 -0.0043564731559585824
2 1 0.010237177999349884
2 2 0.004948857985262792

0 0 0.01705986438598085
0 1 0.010237177999349884
0 2 0.010237177999349884
1 0 0.010237177999349884
1 1 0.004948857985262792
1 2 0.0043564731559585824
2 0 0.010237177999349884
2 1 0.0043564731559585824
2 2 0.004948857985262792

0 0 0.004948857985262792
0 1 -0.0043564731559585824
0 2 -0.010237177999349884
1 0 -0.0043564731559585824
1 1 0.004948857985262792
1 2 0.010237177999349884
2 0 -0.010237177999349884
2 1 0.010237177999349884
2 2 0.01705986438598085

0 0 0.004948857985262792
0 1 0.0043564731559585824
0 2 0.010237177999349884
1 0 0.0043564731559585824
1 1 0.004948857985262792
1 2 0.010237177999349884
2 0 0.010237177999349884
2 1 0.010237177999349884
2 2 0.01705986438598085

0 0 0.004948857985262792
0 1 0.0043564731559585824
0 2 -0.010237177999349884
1 0 0.0043564731559585824
1 1 0.004948857985262792
1 2 -0.010237177999349884
2 0 -0.010237177999349884
2 1 -0.010237177999349884
2 2 0.01705986438598085

0 0 0.004948857985262792
0 1 -0.0043564731559585824
0 2 0.010237177999349884
1 0 -0.0043564731559585824
1 1 0.004948857985262792
1 2 -0.010237177999349884
2 0 0.010237177999349884
2 1 -0.010237177999349884
2 2 0.01705986438598085

0 0 0.15026450734753885
0 1 1.5168811024660454e-19
0 2 1.4952751557774953e-19
1 0 1.5168811024660454e-19
1 1 0.001077834832123011
1 2 -2.1605946688550334e-21
2 0 1.4952751557774953e-19
2 1 -2.160594668855033e-21
2 2 0.001077834832123011

0 0 0.001077834832123011
0 1 -1.5168811024660454e-19
0 2 2.1605946688550334e-21
1 0 -1.5168811024660454e-19
1 1 0.15026450734753885
1 2 1.4952751557774953e-19
2 0 2.160594668855033e-21
2 1 1.4952751557774953e-19
2 2 0.001077834832123011

0 0 0.001077834832123011
0 1 2.160594668855033e-21
0 2 1.4952751557774953e-19
1 0 2.1605946688550334e-21
1 1 0.001077834832123011
1 2 -1.5168811024660454e-19
2 0 1.4952751557774953e-19
2 1 -1.5168811024660454e-19
2 2 0.15026450734753885

