0.0 0.0 0.0
0.0 2.025 2.025
2.025 0.0 2.025
2.025 2.025 0.0
0.0 0.0 4.05
0.0 2.025 6.074999999999999
2.025 0.0 6.074999999999999
2.025 2.025 4.05
0.0 0.0 8.1
0.0 2.025 10.125
2.025 0.0 10.125
2.025 2.025 8.1
0.0 4.05 0.0
0.0 6.074999999999999 2.025
2.025 4.05 2.025
2.025 6.074999999999999 0.0
0.0 4.05 4.05
0.0 6.074999999999999 6.074999999999999
2.025 4.05 6.074999999999999
2.025 6.074999999999999 4.05
0.0 4.05 8.1
0.0 6.074999999999999 10.125
2.025 4.05 10.125
2.025 6.074999999999999 8.1
0.0 8.1 0.0
0.0 10.125 2.025
2.025 8.1 2.025
2.025 10.125 0.0
0.0 8.1 4.05
0.0 10.125 6.074999999999999
2.025 8.1 6.074999999999999
2.025 10.125 4.05
0.0 8.1 8.1
0.0 10.125 10.125
2.025 8.1 10.125
2.025 10.125 8.1
4.05 0.0 0.0
4.05 2.025 2.025
6.074999999999999 0.0 2.025
6.074999999999999 2.025 0.0
4.05 0.0 4.05
4.05 2.025 6.074999999999999
6.074999999999999 0.0 6.074999999999999
6.074999999999999 2.025 4.05
4.05 0.0 8.1
4.05 2.025 10.125
6.074999999999999 0.0 10.125
6.074999999999999 2.025 8.1
4.05 4.05 0.0
4.05 6.074999999999999 2.025
6.074999999999999 4.05 2.025
6.074999999999999 6.074999999999999 0.0
4.05 4.05 4.05
4.05 6.074999999999999 6.074999999999999
6.074999999999999 4.05 6.074999999999999
6.074999999999999 6.074999999999999 4.05
4.05 4.05 8.1
4.05 6.074999999999999 10.125
6.074999999999999 4.05 10.125
6.074999999999999 6.074999999999999 8.1
4.05 8.1 0.0
4.05 10.125 2.025
6.074999999999999 8.1 2.025
6.074999999999999 10.125 0.0
4.05 8.1 4.05
4.05 10.125 6.074999999999999
6.074999999999999 8.1 6.074999999999999
6.074999999999999 10.125 4.05
4.05 8.1 8.1
4.05 10.125 10.125
6.074999999999999 8.1 10.125
6.074999999999999 10.125 8.1
8.1 0.0 0.0
8.1 2.025 2.025
10.125 0.0 2.025
10.125 2.025 0.0
8.1 0.0 4.05
8.1 2.025 6.074999999999999
10.125 0.0 6.074999999999999
10.125 2.025 4.05
8.1 0.0 8.1
8.1 2.025 10.125
10.125 0.0 10.125
10.125 2.025 8.1
8.1 4.05 0.0
8.1 6.074999999999999 2.025
10.125 4.05 2.025
10.125 6.074999999999999 0.0
8.1 4.05 4.05
8.1 6.074999999999999 6.074999999999999
10.125 4.05 6.074999999999999
10.125 6.074999999999999 4.05
8.1 4.05 8.1
8.1 6.074999999999999 10.125
10.125 4.05 10.125
10.125 6.074999999999999 8.1
8.1 8.1 0.0
8.1 10.125 2.025
10.125 8.1 2.025
10.125 10.125 0.0
8.1 8.1 4.05
8.1 10.125 6.074999999999999
10.125 8.1 6.074999999999999
10.125 10.125 4.05
8.1 8.1 8.1
8.1 10.125 10.125
10.125 8.1 10.125
10.125 10.125 8.1
