# Radial distribution function (1000 data points):
# "Pair separation distance" C-C
0.00225 0.0 
0.00675 0.0 
0.01125 0.0 
0.01575 0.0 
0.02025 0.0 
0.02475 0.0 
0.02925 0.0 
0.03375 0.0 
0.03825 0.0 
0.04275 0.0 
0.04725 0.0 
0.05175 0.0 
0.05625 0.0 
0.06075 0.0 
0.06525 0.0 
0.06975 0.0 
0.07425 0.0 
0.07875 0.0 
0.08325 0.0 
0.08775 0.0 
0.09225 0.0 
0.09675 0.0 
0.10125 0.0 
0.10575 0.0 
0.11025 0.0 
0.11475 0.0 
0.11925 0.0 
0.12375 0.0 
0.12825 0.0 
0.13275 0.0 
0.13725 0.0 
0.14175 0.0 
0.14625 0.0 
0.15075 0.0 
0.15525 0.0 
0.15975 0.0 
0.16425 0.0 
0.16875 0.0 
0.17325 0.0 
0.17775 0.0 
0.18225 0.0 
0.18675 0.0 
0.19125 0.0 
0.19575 0.0 
0.20025 0.0 
0.20475 0.0 
0.20925 0.0 
0.21375 0.0 
0.21825 0.0 
0.22275 0.0 
0.22725 0.0 
0.23175 0.0 
0.23625 0.0 
0.24075 0.0 
0.24525 0.0 
0.24975 0.0 
0.25425 0.0 
0.25875 0.0 
0.26325 0.0 
0.26775 0.0 
0.27225 0.0 
0.27675 0.0 
0.28125 0.0 
0.28575 0.0 
0.29025 0.0 
0.29475 0.0 
0.29925 0.0 
0.30375 0.0 
0.30825 0.0 
0.31275 0.0 
0.31725 0.0 
0.32175 0.0 
0.32625 0.0 
0.33075 0.0 
0.33525 0.0 
0.33975 0.0 
0.34425 0.0 
0.34875 0.0 
0.35325 0.0 
0.35775 0.0 
0.36225 0.0 
0.36675 0.0 
0.37125 0.0 
0.37575 0.0 
0.38025 0.0 
0.38475 0.0 
0.38925 0.0 
0.39375 0.0 
0.39825 0.0 
0.40275 0.0 
0.40725 0.0 
0.41175 0.0 
0.41625 0.0 
0.42075 0.0 
0.42525 0.0 
0.42975 0.0 
0.43425 0.0 
0.43875 0.0 
0.44325 0.0 
0.44775 0.0 
0.45225 0.0 
0.45675 0.0 
0.46125 0.0 
0.46575 0.0 
0.47025 0.0 
0.47475 0.0 
0.47925 0.0 
0.48375 0.0 
0.48825 0.0 
0.49275 0.0 
0.49725 0.0 
0.50175 0.0 
0.50625 0.0 
0.51075 0.0 
0.51525 0.0 
0.51975 0.0 
0.52425 0.0 
0.52875 0.0 
0.53325 0.0 
0.53775 0.0 
0.54225 0.0 
0.54675 0.0 
0.55125 0.0 
0.55575 0.0 
0.56025 0.0 
0.56475 0.0 
0.56925 0.0 
0.57375 0.0 
0.57825 0.0 
0.58275 0.0 
0.58725 0.0 
0.59175 0.0 
0.59625 0.0 
0.60075 0.0 
0.60525 0.0 
0.60975 0.0 
0.61425 0.0 
0.61875 0.0 
0.62325 0.0 
0.62775 0.0 
0.63225 0.0 
0.63675 0.0 
0.64125 0.0 
0.64575 0.0 
0.65025 0.0 
0.65475 0.0 
0.65925 0.0 
0.66375 0.0 
0.66825 0.0 
0.67275 0.0 
0.67725 0.0 
0.68175 0.0 
0.68625 0.0 
0.69075 0.0 
0.69525 0.0 
0.69975 0.0 
0.70425 0.0 
0.70875 0.0 
0.71325 0.0 
0.71775 0.0 
0.72225 0.0 
0.72675 0.0 
0.73125 0.0 
0.73575 0.0 
0.74025 0.0 
0.74475 0.0 
0.74925 0.0 
0.75375 0.0 
0.75825 0.0 
0.76275 0.0 
0.76725 0.0 
0.77175 0.0 
0.77625 0.0 
0.78075 0.0 
0.78525 0.0 
0.78975 0.0 
0.79425 0.0 
0.79875 0.0 
0.80325 0.0 
0.80775 0.0 
0.81225 0.0 
0.81675 0.0 
0.82125 0.0 
0.82575 0.0 
0.83025 0.0 
0.83475 0.0 
0.83925 0.0 
0.84375 0.0 
0.84825 0.0 
0.85275 0.0 
0.85725 0.0 
0.86175 0.0 
0.86625 0.0 
0.87075 0.0 
0.87525 0.0 
0.87975 0.0 
0.88425 0.0 
0.88875 0.0 
0.89325 0.0 
0.89775 0.0 
0.90225 0.0 
0.90675 0.0 
0.91125 0.0 
0.91575 0.0 
0.92025 0.0 
0.92475 0.0 
0.92925 0.0 
0.93375 0.0 
0.93825 0.0 
0.94275 0.0 
0.94725 0.0 
0.95175 0.0 
0.95625 0.0 
0.96075 0.0 
0.96525 0.0 
0.96975 0.0 
0.97425 0.0 
0.97875 0.0 
0.98325 0.0 
0.98775 0.0 
0.99225 0.0 
0.99675 0.0 
1.00125 0.0 
1.00575 0.0 
1.01025 0.0 
1.01475 0.0 
1.01925 0.0 
1.02375 0.0 
1.02825 0.0 
1.03275 0.0 
1.03725 0.0 
1.04175 2.11472313e-04 
1.04625 0.0 
1.05075 0.0 
1.05525 2.0609612639e-04 
1.05975 4.086991191e-04 
1.06425 8.1050040387e-04 
1.06875 4.0184475818e-04 
1.07325 5.9772309036e-04 
1.07775 0.0011854842 
1.08225 0.0015675283 
1.08675 7.7728678133e-04 
1.09125 0.0015417788 
1.09575 0.0021025693 
1.10025 0.0032228996 
1.10475 0.0045129844 
1.10925 0.0059685896 
1.11375 0.0075855843 
1.11825 0.0086258255 
1.12275 0.011833899 
1.12725 0.0142681358 
1.13175 0.0150507768 
1.13625 0.0211533819 
1.14075 0.0222213396 
1.14525 0.0330705832 
1.14975 0.0385413384 
1.15425 0.0446149753 
1.15875 0.0435854314 
1.16325 0.063770877 
1.16775 0.0688341934 
1.17225 0.0809994242 
1.17675 0.0974517387 
1.18125 0.1052633082 
1.18575 0.1227473887 
1.19025 0.1406125346 
1.19475 0.1721932361 
1.19925 0.1849458885 
1.20375 0.2100156346 
1.20825 0.2452402204 
1.21275 0.2660495492 
1.21725 0.2981617178 
1.22175 0.3296406817 
1.22625 0.3670605927 
1.23075 0.3993801192 
1.23525 0.4334759231 
1.23975 0.4770713769 
1.24425 0.5309957173 
1.24875 0.573829633 
1.25325 0.6043462699 
1.25775 0.6774994926 
1.26225 0.7279896886 
1.26675 0.7774605736 
1.27125 0.8368647301 
1.27575 0.8927336771 
1.28025 0.9494780676 
1.28475 0.991085685 
1.28925 1.0721312332 
1.29375 1.1115787059 
1.29825 1.1704706242 
1.30275 1.2342031885 
1.30725 1.3154305368 
1.31175 1.37417593 
1.31625 1.3967202023 
1.32075 1.4906286359 
1.32525 1.5151510074 
1.32975 1.5992707749 
1.33425 1.6596628743 
1.33875 1.7244582826 
1.34325 1.7568054661 
1.34775 1.7956319462 
1.35225 1.8315189246 
1.35675 1.8983093019 
1.36125 1.9224396143 
1.36575 1.9745098901 
1.37025 2.0106991739 
1.37475 2.0648307577 
1.37925 2.0780407947 
1.38375 2.1159659791 
1.38825 2.1284684548 
1.39275 2.1559095645 
1.39725 2.2074045417 
1.40175 2.2195343715 
1.40625 2.1852749505 
1.41075 2.2079104764 
1.41525 2.2013398421 
1.41975 2.2472957753 
1.42425 2.2468069949 
1.42875 2.22075898 
1.43325 2.2235940044 
1.43775 2.2548830673 
1.44225 2.212258123 
1.44675 2.2185827017 
1.45125 2.187955452 
1.45575 2.1951338879 
1.46025 2.1848542631 
1.46475 2.1295188375 
1.46925 2.1316971656 
1.47375 2.1200727041 
1.47825 2.0844997605 
1.48275 2.0649769477 
1.48725 2.0603852343 
1.49175 1.9873323464 
1.49625 1.9838023948 
1.50075 1.9699873187 
1.50525 1.927738153 
1.50975 1.8705519298 
1.51425 1.855347121 
1.51875 1.8259618938 
1.52325 1.7858131324 
1.52775 1.7549545256 
1.53225 1.7516996457 
1.53675 1.6671135351 
1.54125 1.6525621435 
1.54575 1.594256338 
1.55025 1.5928448303 
1.55475 1.540628796 
1.55925 1.497200513 
1.56375 1.4837156014 
1.56825 1.4242631005 
1.57275 1.4233614357 
1.57725 1.3578698568 
1.58175 1.3314420535 
1.58625 1.2973566766 
1.59075 1.2646327652 
1.59525 1.242537758 
1.59975 1.1913469127 
1.60425 1.1696915348 
1.60875 1.1447124515 
1.61325 1.1014753645 
1.61775 1.0900945753 
1.62225 1.0633003056 
1.62675 1.0301076732 
1.63125 0.9764792854 
1.63575 0.9720575235 
1.64025 0.9425906376 
1.64475 0.9217451871 
1.64925 0.897062954 
1.65375 0.8712087953 
1.65825 0.8543850369 
1.66275 0.8288483937 
1.66725 0.7991162885 
1.67175 0.7685422196 
1.67625 0.7612359304 
1.68075 0.7284871231 
1.68525 0.7168443368 
1.68975 0.700251276 
1.69425 0.6761488219 
1.69875 0.6471222487 
1.70325 0.6422834072 
1.70775 0.604357046 
1.71225 0.6045505827 
1.71675 0.5869016946 
1.72125 0.5770202165 
1.72575 0.5672336891 
1.73025 0.5441257057 
1.73475 0.541230146 
1.73925 0.5117276653 
1.74375 0.5098446661 
1.74825 0.4955846325 
1.75275 0.4879633396 
1.75725 0.4710490178 
1.76175 0.4620648552 
1.76625 0.4533131509 
1.77075 0.4436196332 
1.77525 0.4273188382 
1.77975 0.4247259423 
1.78425 0.4056453324 
1.78875 0.4069063525 
1.79325 0.3957317108 
1.79775 0.3926168889 
1.80225 0.3877617955 
1.80675 0.3707874133 
1.81125 0.3825886765 
1.81575 0.3629442395 
1.82025 0.3542946109 
1.82475 0.3603378004 
1.82925 0.3370311286 
1.83375 0.34411498 
1.83825 0.3294603212 
1.84275 0.331637942 
1.84725 0.3309657162 
1.85175 0.3263472712 
1.85625 0.3281637647 
1.86075 0.3163707881 
1.86525 0.3215744393 
1.86975 0.3189780617 
1.87425 0.3096736857 
1.87875 0.3121581802 
1.88325 0.3078856785 
1.88775 0.3114428304 
1.89225 0.3032974175 
1.89675 0.2982876841 
1.90125 0.3123688041 
1.90575 0.3041972168 
1.91025 0.3057845552 
1.91475 0.3040985597 
1.91925 0.2998705203 
1.92375 0.3122981897 
1.92825 0.2993615856 
1.93275 0.3120997072 
1.93725 0.3096730215 
1.94175 0.3027611652 
1.94625 0.3135408407 
1.95075 0.3184886447 
1.95525 0.3153434604 
1.95975 0.3179005683 
1.96425 0.3250110944 
1.96875 0.3213954444 
1.97325 0.332839289 
1.97775 0.3264565274 
1.98225 0.3309335054 
1.98675 0.3319362039 
1.99125 0.3385408404 
1.99575 0.3428354438 
2.00025 0.3473174591 
2.00475 0.3554104281 
2.00925 0.3552414206 
2.01375 0.3651440937 
2.01825 0.3755747753 
2.02275 0.3691938757 
2.02725 0.3746486779 
2.03175 0.3882797357 
2.03625 0.3928200466 
2.04075 0.4023312543 
2.04525 0.4136752871 
2.04975 0.4150290857 
2.05425 0.4190319009 
2.05875 0.4353954376 
2.06325 0.4335522037 
2.06775 0.443153989 
2.07225 0.4509047297 
2.07675 0.4614576712 
2.08125 0.4668818882 
2.08575 0.4804319403 
2.09025 0.4862971827 
2.09475 0.4923168527 
2.09925 0.5003636056 
2.10375 0.5072481175 
2.10825 0.5268746168 
2.11275 0.5323961758 
2.11725 0.5478493195 
2.12175 0.55924132 
2.12625 0.5719026917 
2.13075 0.586474204 
2.13525 0.5904982597 
2.13975 0.5999970696 
2.14425 0.6161994501 
2.14875 0.6242086026 
2.15325 0.6349669055 
2.15775 0.6531718433 
2.16225 0.6663111573 
2.16675 0.6841263927 
2.17125 0.6799791825 
2.17575 0.7019911414 
2.18025 0.7022345453 
2.18475 0.7223276286 
2.18925 0.7334390882 
2.19375 0.7543247549 
2.19825 0.7738461133 
2.20275 0.7809041151 
2.20725 0.7936922468 
2.21175 0.8016315597 
2.21625 0.8222089438 
2.22075 0.8377734642 
2.22525 0.8502392658 
2.22975 0.871645133 
2.23425 0.8732866616 
2.23875 0.8898812649 
2.24325 0.897807422 
2.24775 0.9118861199 
2.25225 0.9325863975 
2.25675 0.9441020045 
2.26125 0.9590195399 
2.26575 0.9727830169 
2.27025 0.9922631153 
2.27475 1.0030216611 
2.27925 1.0130249349 
2.28375 1.0363626204 
2.28825 1.0315015291 
2.29275 1.0545682873 
2.29725 1.0784032932 
2.30175 1.087186077 
2.30625 1.09442511 
2.31075 1.1077458255 
2.31525 1.1276337866 
2.31975 1.1234763585 
2.32425 1.1424958888 
2.32875 1.1583555115 
2.33325 1.1755598599 
2.33775 1.1870801044 
2.34225 1.1916426816 
2.34675 1.2116636607 
2.35125 1.2162045124 
2.35575 1.2283524393 
2.36025 1.2480204046 
2.36475 1.2405664253 
2.36925 1.2629648605 
2.37375 1.2644125512 
2.37825 1.2785404475 
2.38275 1.2837405743 
2.38725 1.2899394716 
2.39175 1.3198330881 
2.39625 1.3136016356 
2.40075 1.3295467901 
2.40525 1.3457602312 
2.40975 1.3472203246 
2.41425 1.3389346549 
2.41875 1.3486678084 
2.42325 1.3722720227 
2.42775 1.3777806638 
2.43225 1.3660146411 
2.43675 1.3914695292 
2.44125 1.3992447636 
2.44575 1.3919903065 
2.45025 1.3964386225 
2.45475 1.4043489161 
2.45925 1.4108638737 
2.46375 1.4132386044 
2.46825 1.4147202295 
2.47275 1.4330718557 
2.47725 1.4180346324 
2.48175 1.4164367121 
2.48625 1.4271672698 
2.49075 1.4223849781 
2.49525 1.4312659957 
2.49975 1.4243179291 
2.50425 1.4196428311 
2.50875 1.4311821721 
2.51325 1.4278783543 
2.51775 1.4265802083 
2.52225 1.4248854045 
2.52675 1.428513695 
2.53125 1.4288118711 
2.53575 1.4152148318 
2.54025 1.4204480735 
2.54475 1.4185829668 
2.54925 1.4108952304 
2.55375 1.4150768014 
2.55825 1.4138901042 
2.56275 1.4052600052 
2.56725 1.4042030711 
2.57175 1.4102583269 
2.57625 1.4093124821 
2.58075 1.4034371685 
2.58525 1.3992080763 
2.58975 1.3879507948 
2.59425 1.3897212248 
2.59875 1.3926944403 
2.60325 1.3874773778 
2.60775 1.381275558 
2.61225 1.3801529886 
2.61675 1.3737678987 
2.62125 1.3593353517 
2.62575 1.3587078224 
2.63025 1.3536645939 
2.63475 1.335192461 
2.63925 1.3301161006 
2.64375 1.3327499852 
2.64825 1.3355873677 
2.65275 1.3242112634 
2.65725 1.3202825532 
2.66175 1.3030594363 
2.66625 1.293176457 
2.67075 1.28956235 
2.67525 1.2854842232 
2.67975 1.2683869405 
2.68425 1.2758592368 
2.68875 1.2637510491 
2.69325 1.2586772541 
2.69775 1.2542293959 
2.70225 1.2402183259 
2.70675 1.2447122538 
2.71125 1.2368686011 
2.71575 1.2416725536 
2.72025 1.2314270022 
2.72475 1.218182012 
2.72925 1.1999031152 
2.73375 1.2061206976 
2.73825 1.2001089778 
2.74275 1.1825067735 
2.74725 1.18715023 
2.75175 1.184998237 
2.75625 1.1738213094 
2.76075 1.1618677875 
2.76525 1.1534673261 
2.76975 1.1407176633 
2.77425 1.1516610631 
2.77875 1.1313192518 
2.78325 1.1308043249 
2.78775 1.1250303631 
2.79225 1.1312091264 
2.79675 1.1174491815 
2.80125 1.1094748577 
2.80575 1.1099128118 
2.81025 1.0993867647 
2.81475 1.0913844861 
2.81925 1.0898955369 
2.82375 1.0864821 
2.82825 1.0857244228 
2.83275 1.0805330872 
2.83725 1.071292374 
2.84175 1.0637246124 
2.84625 1.058069047 
2.85075 1.0544488937 
2.85525 1.0588974559 
2.85975 1.0472049939 
2.86425 1.0387977714 
2.86875 1.0407840373 
2.87325 1.0374153026 
2.87775 1.029268278 
2.88225 1.0375492463 
2.88675 1.0257520912 
2.89125 1.0206672297 
2.89575 1.0139668568 
2.90025 1.0087764656 
2.90475 1.0071221032 
2.90925 1.0056629507 
2.91375 1.0049108304 
2.91825 1.0008977829 
2.92275 1.0038897428 
2.92725 0.9876015105 
2.93175 0.9951456498 
2.93625 0.9914322528 
2.94075 0.989621091 
2.94525 0.9809111444 
2.94975 0.9770765285 
2.95425 0.9790720821 
2.95875 0.9695159933 
2.96325 0.973369055 
2.96775 0.9776372777 
2.97225 0.9656128037 
2.97675 0.9544853102 
2.98125 0.9601788149 
2.98575 0.9655505024 
2.99025 0.9539713267 
2.99475 0.951362444 
2.99925 0.9528724505 
3.00375 0.9565821008 
3.00825 0.9573995998 
3.01275 0.9479677141 
3.01725 0.9397222076 
3.02175 0.9459234403 
3.02625 0.936020553 
3.03075 0.9421627228 
3.03525 0.940392485 
3.03975 0.9353252238 
3.04425 0.9417247527 
3.04875 0.927737122 
3.05325 0.9320452736 
3.05775 0.9320530955 
3.06225 0.930955529 
3.06675 0.926566124 
3.07125 0.9365534155 
3.07575 0.9290358663 
3.08025 0.9305563448 
3.08475 0.9377799681 
3.08925 0.9241562522 
3.09375 0.9212779304 
3.09825 0.9264216911 
3.10275 0.9157265174 
3.10725 0.9209914827 
3.11175 0.9250845232 
3.11625 0.9216821094 
3.12075 0.9236682262 
3.12525 0.9200468148 
3.12975 0.91590352 
3.13425 0.9219894943 
3.13875 0.9121261598 
3.14325 0.9185987464 
3.14775 0.9217647419 
3.15225 0.9111898071 
3.15675 0.9203623413 
3.16125 0.9176750635 
3.16575 0.9249377616 
3.17025 0.922153984 
3.17475 0.9175606659 
3.17925 0.9205505843 
3.18375 0.91324075 
3.18825 0.9240305111 
3.19275 0.9189060498 
3.19725 0.9253014643 
3.20175 0.923597806 
3.20625 0.921565189 
3.21075 0.9121047546 
3.21525 0.9163021936 
3.21975 0.9243246182 
3.22425 0.9178388265 
3.22875 0.9195530212 
3.23325 0.9232299331 
3.23775 0.9275615312 
3.24225 0.9302718252 
3.24675 0.9206410104 
3.25125 0.9258885466 
3.25575 0.925712461 
3.26025 0.922359894 
3.26475 0.9268598731 
3.26925 0.9392120466 
3.27375 0.9339979199 
3.27825 0.9253920838 
3.28275 0.929437342 
3.28725 0.9377258547 
3.29175 0.9353120243 
3.29625 0.9394346563 
3.30075 0.9390445575 
3.30525 0.930250135 
3.30975 0.9267795183 
3.31425 0.9419612851 
3.31875 0.93455356 
3.32325 0.9432457705 
3.32775 0.9454008741 
3.33225 0.9373100662 
3.33675 0.9395863727 
3.34125 0.9545924659 
3.34575 0.9485410352 
3.35025 0.9467715986 
3.35475 0.9447635317 
3.35925 0.9459354617 
3.36375 0.95869966 
3.36825 0.9484729585 
3.37275 0.9574434302 
3.37725 0.9555375286 
3.38175 0.9616855319 
3.38625 0.9582306067 
3.39075 0.9619966646 
3.39525 0.9596075982 
3.39975 0.9675726684 
3.40425 0.9685413282 
3.40875 0.9577101092 
3.41325 0.9659224744 
3.41775 0.9703946233 
3.42225 0.9728019871 
3.42675 0.969408305 
3.43125 0.9688360452 
3.43575 0.970732573 
3.44025 0.9783168353 
3.44475 0.9786828869 
3.44925 0.9787929295 
3.45375 0.9829586627 
3.45825 0.9913019591 
3.46275 0.9781045251 
3.46725 0.9941802507 
3.47175 0.9968789459 
3.47625 0.9978511099 
3.48075 0.9929048821 
3.48525 1.0040403629 
3.48975 0.9972690764 
3.49425 1.0022018427 
3.49875 0.9981069004 
3.50325 1.0048008101 
3.50775 1.0075402006 
3.51225 1.0024485104 
3.51675 1.0065094073 
3.52125 1.0170800288 
3.52575 1.022350239 
3.53025 1.0170753606 
3.53475 1.014487384 
3.53925 1.0207218663 
3.54375 1.0231933502 
3.54825 1.022768906 
3.55275 1.0274707723 
3.55725 1.0226058136 
3.56175 1.0280376371 
3.56625 1.0324282838 
3.57075 1.0357855696 
3.57525 1.0420851507 
3.57975 1.0375505652 
3.58425 1.0306237802 
3.58875 1.0385898898 
3.59325 1.0402383593 
3.59775 1.039393077 
3.60225 1.0334905285 
3.60675 1.0438977962 
3.61125 1.0440079121 
3.61575 1.038953272 
3.62025 1.0409598319 
3.62475 1.0423768112 
3.62925 1.0378071409 
3.63375 1.0425382705 
3.63825 1.0571601017 
3.64275 1.0453488519 
3.64725 1.0435300341 
3.65175 1.0514406112 
3.65625 1.0540214879 
3.66075 1.0550794685 
3.66525 1.0513115641 
3.66975 1.0599992626 
3.67425 1.0556194278 
3.67875 1.0492737247 
3.68325 1.0544254674 
3.68775 1.0546381668 
3.69225 1.0536682858 
3.69675 1.0529519013 
3.70125 1.059824848 
3.70575 1.0567176743 
3.71025 1.0539225346 
3.71475 1.055179196 
3.71925 1.0626980604 
3.72375 1.0575492266 
3.72825 1.054915288 
3.73275 1.0476461108 
3.73725 1.0536855059 
3.74175 1.0451203578 
3.74625 1.0509182031 
3.75075 1.0505187609 
3.75525 1.0478235318 
3.75975 1.0466480816 
3.76425 1.0493462448 
3.76875 1.0514468579 
3.77325 1.0409290678 
3.77775 1.04350012 
3.78225 1.0433126745 
3.78675 1.0443875445 
3.79125 1.0352995267 
3.79575 1.0472140849 
3.80025 1.0408421276 
3.80475 1.0344656608 
3.80925 1.038444382 
3.81375 1.0348275833 
3.81825 1.0337436167 
3.82275 1.0366351698 
3.82725 1.0335095132 
3.83175 1.0275664601 
3.83625 1.031909516 
3.84075 1.0329311481 
3.84525 1.0298630355 
3.84975 1.0230745102 
3.85425 1.0225099258 
3.85875 1.0220068428 
3.86325 1.018412523 
3.86775 1.0188055708 
3.87225 1.0151227146 
3.87675 1.0159436504 
3.88125 1.0147775225 
3.88575 1.0106501513 
3.89025 1.0199141792 
3.89475 1.0084962037 
3.89925 1.002033905 
3.90375 1.0039267366 
3.90825 1.0011804773 
3.91275 1.0018320482 
3.91725 1.0008178565 
3.92175 1.0005816127 
3.92625 0.9950884923 
3.93075 0.9882216554 
3.93525 0.9917276888 
3.93975 0.9933373421 
3.94425 0.9892132776 
3.94875 0.9908014591 
3.95325 0.9911903686 
3.95775 0.9919265864 
3.96225 0.9841928983 
3.96675 0.9815381994 
3.97125 0.9793295629 
3.97575 0.9813970534 
3.98025 0.9808451439 
3.98475 0.979613899 
3.98925 0.9740593776 
3.99375 0.9754483197 
3.99825 0.9693632902 
4.00275 0.9777990286 
4.00725 0.9688870274 
4.01175 0.9749425406 
4.01625 0.9681207362 
4.02075 0.9684960089 
4.02525 0.9704960803 
4.02975 0.9667186682 
4.03425 0.9585561166 
4.03875 0.9644269519 
4.04325 0.9582102397 
4.04775 0.9681411523 
4.05225 0.9593953559 
4.05675 0.9572820396 
4.06125 0.9583899347 
4.06575 0.9623783559 
4.07025 0.9548627968 
4.07475 0.9580350382 
4.07925 0.9512884629 
4.08375 0.9504041186 
4.08825 0.9483954081 
4.09275 0.9463384253 
4.09725 0.9547874165 
4.10175 0.9468552832 
4.10625 0.9510421864 
4.11075 0.953836793 
4.11525 0.9512911522 
4.11975 0.9565700408 
4.12425 0.9452009246 
4.12875 0.9449861043 
4.13325 0.9461536562 
4.13775 0.9518982571 
4.14225 0.9476509617 
4.14675 0.9483847266 
4.15125 0.9409627616 
4.15575 0.9425538602 
4.16025 0.9494663817 
4.16475 0.9456691644 
4.16925 0.9451340031 
4.17375 0.9499477251 
4.17825 0.9499665443 
4.18275 0.9505340265 
4.18725 0.9476019771 
4.19175 0.944288478 
4.19625 0.9433721214 
4.20075 0.9475036612 
4.20525 0.9453730946 
4.20975 0.9451142625 
4.21425 0.9492479691 
4.21875 0.9438842417 
4.22325 0.9436881293 
4.22775 0.9453139825 
4.23225 0.9426513698 
4.23675 0.9405349187 
4.24125 0.9411173278 
4.24575 0.9421025573 
4.25025 0.9454445143 
4.25475 0.946577028 
4.25925 0.9511562913 
4.26375 0.946599581 
4.26825 0.9463682788 
4.27275 0.9498316938 
4.27725 0.953930758 
4.28175 0.9516888586 
4.28625 0.9477054095 
4.29075 0.9504306201 
4.29525 0.9471713573 
4.29975 0.9505028122 
4.30425 0.949680823 
4.30875 0.9605790941 
4.31325 0.9548503506 
4.31775 0.9548799576 
4.32225 0.9555584557 
4.32675 0.9582302954 
4.33125 0.9527169221 
4.33575 0.9627776465 
4.34025 0.9572979357 
4.34475 0.9641181312 
4.34925 0.9594670619 
4.35375 0.9579326698 
4.35825 0.9606797718 
4.36275 0.9667896324 
4.36725 0.9558940669 
4.37175 0.9707023777 
4.37625 0.9650402072 
4.38075 0.9644936507 
4.38525 0.9659761141 
4.38975 0.9662475928 
4.39425 0.9714958919 
4.39875 0.9673030408 
4.40325 0.9725710618 
4.40775 0.9708342892 
4.41225 0.9748082404 
4.41675 0.9773993005 
4.42125 0.9757042118 
4.42575 0.9726782825 
4.43025 0.971030705 
4.43475 0.9731219678 
4.43925 0.9757151663 
4.44375 0.9820265414 
4.44825 0.9856427321 
4.45275 0.9772505081 
4.45725 0.977473087 
4.46175 0.9827076535 
4.46625 0.9798769973 
4.47075 0.9852539429 
4.47525 0.9836860574 
4.47975 0.9764959753 
4.48425 0.9844093915 
4.48875 0.9884164689 
4.49325 0.9870969653 
4.49775 0.9854858004 
