108 1 0.1 0 0 1
1 1 1 12.149999999999999 12.149999999999999 12.149999999999999 
0 0.09934283060224654 -0.027652860234236933 0.1295377076201385 26.9815385 0
0 0.3046059712816051 1.9781693250553327 1.9781726086101639 26.9815385 1
0 2.340842563101478 0.15348694583058176 1.9311051228130094 26.9815385 2
0 2.133512008717193 1.9323164614375075 -0.09314595071405138 26.9815385 3
0 0.04839245431320682 -0.3826560489315596 3.705016433497393 26.9815385 4
0 -0.11245750584819454 1.822433775933115 6.137849466519054 26.9815385 5 
0 1.8433951848957577 -0.2824607402670583 6.36812975378431 26.9815385 6
0 1.9798447399026928 2.0385056409375846 3.7650503627573086 26.9815385 7
0 -0.10887654490503654 0.02218451794197322 7.869801284515539 26.9815385 8
0 0.0751396036691344 1.9048722620162388 10.066661250041344 26.9815385 9
0 1.9046586775541205 0.37045563690178757 10.122300555052414 26.9815385 10
0 1.8134578142088198 2.1895089824206377 7.855831270005795 26.9815385 11
0 0.041772719000951086 3.6580659752240448 -0.26563720977968613 26.9815385 12
0 0.039372247173824704 6.222693315999082 2.059273656237994 26.9815385 13
0 2.0018703435223517 3.989779260882142 1.7292956019265144 26.9815385 14
0 1.8810311583210582 5.982872245808042 0.21142444524378315 26.9815385 15
0 0.06872365791369228 3.697391968927453 4.114816793878958 26.9815385 16
0 -0.07701645608326331 5.939615599938808 6.197335257768173 26.9815385 17
0 2.23119990449919 4.236256023823239 5.907156495355472 26.9815385 18
0 1.963157524829757 6.141252686280712 4.245109025424472 26.9815385 19
0 -0.095834847569058 4.012868204667236 7.878733005198794 26.9815385 20
0 -0.23924132481613417 6.237505164478839 10.396248005714165 26.9815385 21
0 2.010597975683933 4.250706579578405 10.197327205009527 26.9815385 22
0 1.895976049078975 6.147279121101682 8.407607313293193 26.9815385 23
0 -0.007165207821990308 8.4129287311628 -0.5239490208179489 26.9815385 24
0 0.16438050087504477 10.142409413647634 1.9651985299068264 26.9815385 25
0 2.0433521553071006 7.702486217079821 1.9810656224324976 26.9815385 26
0 2.096422514302349 10.420578808948303 -0.10365404365472948 26.9815385 27
0 -0.16169872057863754 7.999648591283092 4.2330804235404145 26.9815385 28
0 0.0657502219319369 10.019047959246592 6.17765348662267 26.9815385 29
0 2.044415509869608 8.293728998106577 5.934589381224529 26.9815385 30
0 1.9594675706804463 10.046578369373568 3.757297010373576 26.9815385 31
0 0.059224055412915214 8.152211054435977 8.101022691328492 26.9815385 32
0 -0.046917426675029385 9.841925851589917 10.040870935446929 26.9815385 33
0 1.956457096694646 7.939544546155676 10.092742857666797 26.9815385 34
0 2.105810171362908 10.502237180242107 8.134915562566368 26.9815385 35
0 4.101510078144552 -0.014889183153233444 -0.3837542430598083 26.9815385 36
0 4.0446972249101565 2.037046041988205 2.5176484224970572 26.9815385 37
0 6.0365278070437745 0.0603094684667225 2.0180576460589514 26.9815385 38
0 5.841264392476093 2.253564562903004 0.15038660653735483 26.9815385 39
0 4.208206389408609 -0.18187749095894779 4.330558862187219 26.9815385 40
0 3.7696297874415436 2.142371418760054 6.513091125161995 26.9815385 41
0 5.876892734973862 -0.11325954592055439 6.094930273017527 26.9815385 42
0 5.974304869176759 1.7148673137867734 4.063712594961205 26.9815385 43
0 3.837539257254779 0.09471848612703632 7.916115153153239 26.9815385 44
0 4.359986881003508 1.8683493415327526 10.060587696758866 26.9815385 45
0 6.237703443473933 -0.24617286328679105 10.170491986920826 26.9815385 46
0 6.336428550856485 1.7035033530877544 8.136926771706461 26.9815385 47
0 4.101976558849684 4.206364574355462 -0.2473901421756164 26.9815385 48
0 3.7859086773831447 6.179388313123379 2.0843969346466373 26.9815385 49
0 6.1250985700691745 4.119289641899395 1.8889950556843018 26.9815385 50
0 6.1214507394322 6.133614494659736 -0.14287028360527357 26.9815385 51
0 4.423154902228951 4.144766584182357 3.81173930055947 26.9815385 52
0 4.181310721726765 5.880063665954535 6.23241692074849 26.9815385 53
0 6.30671911580148 3.8858635363296576 6.267675225848864 26.9815385 54
0 6.157556185387299 6.2394120319988975 4.42935859653079 26.9815385 55
0 4.0009223767994255 3.8992527671285018 7.922097114074895 26.9815385 56
0 3.886837943006912 6.059579658117179 10.19323039496333 26.9815385 57
0 6.130338159866003 4.215436649807205 10.12760037837558 26.9815385 58
0 6.365706815431462 6.022068633352408 8.644033833317923 26.9815385 59
0 4.175133469553001 7.928568488716743 -0.21417849961222246 26.9815385 60
0 4.146494483048637 10.08030744293483 2.1678000988184185 26.9815385 61
0 6.1696475249147085 8.085434217468626 1.855641256386319 26.9815385 62
0 5.772030555062827 10.035697009586595 0.1712797588646945 26.9815385 63
0 4.092818748826041 7.850852244257602 4.084636185170236 26.9815385 64
0 4.127063475945767 9.948228512759773 6.1057450211891044 26.9815385 65
0 6.086641743689199 7.871405940433875 6.146557472069656 26.9815385 66
0 6.187156905273646 10.341610248635055 4.260760410406981 26.9815385 67
0 3.7744661264085817 7.912434992016975 8.203007053441732 26.9815385 68
0 4.152757190182442 10.22800953726121 10.895546298130945 26.9815385 69
0 6.189178102138633 8.32711312803612 10.315800352698641 26.9815385 70
0 6.205278250261159 10.06194615107193 8.251793844098653 26.9815385 71
0 7.945434957092485 -0.04736372134800178 -0.0970727095658207 26.9815385 72
0 8.116374827877264 2.4879317133347016 1.6515469614816503 26.9815385 73
0 10.262252038074903 -0.32254317423793033 1.9306136268421132 26.9815385 74
0 10.342790119393474 2.0378560038190923 -0.21554895558586123 26.9815385 75
0 7.956939258148006 0.13591954978693518 3.9039266736565725 26.9815385 76
0 8.143291717916394 2.0341143679807625 5.944679930478836 26.9815385 77
0 10.553788817865065 0.12678380446360224 5.669971482668478 26.9815385 78
0 10.162290862953885 1.8926427070463223 4.2204866669592445 26.9815385 79
0 7.94149585231346 -0.022947288293379803 8.200997455796092 26.9815385 80
0 8.273151038834024 1.7849407185888446 10.05809975283181 26.9815385 81
0 10.030010937767809 -0.1306658465147424 10.478090848056219 26.9815385 82
0 10.205996342192192 1.7728232091329907 8.283572389410955 26.9815385 83
0 8.524431239402526 4.256493052110229 -0.3038739931908027 26.9815385 84
0 8.003153185426749 6.328382229837324 1.8834661068762437 26.9815385 85
0 10.213763885629247 4.204926810685867 1.8396139056843834 26.9815385 86
0 10.11309492878764 5.4267465319861845 -0.20487752826685798 26.9815385 87
0 8.049486369721368 3.80044336360703 4.376482260786327 26.9815385 88
0 7.813971724407873 5.986991102660602 6.101148115457217 26.9815385 89
0 10.413254657813223 3.762827569764112 6.307632750430991 26.9815385 90
0 10.127046612203918 5.878698269790409 4.142420694852654 26.9815385 91
0 8.139811939114693 3.929956624568241 8.113960416998003 26.9815385 92
0 8.022937280627648 6.0977034690502485 10.25742613490421 26.9815385 93 
0 10.442203363229071 3.80243690023463 10.551606674931254 26.9815385 94
0 9.7345824400955 6.044642980992883 8.217663441296915 26.9815385 95 
0 8.156198373547006 7.975460096035881 -0.041624450071455044 26.9815385 96
0 8.001399813068232 10.007127048611158 2.194920419404205 26.9815385 97
0 10.19640309719301 7.961418080947869 2.20491997508665 26.9815385 98
0 10.186459904175322 10.287572423767791 0.12592576838472244 26.9815385 99
0 7.934200997815585 7.987963791960606 4.199458721024652 26.9815385 100
0 8.222074053086693 10.12081968120717 6.098465476661755 26.9815385 101
0 10.380532979157685 7.981685722232833 6.184419476234007 26.9815385 102
0 10.084561469513222 10.081463759354556 4.269755370397438 26.9815385 103 
0 8.265083269797605 8.262701927200128 8.361095761430866 26.9815385 104 
0 8.104200768326551 10.261390594258993 10.062946648681308 26.9815385 105
0 10.189833270497688 8.073971389126463 10.144399192998543 26.9815385 106
0 10.244031405087382 9.961355863353305 8.518477455137091 26.9815385 107