nep3 2 C H 
cutoff 8 4
n_max 8 6
basis_size 8 8
l_max 4 0 0
ANN 50 0
  1.4301480e-01
 -6.1141521e-01
  3.0376258e+00
  4.1123408e-01
  1.8520669e+00
  3.9084876e-01
 -1.6571875e+00
 -6.1948973e-01
 -3.2865865e+00
  1.8060578e+00
  2.1584289e+00
  2.4211276e+00
 -3.6700811e+00
 -2.1646457e+00
  2.0174205e+00
  5.3487688e-01
 -1.1565055e+00
  3.2769454e+00
 -4.3609303e-01
  9.5393884e-01
  9.0989366e-02
  1.0152340e+00
 -3.1058393e+00
 -1.4783862e+00
 -2.7244959e+00
 -2.6090019e+00
  2.0149555e+00
  1.3520582e+00
 -3.1505423e+00
  2.7299240e-01
  8.5911852e-01
 -7.3201185e-01
  1.6536789e-01
 -6.9967407e-01
  6.5549856e-01
  2.0454314e+00
  8.2490295e-01
  1.5387454e-02
 -2.5899770e+00
  1.2053235e+00
 -2.2888896e+00
  2.7654805e+00
 -2.3096731e+00
  4.2210108e-01
  2.3287005e+00
  2.6007431e+00
 -4.1212934e-01
  1.4721893e+00
 -1.1306262e+00
  7.6001406e-01
  8.6859629e-02
 -2.8516729e+00
  1.6598295e+00
  3.5860726e-01
 -9.4859004e-02
  3.9587283e-01
 -6.5024102e-01
  6.1569506e-01
 -3.1904769e+00
 -1.5059421e+00
 -1.2140622e+00
 -1.4313325e-01
 -3.5431833e+00
  4.1629396e-02
 -7.4853212e-01
 -3.5697374e+00
  1.3106780e+00
 -1.4740721e+00
  3.5404783e-02
 -2.0066130e-03
  2.3726692e-02
  1.6146026e+00
 -1.9125999e+00
 -1.5349622e+00
 -2.6822898e+00
 -5.3466048e+00
 -4.7048503e-01
 -1.5886531e+00
 -7.8455359e-01
 -8.5229647e-01
  1.6141261e-03
  9.8270470e-01
  1.6763015e+00
  1.5564984e+00
 -1.2101502e-01
 -8.7274367e-01
  1.7582129e+00
  1.1080343e+00
 -1.2741551e+00
  1.5667269e+00
 -1.2108569e+00
 -3.4297952e-01
  2.7479330e-01
 -2.1577125e+00
 -4.4109966e-03
  6.8733513e-01
 -2.4443221e+00
 -2.3081508e+00
 -1.6230333e+00
 -1.2742084e-01
 -2.1279683e+00
  2.4450803e-01
 -2.7335691e+00
 -3.1512231e-02
 -1.3666322e+00
  1.7527001e+00
 -6.2983483e-01
 -1.5055381e+00
  3.2372775e-03
  4.7889927e-01
 -1.3309885e+00
  2.5417292e+00
  2.3402506e-01
  4.2034240e+00
 -2.2345202e+00
  2.5994623e+00
 -1.9183701e+00
 -1.0199805e+00
  1.8592343e+00
 -3.4328544e+00
  1.5197319e-01
 -3.4037747e+00
  1.7091758e+00
  5.0189406e-01
  6.7425305e-01
 -3.0490048e-03
 -2.3186686e+00
 -6.3872486e-02
 -1.6096369e+00
 -1.1652197e+00
 -1.2834337e+00
 -1.0744168e+00
  1.9856101e+00
 -1.4141998e-01
 -2.6341540e-01
 -4.8652089e-01
 -3.0141368e-03
  5.1673365e-01
  1.9819058e+00
  6.7717898e-01
  1.0442494e+00
  9.3943036e-01
  4.4912107e-02
  8.4773266e-01
  2.1332110e-01
  2.7147231e-01
 -3.9598343e-01
 -1.9553301e+00
 -5.4044169e-01
 -2.0630779e+00
 -2.2728751e+00
 -1.3377471e-02
 -3.4016187e+00
 -1.3221922e+00
  5.4513025e-01
 -2.8340039e+00
  2.2679222e+00
  1.2408371e+00
 -2.2040858e+00
 -2.1176815e+00
 -2.1305354e+00
  4.1243038e+00
  1.9375138e-02
 -6.7550577e-02
 -4.6821978e-02
 -2.8275459e+00
 -1.1252000e+00
  4.9122357e+00
  8.7562424e-01
  2.8356016e-01
  1.4734020e+00
  5.5655580e-02
 -7.3606128e-01
 -1.4083785e+00
  1.0076008e+00
 -6.4016145e-01
  2.0385915e-02
 -1.1655813e-01
 -7.1374935e-01
  1.5199827e+00
 -1.9266759e+00
 -6.5165925e-01
 -2.3984778e+00
  2.5865371e+00
  3.7935595e-03
 -9.9014866e-01
  2.6203282e+00
 -1.2989131e+00
 -9.3666911e-01
 -3.5684294e-01
 -1.6483164e+00
  1.8116891e+00
 -7.2098827e-01
 -1.2753541e+00
 -5.0402161e-02
 -2.0314691e+00
  5.6520724e-01
  1.7553686e+00
 -3.0479550e+00
  9.4699478e-01
  3.4556749e-01
 -6.5453118e-01
 -6.5903908e-01
  3.8677616e+00
  4.0094800e+00
 -3.2437184e+00
  7.3559594e-01
  4.0044408e-02
 -5.6423484e-03
  2.2235770e+00
 -1.3402966e-01
  1.9308792e+00
 -1.5437824e+00
 -1.2295008e+00
 -1.1373042e+00
  1.0317118e+00
  3.4735432e+00
 -8.2169718e-01
 -1.4141145e+00
  2.3039877e-02
 -1.8194300e+00
  6.2582338e-01
 -1.2426157e+00
 -1.6398020e+00
  5.4631740e-01
 -4.7639886e-01
 -6.3634813e-03
 -7.4914902e-01
 -1.9654007e-01
 -1.7226838e+00
 -1.9929527e-01
  4.6782547e-01
  2.8080926e+00
 -1.9620444e+00
 -2.7385721e+00
 -6.9183171e-01
  2.2299731e-02
 -1.3664533e+00
  1.8017817e+00
  4.4725990e+00
  2.3484521e+00
  2.8743331e+00
 -2.0902929e+00
 -1.0086815e+00
  1.2843300e-01
  1.6060922e-01
  1.1814394e+00
 -6.1749393e-01
  1.0351057e+00
 -1.7107265e+00
 -4.7336313e-01
 -5.7109714e-01
 -2.2700903e+00
  1.0755073e+00
 -2.9482820e+00
 -6.1021125e-01
  1.2205087e+00
 -8.4306413e-01
 -8.4960586e-01
  6.5848190e-01
 -3.0579734e+00
 -9.3705577e-01
  8.8502878e-01
 -2.6910034e-01
 -3.1298439e-03
  8.9798796e-01
 -6.9825524e-01
 -4.6216458e-01
  2.1578913e+00
  4.0449366e-02
 -3.0844141e-02
  2.1891509e-01
  2.9876840e-01
 -6.7212830e+00
 -1.5980276e+00
  3.6501363e-01
 -1.2181354e-03
 -1.2807666e+00
  1.3040605e+00
  2.6164484e+00
  9.4359171e-01
 -8.0654073e-01
  5.8440876e-01
 -5.1503072e+00
  1.3157003e+00
 -3.6775580e-01
  9.1949952e-01
  8.1457525e-01
  5.9190406e-03
  4.5549626e+00
 -2.6815612e+00
  3.2046431e-01
  2.8030488e-01
 -1.7932939e-03
  6.3034019e-04
  3.2670693e+00
  2.2331963e+00
 -9.8424941e-01
 -2.7651789e-02
 -8.0037248e-01
 -1.0877032e+00
  1.6605357e+00
  9.4060135e-01
  6.2248713e-01
  3.0670195e+00
  1.3949742e+00
  2.7049181e+00
 -1.6636055e+00
 -3.5884585e+00
 -2.1826520e+00
  2.3118038e+00
 -3.7213752e+00
 -5.0092683e+00
  3.9958744e+00
 -9.8375160e-01
  2.6385200e+00
 -5.6457572e+00
  2.6828070e+00
  1.3767301e+00
 -2.2398264e+00
  2.0575998e+00
  8.6460429e-01
 -2.5596162e-02
 -2.0016522e+00
 -6.8275176e-02
  3.7063594e+00
  6.0940123e-01
 -3.5811371e-01
  1.1301277e-01
  7.0035768e-01
 -6.2641549e-01
 -2.6273379e-01
  1.5157586e+00
 -1.0569060e+00
  2.2835956e+00
 -1.0217160e+00
  1.2448305e+00
  1.0801540e-01
  1.0796143e+00
 -3.5829255e-01
 -1.8271892e+00
  6.4901078e-01
  2.1115761e+00
 -5.9635049e-01
 -3.4616184e-01
 -2.4379795e+00
  3.1888754e+00
 -1.9691809e+00
  8.8974053e-01
  5.9643991e-02
 -9.3885775e+00
 -3.9004927e+00
  2.7853081e+00
  2.5659318e+00
 -2.4766216e+00
  1.5016657e+00
 -6.6541517e-01
  3.3762405e+00
  1.1462173e+00
 -2.5817755e-01
 -4.3831353e+00
  2.5795919e-01
  3.5423732e+00
 -6.2443477e-01
  2.3035135e+00
 -6.7052341e-01
 -7.2539067e-01
 -1.5703706e-03
 -1.2806425e+00
  9.6534514e-01
 -9.7423124e-01
 -5.9005623e+00
 -8.7145366e-02
  1.3924128e+00
 -3.9396307e+00
  8.7811464e-01
  1.0758075e+00
  2.4298567e-01
  2.4710160e-01
 -2.1527786e+00
  2.1302071e+00
 -2.5342646e-01
 -1.3307261e-02
  2.5443318e-01
  5.4052210e-01
  9.1395721e-02
  1.4971514e+00
  1.9395092e+00
 -4.3209594e-01
  4.0564385e-01
  1.0699729e+00
  1.8096637e-03
  4.1065973e-01
  1.2698313e+00
  1.7575668e+00
  1.2468907e+00
  1.9080867e+00
  3.6913700e+00
 -2.1310274e-01
  9.1704649e-01
  8.6607760e-01
  9.1888934e-01
  2.2133687e+00
  7.6204189e-04
  2.1126730e+00
  8.6498278e-01
 -2.7525982e-01
  2.1142328e+00
 -1.7384880e+00
 -2.1920700e-01
 -2.7615437e-01
 -9.9423760e-01
 -9.8458678e-02
  9.0423375e-01
  3.1343237e-01
  1.1309745e+00
 -1.6107147e+00
 -1.5294677e-01
 -8.8062358e-01
 -5.1917009e+00
 -1.5659131e+00
  5.0164729e-02
  3.2201342e-02
 -3.8414261e-01
  1.2398390e+00
 -6.0350109e-02
  2.0536473e+00
 -8.1208915e-01
 -2.8597596e-01
  1.8148762e+00
 -1.2483717e+00
 -8.8955671e-02
 -2.3658693e+00
 -3.3014885e-01
 -1.1110599e+00
 -7.2782671e-01
 -1.2031760e+00
 -1.7771531e+00
  2.0865442e-02
 -1.4292296e+00
 -1.7690589e-01
  1.3149068e+00
 -2.9016571e+00
 -5.8492720e-01
  1.2353094e+00
 -3.8723618e-01
  1.2368590e+00
  6.1525337e-02
 -1.4848711e+00
  4.3333659e+00
 -1.9725928e+00
  2.6177570e-01
 -6.4122629e-01
  3.1356101e+00
 -1.1259050e-01
  1.7782049e+00
 -7.6612222e-01
  8.4273964e-02
  1.2617486e+00
 -1.7403278e-01
 -2.8645136e+00
 -6.2843215e-01
 -1.5137117e-01
  2.5532898e-01
 -2.8689017e+00
  3.0013850e+00
  1.3643957e+00
  2.2627817e-02
  7.5605857e-01
  1.6536703e+00
  1.4007649e-01
 -4.9277511e-01
  6.4301288e-01
  6.3737822e-01
 -2.8900417e-02
 -3.1633520e-01
 -4.3360138e-01
  1.4623371e+00
 -6.7067587e-01
 -1.6437067e-01
  1.2122066e+00
 -1.9919914e+00
  8.4898627e-01
  8.1488627e-01
  2.1200264e+00
 -2.0929706e+00
 -1.2994031e+00
 -1.9637169e-03
 -3.7385178e+00
  3.8191032e-01
 -1.8505559e+00
  9.0694875e-02
 -1.9957661e-03
 -7.7189726e-01
  1.6464291e+00
 -2.9339082e+00
  1.2367470e-04
  7.9714364e-01
 -2.3319782e-01
  8.2087678e-01
 -5.0044456e+00
  1.3870903e-03
 -1.7780185e-02
 -5.3464645e-01
  9.7857565e-02
 -4.3385166e-01
  2.4006577e+00
  3.1535661e+00
 -5.3345644e-01
  3.9529564e+00
  1.8022225e+00
  6.8670928e-01
  6.8966645e-01
  9.2963868e-01
  2.5099795e+00
 -1.3620938e-03
 -1.5466293e+00
  1.0781271e+00
  9.2472881e-01
  4.9605995e-01
 -1.4252661e+00
  1.4751627e-01
 -1.0894732e-01
  4.2723060e+00
 -4.7213367e-01
 -4.5288062e-01
 -7.0932940e-02
  2.4122675e-01
 -3.1160936e-01
  2.4717386e+00
 -1.7688307e+00
 -5.7211185e-01
 -1.7624500e+00
  2.3617601e+00
 -1.0378166e+00
  2.8392255e-01
 -1.1539561e+00
 -1.3688634e-01
 -3.0717812e+00
  2.3359582e-01
  2.0253050e+00
 -2.0065556e-01
 -5.6670403e-01
 -1.0384814e+00
  2.4680641e+00
 -1.7712024e-01
  3.9531735e-01
  3.0350822e-01
  1.5456082e+00
 -5.6598667e-02
  1.2438294e+00
  1.5263721e+00
  1.4494430e+00
 -5.8646321e-01
 -1.8716080e+00
  1.9119592e+00
 -1.1083642e+00
  1.3082712e+00
 -1.9068913e+00
  1.5367296e-01
  1.2831060e+00
 -2.2299273e-01
  2.4299440e+00
  1.9064575e-01
 -3.1501225e-01
  6.5883371e-04
  2.7066257e+00
 -2.7853388e-02
 -2.5452626e-01
 -4.8678327e+00
 -1.7925338e+00
  2.7531607e+00
 -1.4598573e+00
 -3.2461259e+00
 -1.1376568e-01
  5.9816323e-02
 -2.6991873e+00
 -6.3416618e-01
 -5.0413299e-01
  3.7777820e+00
  2.7899542e+00
 -2.5430721e-01
 -5.8832526e-01
  1.5133364e-01
  2.6132053e-02
 -1.4488354e+00
 -2.8345832e-01
  5.0492895e-01
  2.0701399e+00
  1.5030854e+00
 -7.8071982e-01
 -1.7303707e-02
  1.2106441e+00
  1.4107696e+00
 -1.3004439e+00
 -5.4380310e-01
 -2.4081812e+00
  8.6078137e-01
  1.3528912e+00
  1.2905028e-01
  5.6979865e-01
  4.7941357e-01
  2.8769908e+00
  7.1270734e-01
 -4.9678984e+00
  1.1680539e+00
 -1.2026187e+00
 -1.4603976e+00
  2.6649383e-01
 -6.8060738e-01
 -1.5013380e+00
 -1.7376349e+00
  6.2186956e-01
 -6.3479048e-01
 -1.9873751e-02
 -1.4182466e+00
  2.0033088e+00
 -2.1314229e-01
 -4.9388211e-02
  3.0761350e-02
 -3.4264234e-01
  5.5755293e-01
 -3.6941428e+00
  1.9667664e+00
  8.7367219e-01
 -9.8440789e-02
  3.6068809e-01
 -1.0920536e-01
 -1.9699565e+00
  1.9439930e+00
  2.7116640e+00
  1.4415009e+00
 -1.6554360e+00
 -4.5628366e-01
  1.2428174e+00
  1.2038455e+00
  1.0576341e+00
 -1.8649502e+00
 -7.6539373e-01
 -1.1995878e+00
  1.4207831e-01
  3.0546355e+00
  7.9183668e-01
 -7.4322236e-01
  1.8727552e+00
  7.9980612e-02
  3.9752533e+00
  2.3887148e+00
  8.3761716e-01
  1.2858260e+00
 -1.1594076e+00
 -1.1237006e+00
  2.3820584e-01
  1.2039641e+00
 -7.0531410e-01
 -8.2150561e-01
  2.1702602e+00
 -1.6184319e+00
  7.9264176e-01
  4.2870378e-01
 -1.2259418e+00
  5.2394897e-01
  1.0067333e+00
  1.0781287e-01
 -3.6838934e-01
  5.1659292e-01
 -2.3348083e+00
 -7.2833754e-02
  2.9179285e+00
  1.1652330e+00
  4.3034430e+00
  2.4381112e-01
  1.3891693e+00
 -1.6404074e-01
 -2.9830453e+00
 -2.4018912e+00
  1.8275555e+00
 -7.6819330e-01
  3.5322842e-01
  3.0270164e+00
  2.7939589e+00
 -3.6085126e+00
 -1.4142810e+00
  1.6220698e-01
  1.9910359e+00
  4.0871158e+00
 -1.1130921e-01
  1.8763795e-03
  9.5546556e-01
 -9.3614495e-01
 -2.5922179e+00
  2.1179290e-01
 -4.1233106e+00
 -1.4906820e+00
 -2.2833233e-01
 -1.5538723e+00
 -1.6224867e+00
 -1.6529384e+00
  1.8926904e+00
 -2.4431760e+00
 -2.3249708e-01
  6.7378640e-01
  3.4996501e-01
 -3.7455913e-01
  4.7305059e-01
 -1.9887372e+00
 -2.6047236e-01
 -4.4108623e-01
  2.8111744e-01
 -1.5664499e+00
  8.3821565e-01
 -4.4542056e-01
  1.5844748e+00
  1.2710419e+00
 -2.5453248e+00
 -5.5564708e-01
  9.0230072e-01
 -1.0945004e+00
 -2.3272969e-01
 -2.2532272e+00
  8.0226976e-03
 -7.1870810e-01
  4.7844461e-01
 -1.3294709e+00
  6.4191318e-01
  3.4443192e-02
 -4.3961081e-01
  2.2600379e+00
  1.1583301e+00
 -4.3427372e-01
  2.4320087e+00
 -1.7543755e-01
  2.2122838e+00
 -4.7049126e-01
  9.5171762e-01
  1.2075050e+00
  7.7560741e-01
  2.4984536e-01
 -1.5853453e+00
 -1.2718933e+00
 -4.2480208e-02
  4.2391536e-01
  3.5266930e-01
  2.6316364e+00
 -1.5178882e+00
 -3.7193376e-01
 -7.9250103e-01
  8.0086720e-01
  6.4574713e-01
 -1.1149017e-01
  3.8027780e+00
 -1.1344659e+00
 -4.4417143e+00
 -8.0592483e-01
  1.9083128e+00
  1.6995642e+00
  3.7009020e+00
  1.2460251e+00
  4.7895429e-01
 -2.5119498e+00
  1.2467924e-01
 -2.7585357e-01
  2.2813818e+00
  2.1690669e+00
 -4.9356169e-01
 -2.1203259e-01
  5.3613001e-01
 -1.8234468e+00
 -1.3895994e+00
  2.1660981e+00
  4.6322703e-02
 -1.2968081e+00
 -2.1549292e+00
 -4.0670574e-01
  2.7265978e+00
 -7.7062666e-01
  1.3997109e-02
 -1.2694236e+00
 -5.1915460e+00
 -4.8287773e+00
 -2.2968161e-01
 -7.5744510e-01
  7.0357531e-01
  1.3193266e+00
  4.6784383e-01
 -3.7400467e+00
  7.6800346e+00
 -1.2471172e+00
 -5.2352679e-01
 -2.6277444e+00
  1.4820192e+00
 -2.6363993e-01
  2.7968490e+00
  4.7501981e-01
 -2.6548626e+00
 -5.5677003e-01
 -1.5012511e-02
 -6.0412937e-01
 -1.2253056e-01
  1.8672920e+00
 -1.6842407e-01
  3.4356963e-02
 -2.5900283e+00
  3.2580823e-01
  8.4380996e-01
 -2.9986227e-01
  3.1179544e-01
 -2.0071230e+00
 -2.1121164e-01
  1.7597122e+00
  1.3994648e+00
  1.2535996e+00
 -3.0026656e-01
  4.9387744e-01
 -7.7133316e-01
  2.5693424e+00
  9.1162231e-04
  4.3554336e-01
  1.0103029e-01
 -3.0073240e+00
  1.3402039e+00
  1.8300685e+00
 -3.6393873e-02
 -1.3792031e-01
 -4.3603569e-01
 -1.7856688e+00
 -2.5905907e+00
  3.8210595e+00
 -2.8307334e-01
  3.4082048e+00
  1.0686945e+00
  3.8554177e-01
  1.5805540e+00
 -5.7473041e-02
 -1.4948240e-03
 -8.8611323e-01
  1.0276018e+00
 -5.9498137e-01
 -3.5209692e+00
  1.5093383e+00
 -1.8709699e+00
 -8.6987096e-01
  7.3335081e-02
  3.3312434e-01
 -1.5291488e+00
 -2.9249997e+00
  3.6520314e+00
  3.6577532e+00
 -1.1020676e+00
 -2.7436507e-01
 -9.8542309e-01
  1.7000427e+00
 -3.4404824e+00
  1.4694769e+00
 -2.3523800e+00
 -2.1202123e+00
  1.3847108e+00
 -1.3190264e+00
 -2.0738897e+00
 -1.5182025e+00
 -2.8393703e+00
 -1.5811929e-01
 -1.8170837e-01
 -3.9548988e+00
  1.0109034e+00
 -4.4690065e+00
 -1.4506532e-01
 -8.9362639e-01
 -1.3449444e+00
 -1.5808647e+00
 -9.6963787e-01
 -8.9736837e-01
 -1.6347613e+00
 -3.0035269e+00
  3.6972656e+00
  3.0070610e+00
 -1.6010242e+00
 -1.2045077e+00
  4.0063872e+00
  5.1404840e-01
  2.1807175e+00
 -1.4439168e+00
  1.8865041e+00
 -4.7490206e-01
 -1.2648398e+00
 -4.1343258e-03
  1.0277661e+00
 -8.0369490e-01
 -5.7383478e-01
  4.4159061e-01
  1.4229571e+00
  3.6669505e+00
  1.9969869e+00
  2.8151819e-01
 -3.6460912e-01
  1.6196831e+00
 -7.7811277e-01
  1.8311147e-02
  1.7723417e+00
  2.0251334e+00
 -1.4801285e+00
 -5.1236972e-03
 -5.4647249e-01
  9.8652291e-01
 -8.2160616e-01
  4.6586636e-01
  9.2438209e-01
  9.6451074e-01
  1.3710035e+00
 -1.0810063e+00
  2.2619810e+00
  3.1109533e+00
 -6.3843316e-01
 -1.3209461e+00
  2.3534766e-01
 -8.9051759e-01
 -1.5848233e+00
  3.2803595e+00
  2.6910701e-01
  1.3002560e+00
 -1.1446041e+00
  5.3613162e-01
 -1.3592478e+00
  2.3548310e+00
  1.3126786e+00
  1.3204267e+00
  1.9907500e+00
 -1.7965430e+00
 -2.0866008e-01
  3.3901114e+00
 -2.4725075e+00
 -1.3407948e+00
  6.5726334e-01
  2.2362141e-01
 -2.4320552e+00
  4.6775718e+00
 -7.8938866e-01
 -7.0599087e-02
 -9.6943444e-01
 -1.3823872e+00
  1.4727037e+00
  1.4924412e+00
  7.8222048e-01
  3.6519442e+00
 -5.7535195e-01
 -2.3062795e-01
 -7.0090044e-01
 -1.1039127e-01
  1.7550370e+00
 -2.0662296e+00
  2.0151727e+00
  4.6262154e-01
 -3.4971249e-01
 -7.2190791e-01
 -2.5713511e+00
  1.7431716e+00
  3.6751509e-01
 -2.4684396e+00
 -3.5748300e-01
  5.3690755e-01
  6.6504639e-01
  1.4609917e+00
  3.5252041e-01
 -3.3128554e-01
  3.4113589e-04
 -4.8814565e-01
  1.8976570e+00
 -1.8321868e+00
 -2.8122726e-04
 -4.8137921e-01
 -1.6529755e-01
 -2.5592288e-01
  1.4880560e-01
  2.1739459e-01
  9.9105912e-01
  3.5998318e-04
  4.3351859e-01
 -4.7500532e-02
 -4.7374743e-01
 -2.9822123e+00
 -1.3485128e+00
  3.2980943e-01
 -3.0209742e+00
 -5.1055849e-04
 -1.8443629e-01
  6.1911744e-01
 -2.2167630e+00
 -1.3227014e-01
  4.7364430e+00
 -6.8857616e-01
 -1.6150551e+00
 -1.6705840e-03
  2.4658189e+00
  4.0221829e+00
  9.7042197e-01
  1.2993153e+00
 -2.2289317e-04
  2.6330271e+00
  5.0165313e-01
 -1.2125479e-03
  2.2706832e-04
  5.0350034e-05
 -7.4113379e-03
  2.7425212e-04
 -9.0671348e-04
  1.2069332e-03
  4.1536731e-03
 -4.2023440e-03
 -1.8198047e-04
  2.4000551e-03
  4.2704567e-03
 -4.7665592e-03
 -1.0930977e+00
  2.9409106e-04
  3.8165706e-03
 -3.4422847e-06
 -1.5884961e-04
 -1.0030994e-02
  2.5249599e-03
  4.5664846e-03
 -1.3100472e-04
 -9.6316740e-04
  2.1724594e-03
 -1.6147568e-04
 -8.4069255e-04
 -2.8193498e-03
 -2.1264334e-03
  2.3131859e-02
 -6.4271768e-03
 -1.0170755e-03
  2.7982637e-04
  2.2618303e-03
  9.0490124e-04
 -3.1462396e-03
 -1.7422190e-03
  2.1253238e-03
 -1.2833963e-01
  1.9497073e+00
  3.7928858e-01
 -1.6671970e-01
  9.5776343e-01
  7.3716432e-02
  4.2155247e+00
  5.1967263e-01
  1.8024838e+00
  2.1911302e+00
  3.1406600e+00
 -3.3016649e-01
  1.5705402e-01
 -1.1227363e-01
 -1.5159253e+00
 -5.7598275e-01
 -4.6019526e+00
 -6.0132146e-01
 -3.7976408e+00
  3.6070895e+00
 -5.7628733e-01
  4.0288523e-01
  2.9519911e+00
 -2.1095779e+00
  4.2154932e+00
 -1.9921447e-01
 -2.3965721e+00
 -1.5305636e+00
  4.7969493e-01
 -4.1250184e-01
 -3.6112839e-01
 -8.8270998e-01
  5.4876661e-01
 -1.7761700e+00
  1.1526443e+00
 -3.9340648e-01
  3.1820142e-01
 -6.4247471e-01
 -2.4075668e+00
 -1.2664832e-01
 -9.8658240e-01
 -2.6472969e+00
 -2.3209308e-01
 -1.6686715e+00
  1.3695700e+00
  8.6148399e-01
 -2.3431106e+00
  8.9108765e-01
  3.5689089e+00
 -5.9395993e-01
 -2.0257859e+00
  2.6591113e+00
 -2.3137860e+00
 -1.7792169e+00
  1.0883276e+00
 -5.4870158e-01
 -1.9426514e+00
 -2.7892332e+00
  5.8829832e-01
 -1.8712164e-01
 -1.0312730e+00
  2.0519722e+00
  8.3923757e-01
 -1.7185593e+00
  2.3880519e-01
  3.0684561e-01
  8.7975764e-01
 -4.1597664e-01
  2.2038655e-01
  2.2350893e+00
 -9.5786512e-01
  7.5421363e-01
 -1.8341129e+00
  1.7537550e+00
 -8.9226979e-01
  3.1014903e-02
  1.7114168e+00
  3.0416429e+00
 -1.7705692e+00
  1.9480860e-01
 -9.5669651e-01
 -1.0992225e+00
 -1.4992979e+00
  1.1423998e+00
  2.4733770e-01
 -1.4936693e-02
  1.2732174e+00
  8.8369370e-01
 -6.1194086e-01
  2.3218076e+00
  3.9720041e-04
 -3.3149192e-01
  3.5247216e-01
 -1.7952353e+00
 -2.3084638e+00
 -1.8216899e-03
 -2.7340784e+00
 -2.1300025e+00
  1.0808535e+00
  1.3871995e+00
 -4.3302268e-01
  5.6931274e-03
 -1.2631508e-03
 -5.7203722e-01
 -9.2540824e-01
  4.3867075e-01
 -6.3959141e-03
  3.3155491e+00
  1.1476708e-03
 -1.2960023e+00
  8.7623921e-05
 -8.4072101e-01
  2.5756875e-01
 -2.4391569e-01
 -1.0302693e+00
 -4.8665521e-01
 -1.4030577e+00
 -1.0428921e+00
  3.0590984e-04
 -5.1235169e-01
 -1.2108506e+00
 -1.7623155e+00
  1.1132710e+00
 -5.6662542e-01
  8.2722318e-01
 -7.1507525e-01
  2.0265250e+00
 -2.3189662e+00
 -1.1842350e+00
 -4.0160203e+00
 -6.0907745e-01
 -1.6066965e+00
 -1.0339950e-01
  5.1289983e+00
 -2.8460307e+00
 -9.9464607e-01
 -1.5211350e+00
  1.4914795e+00
 -1.0815618e+00
 -1.3349473e+00
  3.5584290e+00
 -1.0179080e+00
 -9.1727562e-02
  1.1924670e+00
 -4.0562251e-01
  1.5803778e-01
 -5.8084464e-01
  1.4194126e+00
  1.0899534e+00
 -9.1920918e-01
 -2.2033398e-01
 -2.1422420e+00
 -7.9470569e-01
  9.2275524e-01
 -1.3656529e-02
 -6.5965459e-02
 -2.0669529e+00
  6.5006697e-01
 -1.5674131e+00
 -1.3722196e+00
 -1.5518496e+00
 -2.4301856e+00
  7.8676164e-01
  2.5705505e-02
  1.0815277e+00
 -8.9858913e-01
 -2.3765987e-01
  5.7117171e+00
  2.7820878e+00
  1.0733940e-01
  2.5671046e+00
 -2.3946850e+00
  1.5037565e-01
 -1.8628391e+00
  2.1872740e+00
 -1.2631574e+00
 -2.9363927e-01
  6.3161033e-01
 -9.0011191e-01
 -1.4853996e+00
  2.3659472e-01
  6.6244090e-01
  3.6331698e-01
 -7.3094225e-01
  3.1562736e+00
  8.1712282e-01
  1.4965038e-01
  3.8500195e+00
 -3.1323423e+00
 -9.7004602e-05
  9.4604850e-02
 -1.1927617e+00
 -3.9444342e-02
 -1.5460752e+00
  2.3269153e+00
 -7.7169114e-01
  1.4704514e+00
 -1.4947304e-01
  7.8171659e-03
  2.3787566e-03
 -4.5035008e-01
  2.5361559e-01
 -1.6421239e+00
  1.5933547e+00
  1.2063613e+00
  4.5920572e-01
  5.6887101e-03
  6.5724456e-01
 -5.7400730e-02
  2.3098439e-01
 -3.4555387e+00
  1.1789000e+00
  5.3523092e+00
  6.9276941e-01
 -1.9294225e+00
  1.9264740e-01
 -3.7393272e-01
 -1.6968332e-01
 -2.9462726e+00
  1.2122328e+00
  1.1464231e+00
 -2.2974458e+00
  2.3197012e+00
  1.0087811e-01
  5.4297811e-01
  2.0761836e-01
 -5.8279438e+00
  7.4220228e-01
  2.7587924e+00
 -2.4042122e+00
  1.0839172e-03
  8.3614159e-01
  4.4781181e-01
  3.1646595e+00
  1.4451625e+00
 -3.1388825e-01
  1.4606136e+00
  1.1206783e-01
  3.2764225e+00
 -6.9048562e+00
 -1.8780812e+00
  6.0840497e+00
 -2.3962264e+00
 -3.2525938e+00
 -3.3390779e+00
  2.8555202e-03
 -1.0342982e-03
 -4.0923848e+00
 -4.3985868e-01
 -7.4337023e-01
 -2.6760608e-01
 -1.7790000e+00
 -2.8030951e+00
 -2.4964926e+00
  1.3259472e+00
 -1.7817849e+00
  1.4101863e+00
  9.2616864e-02
 -5.2492934e-01
 -1.0195714e-01
  9.2465067e-01
  3.4393346e-01
 -8.7925732e-01
  1.1676713e+00
  1.9109774e+00
 -1.6498184e+00
  1.2938572e+00
  2.6410112e+00
 -1.7550424e+00
 -6.5528029e-01
  9.3664631e-04
 -3.9935818e-01
 -1.0319847e+00
 -1.0288507e+00
  6.1822414e-01
  7.3886430e-01
  2.5033164e-03
 -1.1981549e-01
 -1.3719296e-01
  2.5312278e-01
  3.2125521e+00
 -1.7454357e+00
  1.8560899e+00
 -5.5353016e-01
 -9.0041924e-01
  6.5687394e-01
 -2.1237445e+00
 -6.5145725e-01
 -1.0264033e+00
 -3.0378205e-01
 -4.2117071e-01
 -1.7251183e+00
  1.8164112e-01
 -1.5258170e+00
 -2.1685888e-01
  2.3539054e+00
  5.7082057e-01
  2.5969639e+00
 -2.6123245e+00
  1.8543025e+00
 -8.4104693e-01
 -1.2542300e+00
  3.6664402e+00
  3.9642356e-02
  8.9703572e-01
  3.0391197e+00
  4.4870129e+00
 -6.2036043e-01
 -1.6612994e-02
 -1.0241162e+00
  3.1969617e-03
  5.0914109e-01
  5.0470047e+00
 -2.8332749e-01
  8.8655645e-01
 -8.9594805e-01
  1.1973630e+00
 -9.2807168e-01
  3.1039515e+00
  4.3680131e-01
 -1.6458256e-02
 -1.9811164e+00
 -3.2154491e+00
  1.0312210e+00
 -1.3428589e-03
 -2.6612732e-01
 -1.5044703e-01
  2.4900823e+00
 -1.9746694e-01
  1.4993036e+00
  8.5756294e-03
 -1.2925571e+00
 -6.3197762e-02
  8.5856408e-02
  2.8738341e+00
 -2.9909012e-01
  1.9784619e+00
 -1.8358907e+00
 -8.0077752e-02
  8.3121049e-01
 -1.2024713e+00
  5.4541357e-02
 -3.4690704e+00
  2.3278983e+00
 -2.8365476e+00
  4.5511743e-01
 -7.1690035e-01
  1.0934451e+00
 -6.5439504e-01
 -7.9773378e-01
 -2.1938880e-01
 -3.5767373e-01
  1.5713821e-01
  2.2588484e+00
 -7.6596730e-04
  3.0325584e+00
  1.0912250e+00
 -6.9022632e-01
 -2.8958890e+00
  8.5611397e-01
 -2.7910122e-03
  2.9799817e+00
  1.3254116e+00
 -1.3673982e-01
  3.9920938e-01
  8.5635555e-01
  9.1818428e-01
 -4.5785359e-03
  6.3535148e-01
  2.1168536e-02
  4.4015198e+00
  1.3886443e+00
  3.6396406e+00
  5.4692388e-01
 -8.4356874e-02
 -3.7900108e-01
 -2.2585830e-03
 -1.4528884e+00
  1.6448771e+00
 -2.3159228e-01
 -1.8940779e+00
 -4.6515197e-01
 -4.8905604e-02
  2.1964903e-03
 -5.5413598e-01
  5.9268542e-02
 -1.6015258e+00
  2.3770722e-02
  1.5106190e+00
  3.0790019e+00
 -1.1737062e-01
  5.8039993e-01
 -5.2847320e-01
 -5.0640821e-01
  1.5414171e-03
 -1.0775640e+00
  1.9999695e+00
 -4.0501767e-01
  4.3520383e-03
  1.7549779e-01
  1.5972214e-04
  6.3288426e-01
 -1.8530623e+00
 -2.3654644e-01
 -1.7402665e-03
 -1.7709184e-01
 -1.7974643e-02
 -3.4599766e-01
  6.6162860e-01
 -8.3532911e-03
  1.7412165e-01
  3.9247558e-01
  4.4900246e-02
 -3.4742930e-03
 -1.7245437e-01
 -2.3231864e-01
 -7.4682809e-02
  9.9152976e-01
 -2.6868184e+00
 -5.9916937e-01
  1.0597364e+00
 -9.0630966e-01
 -7.9907882e-01
  2.0075232e-01
 -9.9315876e-01
  6.2692754e-02
  1.1278571e+00
 -1.6874731e+00
  5.2598417e-01
  1.9578362e-02
 -2.6068230e+00
  2.4378598e+00
  3.5856536e-01
  1.4812104e-01
  7.6806951e-01
  5.8175832e-01
 -1.4076263e-01
 -7.6940298e-01
  2.6327069e+00
  1.0841714e+00
 -3.0245233e+00
  3.2707119e-01
 -7.9668880e-01
 -1.3028018e-02
  1.6435717e+00
  1.8335971e+00
  3.3556524e-01
  1.2606710e+00
 -1.8018283e+00
 -9.8279767e-02
  5.1088655e-01
  2.5163746e+00
 -1.4218316e+00
  2.6673248e-01
 -1.3741298e+00
  6.3934982e-01
 -1.2713280e+00
  6.4241225e-01
  7.5426275e-01
  2.3279674e-02
 -6.4791501e-01
 -9.0610433e-01
 -1.0780987e+00
 -1.1813889e+00
  5.4603239e-04
 -1.1303761e+00
  2.2700675e-02
 -1.4075798e+00
 -8.5576075e-01
  2.2967029e-01
  9.1315764e-01
  1.6031374e+00
 -3.4439170e-01
 -4.3668464e-01
 -1.3505030e+00
  1.3509054e+00
  1.5119527e-01
 -5.3212225e-01
 -3.1596145e-01
 -2.0717870e-01
 -4.1551992e-01
  3.0319890e-01
  7.5702840e-01
  1.8467735e-01
  9.5557433e-01
 -1.5497197e+00
 -3.7555606e+00
  1.5518787e+00
  5.5284715e+00
 -1.0317513e-01
  9.7914517e-04
  2.6978502e-01
 -4.0461895e-01
  6.8343040e-03
 -2.3852783e-04
  6.3638204e-01
  6.8798751e-01
 -3.5488997e+00
  1.7831171e+00
  8.1922466e-01
  8.1480324e-01
 -9.4957009e-04
 -3.5282441e-03
 -2.9087478e-01
 -9.0287519e-01
  2.7764292e+00
 -3.1456375e+00
  2.3098505e+00
  6.1485124e-01
  8.9197019e-03
  1.8877530e-04
 -7.7066815e-01
 -2.8361940e+00
  5.7092422e-01
  1.5827612e+00
 -3.0499140e-02
 -9.2146128e-01
  2.6493022e+00
  1.1845957e-01
 -1.3734475e+00
  2.5085502e+00
 -1.2541724e+00
  5.3271496e-01
  1.9837563e+00
  8.2294837e-02
  1.4602053e+00
  1.0808699e+00
 -8.0071531e-02
 -1.5484297e+00
  8.3369607e-01
 -1.6605176e+00
  5.2283317e-01
  5.1518345e-01
 -6.8941599e-01
  1.1540917e+00
  2.0985112e+00
  1.3844281e-02
 -4.0011570e-01
 -4.7032580e-01
 -1.4432487e+00
  1.3706189e+00
 -1.6251187e-01
  4.7268370e-01
 -2.2589583e+00
  2.4624955e-02
 -3.7374184e+00
  2.3447448e-02
  6.0881273e-04
  1.2384697e+00
 -1.3093231e+00
 -3.4705660e+00
  1.8318717e+00
 -1.0533739e+00
  1.7339656e-01
 -1.8121485e+00
 -2.9555911e-01
  5.0376791e-01
 -4.0584471e-02
  1.6342418e+00
  7.8083701e-02
  1.6097693e+00
 -1.5615864e+00
 -7.9401398e-01
  5.2674419e-01
 -1.5304101e+00
 -1.3751915e-01
  1.6051606e+00
 -1.4878179e+00
 -1.2524438e+00
  7.5810564e-01
 -1.2999375e+00
 -8.9887512e-01
 -2.7657318e+00
  3.3569541e+00
  1.4946694e+00
 -1.6309663e+00
  1.9058300e+00
 -3.5259849e-01
  3.1622818e+00
 -2.7556458e-01
  1.9334524e+00
  2.5056636e+00
 -3.3343151e-01
 -2.3461327e-01
  1.0578158e+00
  3.5115814e+00
 -3.4856480e-01
  1.5217488e+00
  6.8361747e-01
  3.9778304e-01
 -3.6645493e-01
 -1.6675135e-01
 -1.4939113e-01
 -1.4591433e-01
 -3.7175286e-01
 -4.6302465e-01
 -2.9707916e+00
 -2.4664226e-01
  8.6580986e-01
  4.8469019e-01
 -6.2409908e-01
  3.3379312e+00
  1.5080837e+00
 -6.5436840e-01
  1.1109887e-01
  3.4223154e-01
  1.3297310e+00
  8.1363440e-01
 -4.7403705e-01
  1.7032814e+00
 -3.6250112e+00
 -3.8452283e-01
  1.0197145e+00
 -5.6144247e+00
 -3.3440095e-01
 -4.9351458e-02
  2.1958833e+00
 -1.5583113e+00
 -2.6621100e-01
  1.8143686e+00
 -3.2780054e+00
 -2.2344396e+00
 -1.5305232e+00
 -4.3287364e-01
 -1.4056994e+00
  1.7772052e+00
  2.0438445e+00
 -2.3141088e+00
  1.0570987e+00
 -1.1179388e-01
 -1.5643227e-01
 -2.0189445e+00
  2.8652732e+00
  3.4532648e-01
 -1.1657436e+00
 -1.8579490e+00
 -5.5148828e-01
  1.2373224e+00
 -1.1596379e+00
  8.3468980e-01
  2.6052852e+00
  4.6327763e+00
  1.4353305e+00
 -6.3446885e-01
 -8.3157581e-01
  2.9471874e+00
  4.8952758e-01
  4.2112961e+00
  2.2531621e+00
 -2.2443168e+00
 -3.8892109e-02
 -4.8179505e-03
  5.2005210e+00
 -5.3404039e-01
  1.8335562e+00
 -8.0489057e-01
 -2.6606083e+00
 -4.6656772e-01
 -7.0533770e-01
  1.2994363e+00
 -1.0089808e+00
 -5.6043380e-01
 -2.5386369e-01
  3.3651733e-01
  3.2157664e+00
 -6.7982689e-02
 -2.9659357e+00
  3.9838174e-01
  4.9416384e-01
  1.1158932e+00
 -1.1177813e+00
 -1.2667989e+00
 -2.1816315e-01
 -4.0236241e-01
 -2.8837541e-01
 -3.0737169e+00
 -5.1865184e-01
 -8.4872693e-01
 -3.4170184e+00
 -3.7482746e+00
  1.2872625e-02
 -5.7249045e-01
  9.3878902e-02
  9.8472363e-01
 -8.2482702e-01
 -1.2163153e+00
 -4.9839129e+00
  1.8552660e+00
  1.4134873e+00
  2.8677289e+00
  2.5979002e+00
  3.5105946e+00
  1.4920050e+00
  5.0935388e-02
  5.6483036e-01
 -1.7433176e+00
  1.0933865e-01
 -6.2168008e-01
  1.3876971e+00
  4.8671585e-01
 -1.0442419e+00
 -9.1785175e-01
 -1.7351825e+00
 -1.6097888e-01
 -8.0208129e-01
 -3.8395360e-01
 -7.6090795e-01
 -1.2885015e+00
  5.9661143e-02
  6.4565653e-01
 -4.0345865e-01
 -1.1152697e+00
 -2.9554911e+00
  1.5380949e+00
 -5.3754115e-01
 -3.4362683e+00
 -1.8674082e-01
  2.0355449e+00
  2.5807631e+00
 -2.1109471e-01
  4.1378227e-01
 -1.2105627e+00
 -1.6025184e+00
 -2.0308599e+00
  6.7948103e-01
 -1.4170390e+00
 -1.0178714e+00
  1.1290632e+00
  1.5210881e+00
  3.8569145e+00
 -3.4646230e+00
 -5.5137638e-02
 -9.3421815e-03
 -5.6741488e-01
  3.8400738e+00
  3.1023395e+00
  3.4276735e-02
 -1.6026574e-01
 -1.1272898e+00
 -4.6829224e-01
  1.0778251e-01
  1.2293729e-01
 -3.0046496e+00
  1.3973963e-01
  9.5818090e-01
 -6.7063153e-01
 -1.9841827e-01
 -4.2579630e-01
 -3.4611377e-01
 -1.7454957e+00
 -1.0168159e+00
  9.1618919e-01
 -8.1543988e-01
  7.0536280e-01
 -1.7907078e+00
 -9.3732065e-01
  1.1662879e+00
  1.7101037e-03
 -2.3427136e-01
  6.1319774e-01
  7.6724157e-02
 -8.0818641e-01
  2.6859217e+00
 -6.3149653e-02
  1.2332624e+00
 -9.1696575e-02
 -1.6302562e-01
  2.9284951e-01
  1.4449613e+00
  1.1742349e+00
 -5.0009632e-01
 -1.4596730e-01
  8.8961619e-01
  1.9318012e+00
 -8.1717205e-01
 -1.6459583e-01
 -1.8152960e-01
  1.2021697e+00
 -7.1641707e-01
 -1.2292105e+00
  7.9894984e-01
 -1.1367362e+00
 -1.5681292e+00
  2.1528080e-03
  3.5918355e-01
  4.2813513e-01
  1.8541884e-02
 -1.1494125e-01
 -1.1759049e+00
 -1.8480138e+00
 -2.8209510e+00
  2.5094421e+00
  2.2747965e+00
  1.5400792e+00
 -1.8482579e+00
 -1.0876385e+00
  2.5987601e-01
 -4.2425647e+00
  1.5407182e+00
  3.5484567e+00
  1.0381840e+00
 -4.9907243e-01
  8.1728953e-01
  8.1577522e-01
 -1.7613530e+00
  1.3587379e+00
 -3.8542886e+00
 -4.7359771e-01
  9.7273809e-01
  9.8018062e-01
 -1.2815294e-01
 -1.8923156e+00
 -3.3798426e-01
 -2.3040770e-01
  6.8776089e-01
 -1.2956706e+00
 -2.5217192e+00
 -1.8602692e+00
  3.2116315e-01
 -1.0809700e+00
  1.4541037e+00
 -5.4647005e-01
 -5.8480400e-01
 -7.8253932e-02
  1.4176714e+00
  2.3726926e+00
  4.4433889e-01
  9.2108440e-01
 -2.2079000e+00
 -8.1241615e-02
  1.2313688e+00
 -8.2760346e-01
 -3.4347603e-01
  2.0651491e+00
  4.1857696e-01
  2.0013812e+00
  1.0500215e-01
  9.5583594e-01
  7.6003885e-01
 -1.2135178e+00
  1.6865058e+00
  5.2955293e-05
  6.7010957e-01
 -7.2501272e-01
 -2.1156037e-02
  1.6787401e-01
  2.6370725e-01
 -1.4845973e+00
  9.9841869e-03
 -7.0344824e-01
  9.0394431e-01
  1.4965518e+00
  2.5305104e+00
 -1.8739085e+00
  3.2529218e+00
  1.0552171e+00
 -2.3060787e+00
  4.6470862e-02
  2.0968845e+00
  8.3881909e-01
  6.5418220e-01
  3.4467101e-02
 -1.1555251e+00
 -1.1199214e+00
 -3.4009379e-01
 -4.7471017e-01
  9.2878187e-01
 -8.4037375e-01
  4.5501959e-01
 -5.2710217e-01
 -2.4487054e-01
  2.1629030e-01
 -5.9474671e-01
  6.1582345e-01
  1.1968181e+00
 -2.8172245e+00
 -6.0519755e-01
  1.9669925e-01
  2.1408043e+00
  3.3598587e-01
  2.0201957e+00
 -6.9662976e-01
  4.9813271e-01
 -1.3922993e+00
 -5.6297702e-01
  3.0256230e-01
 -2.7611569e-01
  4.2579064e-01
 -4.0448362e-01
 -3.1919673e-01
 -1.3896492e-01
 -1.9957570e-02
  4.3502684e+00
  8.9410514e-01
  1.2078322e-01
 -3.9372462e-01
  1.1106786e+00
 -3.0463231e-01
 -3.9996269e-01
 -5.6008214e-01
  4.5992458e-01
 -1.0323844e+00
  7.3030013e-01
  4.4165999e-01
 -1.1641401e+00
  1.2981118e-01
 -1.6162864e+00
 -1.4825200e+00
  6.1440110e-01
  5.3533840e-01
 -4.1710505e-01
 -2.3211174e+00
 -1.8154373e+00
 -1.0633496e+00
  1.3647285e+00
 -5.6545520e-01
 -1.3312794e+00
 -1.7291871e-01
  3.1960517e-01
 -1.0405953e+00
  1.8911880e+00
 -1.5416620e+00
  1.2657030e+00
  2.2959620e-01
 -8.4265274e-01
 -2.3757577e-01
  1.0021994e-01
  1.1302278e+00
  4.8390487e-01
  5.3620458e-01
  1.1968929e+00
 -1.4187644e+00
  2.1978378e+00
  2.6898623e+00
  3.4572079e+00
  1.4299935e+00
 -6.5732580e-01
  4.7790915e-01
  7.1639878e-01
  9.3238759e-01
  1.1091528e+00
  2.4646006e+00
  1.9339384e-01
  1.3692158e+00
 -1.2602012e+00
  2.1815388e+00
  1.0007658e-01
 -3.0070848e+00
  8.2015944e-01
  1.6533524e+00
  1.7012675e+00
  1.0586264e-01
 -5.6905210e-01
 -3.7978530e+00
 -2.2275074e+00
 -3.1615729e+00
 -1.9915901e+00
 -1.1640226e+00
 -3.3711212e+00
 -7.9740506e-01
  9.4266927e-01
  5.8387332e+00
  1.0031035e-01
  3.0950847e+00
  3.6916301e+00
 -1.2111902e+00
  7.6360130e-01
 -3.8442822e+00
 -1.4975741e+00
  1.0519478e-01
  8.9073730e-01
 -2.4739954e-01
 -8.4697104e-01
  2.8390169e+00
  1.0022793e-01
  3.5053718e-01
  3.9959565e-01
 -1.4128428e+00
  9.8835045e-01
 -1.1906648e+00
 -2.3838410e-01
 -9.1888916e-01
  8.0073875e-01
 -1.4657788e-01
 -3.8001576e-01
  2.3410177e+00
 -8.4398192e-01
  5.4147762e-01
 -1.4347094e-01
  7.8849500e-01
 -4.2738938e+00
  3.6653872e+00
  7.0813584e-01
 -3.1656772e-01
  2.9509566e+00
 -1.0184784e-01
  5.8911979e-01
 -1.8570269e+00
  1.3917227e+00
 -1.7126020e+00
 -3.4125838e+00
  4.4928738e-01
  5.3132234e+00
  4.1717997e-01
  2.6953368e+00
 -1.2898760e+00
  2.0774076e+00
 -2.3078418e+00
 -1.0032169e-01
  1.8003967e+00
  1.6851085e+00
  3.0098276e+00
 -1.0004246e-01
 -1.5648657e+00
 -1.0008016e-01
 -5.3876847e-01
  5.3199953e-01
 -1.7236668e+00
 -1.0001721e-01
 -1.0004366e-01
 -2.6228862e+00
  2.4015329e+00
 -1.3363208e+00
  9.0146834e-01
 -8.6751401e-01
 -6.8683660e-01
 -5.8263946e-01
 -4.9953905e-01
 -3.6477799e+00
 -1.9952381e+00
 -2.1894842e-01
  4.9558321e-01
 -1.5052367e+00
  1.8733665e+00
  1.7781656e+00
 -2.0873900e-01
 -2.2166905e+00
  2.1426735e+00
  2.4172020e+00
 -1.2842371e+00
  9.1030240e-01
 -2.3731649e+00
 -5.1321000e-01
  9.8478943e-01
  1.0004222e-01
  2.3750765e+00
 -1.6167229e+00
 -1.3959948e+00
  1.3206900e+00
 -7.5405210e-01
  1.0632291e+00
  1.1485127e+00
  2.0103929e+00
 -5.0384002e+00
  1.2644931e+00
 -1.1171708e-01
 -1.1690999e+00
  9.1402638e-01
 -4.7898144e-01
 -2.7174282e+00
 -1.1121107e+00
 -1.6789259e-01
 -1.5413413e+00
 -1.0335144e+00
 -3.8771078e-01
 -2.7772362e+00
 -2.9351968e-01
  7.3721468e-01
 -1.6478591e+00
  3.4045477e+00
  1.4805700e+00
  1.7184054e+00
  5.1967669e+00
 -3.4807444e+00
  3.9020882e+00
 -1.0106144e+00
 -2.0697801e+00
  1.7954344e+00
  9.6534622e-01
 -3.1404030e-01
 -1.0051984e-01
  2.6385015e-01
  1.6255552e-01
 -1.2534903e-01
  1.0061924e-01
 -1.5883592e+00
 -2.9631426e+00
  4.0203609e+00
 -2.0315509e+00
  1.6857290e+00
  3.2937753e-01
  3.4103325e-01
  2.4444873e+00
  1.2587447e+00
 -1.2748048e+00
 -2.9744244e-01
 -9.0221125e-01
 -4.2843041e-01
 -5.0195737e+00
  3.6159778e+00
  1.0001817e-01
 -1.5514370e+00
  6.9125009e-01
 -2.9492354e+00
 -7.8457671e-01
  3.8867101e-01
  1.9558880e-01
  9.7163725e-01
  2.5469615e+00
  1.4821428e+00
 -1.7422414e+00
  5.0284612e-01
 -3.3154871e+00
 -5.2165300e-01
  9.0221775e-01
  6.5058666e-01
  4.5804957e-01
  5.6850052e-01
  1.5200920e+00
  1.1522712e+00
 -8.2635480e-01
  2.7995294e-01
  1.2506129e-01
 -3.5368953e+00
 -1.0025040e-01
 -2.2310402e+00
  1.0019299e-01
  1.1130210e+00
 -3.1715322e-01
  3.2745555e-01
  9.5924926e-01
  9.7372258e-01
 -2.1960887e-01
  1.0255041e+00
  1.9422126e+00
 -8.0624944e-01
  2.1140184e+00
 -8.9710110e-01
 -3.1582782e+00
 -2.2242236e+00
 -1.0421572e-01
  9.6460885e-01
  2.2446702e+00
  8.0943447e-01
 -2.1804764e+00
 -3.2562765e-01
  1.4661281e+00
  5.5206841e-01
  1.0162193e-01
 -1.0017762e-01
 -1.1116736e+00
  9.0392143e-01
 -1.5253643e+00
 -1.8679631e+00
 -2.2135172e+00
 -7.2706652e-01
  9.0120351e-01
 -1.1482065e+00
  1.6987370e-01
 -2.7286909e+00
  5.4286402e-01
 -1.2112136e+00
 -1.0006254e-01
  1.0088886e-01
  2.0716114e+00
  1.6153814e+00
  9.3187755e-01
 -1.2428696e-01
 -2.4114625e+00
  1.9638667e+00
  4.1530111e-01
 -1.2752575e+00
 -2.9773388e+00
  2.0293735e-01
 -5.7037920e-01
 -1.0037079e-01
 -3.8178933e-01
  5.4528517e-01
  1.3786389e+00
  1.0035993e+00
 -1.8423609e+00
 -1.0013691e-01
 -1.0055405e-01
 -8.4896183e-01
  6.2096930e-01
 -2.4540007e+00
 -1.5875867e-01
  2.1151805e-01
  1.5191108e+00
 -4.2048085e-01
 -6.9655824e-01
 -1.0007783e-01
 -1.2389734e+00
  2.1864920e+00
 -2.9672295e-01
  1.0008370e-01
  9.7997272e-01
  1.1061065e+00
  4.8684862e-01
  2.3888519e+00
  1.6911651e+00
  1.6170852e-01
 -1.0001560e-01
  1.0291432e+00
 -3.2539616e+00
 -4.9686117e+00
 -5.2340955e-01
  5.7957166e-01
  6.3092713e+00
 -1.2249093e+00
 -2.7469742e+00
 -3.0315907e+00
  1.4643017e+00
  7.5426042e-01
  1.0165374e-01
  1.6418397e-01
 -7.2973198e-01
 -9.6125311e-01
  2.1792148e-01
  1.1568648e+00
  1.6993097e+00
 -3.0261680e-01
 -4.0712243e-01
 -1.6167064e+00
 -1.3752205e+00
  2.1923995e+00
  9.5769894e-01
  7.6386857e-01
 -1.4378694e+00
  4.9581286e-01
  1.6907367e+00
  1.0054756e+00
 -3.5802059e+00
 -1.0038552e-01
  4.1471857e-01
  2.5222179e-01
  1.0183580e-01
 -1.2066416e+00
 -1.7256725e+00
 -6.0777980e-01
 -1.1181747e+00
  4.3317774e-01
  2.0042064e+00
  4.7549300e+00
 -7.1668631e-01
 -3.1986036e+00
  1.0036005e-01
 -4.4359550e+00
 -4.3936701e+00
  7.0725245e+00
 -1.0003208e-01
  1.0271122e-01
  3.4188896e-01
 -1.7032980e+00
 -1.4392873e+00
  1.8898656e+00
  4.5402661e-01
 -4.6667156e-01
  1.5027318e+00
 -2.1313329e+00
  6.7698318e-01
  2.0226863e-01
 -2.1670015e-01
 -8.5872167e-01
  8.4606230e-01
 -2.5788648e+00
 -7.5817221e-01
 -1.4655931e+00
 -2.8404099e-01
  1.0000065e-01
 -9.1357577e-01
  1.6783122e+00
  1.0028027e-01
 -1.1542987e+00
  3.8531867e-01
 -1.0616685e+00
 -1.8539643e+00
 -4.0682225e+00
  8.0321699e-01
  1.4685948e+00
  2.4331242e-01
  2.4936206e+00
 -2.9929335e+00
 -3.8110831e-01
  1.5174059e+00
  1.0001186e-01
  8.2704532e-01
 -2.8532133e-01
 -1.0009976e-01
  1.7534789e+00
  1.7588546e+00
 -1.5005031e+00
 -1.7129184e+00
 -1.4564389e+00
  1.6578434e+00
  8.4648979e-01
  7.4518263e-01
  1.6067898e-01
  6.3338476e-01
 -6.4439851e-01
  7.5321901e-01
  1.0002326e-01
 -1.2507696e+00
 -1.2426455e+00
  6.9499499e-01
 -1.0450157e+00
 -1.0009498e-01
 -8.3334035e-01
 -4.3623918e-01
 -5.0579369e-01
  1.0001852e-01
 -1.4498050e+00
  1.4035211e+00
  2.0755629e-01
  8.7945712e-01
 -7.0318699e-01
 -1.1060560e+00
  5.9095774e+00
 -1.0032284e-01
  4.8316878e-01
 -4.0320630e+00
 -5.0093684e+00
  1.0069106e-01
  1.0004985e-01
 -1.9811201e+00
 -3.2818158e+00
 -1.7485803e+00
 -1.1145797e+00
  1.3764127e+00
  2.3075728e+00
  1.0249797e-01
  3.0925393e-01
 -5.6338328e-01
 -2.6536558e+00
  4.7467434e-01
 -1.0003935e-01
 -6.0028660e-01
  1.7343234e+00
 -1.0015068e-01
 -7.8738165e-01
 -9.8618191e-01
 -4.9788707e-01
  6.5811378e-01
  1.0363096e+00
 -1.0001588e-01
 -7.8674525e-01
 -4.7264946e-01
 -5.0409836e-01
  1.0000559e-01
  2.6456210e-01
  1.9870600e-01
 -1.5472245e+00
 -2.1357017e+00
  3.8485198e+00
  1.2413742e-01
  5.2814088e+00
  1.8636639e+00
 -1.7869729e+00
  2.7892032e-01
 -1.7592325e+00
  1.7785287e-01
  7.5789380e-01
 -1.6094557e+00
 -8.1869292e-01
 -1.3021463e+00
 -8.6918199e-01
 -4.6675429e-01
  1.5583335e+00
  5.2673876e-01
 -2.6026657e+00
 -1.2735498e+00
  1.5595556e+00
  6.2714928e-01
 -2.2054203e+00
  7.2839284e-01
 -2.9346910e+00
  2.4518701e-01
 -1.4669821e+00
 -1.0021456e-01
 -1.0815194e+00
 -1.3145045e+00
 -8.6651313e-01
 -2.5222823e-01
  1.1470909e+00
 -1.2149172e+00
  1.3125889e+00
  7.1253264e-01
  1.2284262e+00
  1.7419608e+00
 -1.1811124e-01
 -1.2806922e+00
 -4.1714916e-01
 -1.2988379e+00
 -3.1910958e+00
  3.1400414e+00
  1.9828531e-01
  1.0017520e-01
  1.3551135e+00
 -2.2132117e-01
  2.3042893e+00
  1.1405860e+00
 -3.7793306e-01
  1.5122020e+00
  1.0501496e+00
  2.6010921e+00
  8.4809148e-01
 -1.3817139e+00
  9.6585828e-01
  7.8338450e-01
  6.8312359e-01
 -1.4091603e+00
 -1.4455874e+00
  5.2291536e-01
  1.7455800e+00
 -5.0037336e-01
 -1.2185496e+00
 -1.3229542e+00
 -7.8816634e-01
  4.9933031e-01
 -8.1405425e-01
  3.7160823e-01
 -1.3931784e-01
  2.8975299e-01
 -2.8918488e+00
  1.8890917e-01
 -1.4774550e+00
 -1.0246685e-01
  2.7973785e+00
 -2.9127507e+00
  9.7181219e-01
  1.3299780e+00
  2.7847545e+00
  9.0888232e-01
 -4.2650732e-01
  2.5393695e-01
 -2.6059952e+00
 -1.8383820e+00
  5.6791145e-01
  1.0469273e-01
 -2.1797997e-01
  6.3003439e-01
 -9.1213292e-01
  4.8639522e+00
  1.1787627e+00
 -5.9064931e-01
  1.7215360e+00
 -1.2718832e-01
  1.5293376e+00
  5.3843737e-01
  6.6781873e-01
 -2.2444816e-01
 -3.6083844e-01
 -1.0044838e+00
 -1.3215252e+00
 -2.6427338e+00
 -9.7400188e-01
  5.7064688e-01
 -7.4885809e-01
 -4.4716376e-01
  1.0593933e+00
 -2.1961098e+00
 -1.3139122e+00
 -1.0184722e-01
  1.9528874e+00
 -3.4757695e+00
  3.6466570e+00
  2.3258116e+00
 -3.9731523e-01
 -9.3718302e-01
 -1.1074814e+00
  6.7900932e-01
 -1.2462348e+00
  2.2626081e+00
 -3.2383974e+00
  2.7946296e+00
  6.9639295e-01
  2.2889456e-01
 -1.8096548e-01
  1.0913458e+00
  1.0001547e-01
 -5.6845808e-01
  1.0823128e-01
  2.7488855e-01
 -8.0747813e-01
 -7.6017392e-01
  6.7772859e-01
 -9.3169248e-01
 -1.1046872e+00
  2.3910397e-01
  1.1525193e+00
 -5.7994646e-01
  2.0018212e-02
  2.0018212e-02
  2.0018212e-02
  2.0018212e-02
  2.0018212e-02
  2.0018212e-02
  2.0018212e-02
  2.0018212e-02
  2.0018212e-02
  3.3521723e-02
  3.3521723e-02
  3.3521723e-02
  3.3521723e-02
  3.3521723e-02
  3.3521723e-02
  3.3521723e-02
  1.5976273e-02
  1.5976273e-02
  1.5976273e-02
  1.5976273e-02
  1.5976273e-02
  1.5976273e-02
  1.5976273e-02
  1.3631606e-02
  1.3631606e-02
  1.3631606e-02
  1.3631606e-02
  1.3631606e-02
  1.3631606e-02
  1.3631606e-02
  1.4723741e-02
  1.4723741e-02
  1.4723741e-02
  1.4723741e-02
  1.4723741e-02
  1.4723741e-02
  1.4723741e-02
