-2.788094088811848142e-02 2.955949179963364148e-01 -4.822422333695245977e-01
-1.361264808931659909e+00 -2.241747876795875394e-01 -5.069254962888455340e-01
-1.082064444001779382e-02 -6.939788643961171122e-01 -9.256217698442456565e-02
5.062127611409285022e-01 5.519900706062536022e-01 2.722805253055821662e-01
3.253768128398216719e-01 1.289799258485505584e+00 1.091853454199473772e+00
1.461922316008416933e+00 1.040334936884135919e+00 -4.388422410514532523e-01
3.681882188119381394e-01 1.358159682678428348e+00 -2.699945993427090407e+00
1.358812689118187589e-01 -3.516935735086709203e-01 1.724867574877550824e+00
-2.774487381596854596e-01 -6.433607612295084710e-01 1.400042093397533272e+00
-4.535097509910657188e-01 9.344134061297824922e-02 -6.880147397850397972e-01
7.121960454629797654e-01 -1.273372134492013474e+00 -7.952631059393354684e-01
-5.875307972874989071e-01 -9.647842066319343990e-02 1.092625615451093379e+00
2.172882566206471022e+00 8.973486850721631436e-01 1.873046949932547056e+00
-5.747192572019914625e-01 -7.704819639793082375e-01 3.863838335578714811e-02
3.055679411791309974e-01 4.108831537442890827e-03 6.275055770673149125e-01
-1.296977945346499683e-01 1.299944205116611295e-01 -1.437143618116520027e+00
-2.409657371393110203e-01 8.782981806028794525e-01 -6.574021150457441676e-02
3.613542117905737538e-01 3.178655086120333317e-01 -1.627170670428039756e-01
-7.206167337689124430e-01 -5.014835259502409270e-01 5.992880172233586156e-02
-1.067651401435932984e-01 -1.390132868495897456e-01 -4.592581741485832203e-01
1.055800384888925247e+00 1.527764357835791342e-01 1.816649943715068716e+00
7.018899535883469376e-01 -8.692833935978415694e-01 -6.428476343468345622e-01
-3.266364434323172916e-01 -8.017871036378014793e-01 -2.761157805242832608e-01
-5.007504703721652461e-01 -8.946824050033228559e-01 -1.240559957343276842e+00
4.207189575785577618e-01 -1.545453199784535547e+00 3.499308015636012570e+00
-9.993772443465256949e-02 -1.382180395857447452e+00 -9.331247988863448084e-01
-6.118526850570678022e-01 2.416625040002962521e+00 1.748461553532976720e-01
-9.362281995580951088e-01 -6.161018562482444283e-01 5.123907442513140342e-01
6.984287045378989589e-01 2.355977623084515860e-01 -5.443443031990730097e-01
-4.586018887818408274e-01 1.171555834142740810e-01 -3.167051511708359191e-01
-1.130011992263968076e-02 -4.881081966885934542e-01 4.467561402188605091e-01
6.766867361348490872e-01 -3.161496846975515584e-01 7.653668317114779018e-01
2.132690696848482115e-01 -5.298529190161244129e-01 -1.776118284153947180e-01
1.018843575472571317e+00 2.943267439429080756e+00 -1.145625693539314094e+00
3.224664855417104792e-01 9.086635638655107261e-01 7.340484606304411574e-01
-1.685478108514395224e-01 -2.131792230300460389e+00 1.847878320610556013e+00
1.619089465687310880e-02 3.163327639472969466e+00 2.131289962019151663e+00
4.363190662781620266e-01 -1.057479348376759720e-01 -1.388308506927036001e+00
-2.196302562680751691e-01 -1.439122903179859136e-01 -4.478592932422354456e-01
2.897510812696124649e-01 -6.625850763148367628e-01 -3.215421900393090060e-01
-1.591898368405935127e+00 2.748028540648856932e-01 -7.159506816504279669e-01
1.122747087549246681e+00 -1.253068089288836617e+00 -2.529883617034721421e+00
8.915172784639493475e-01 5.379828433638119689e-01 1.138271118025240947e+00
3.977786111902882893e-01 9.328657105869416766e-01 5.513517799726589397e-01
1.126938731786752523e+00 -4.590098041002199647e-02 9.021039493099138884e-01
-3.194281677812855769e-01 6.262184490081911248e-01 -4.627350730631900055e-01
-9.340801579043573888e-01 5.556704089555145609e-01 2.920559759067220887e-02
-1.123081712174586855e+00 1.150183868881719196e+00 -2.068458567202611231e-01
-2.633845398273211846e-01 -4.119387469436909810e-01 7.977798480002383785e-01
1.677998185838939227e+00 -1.175303977275886647e+00 -2.885139319412036163e-01
8.404956906789685933e-02 7.325355866846577912e-01 2.101920969017384011e-01
-2.745529889044039940e-01 -2.788907336797722403e-01 4.170307188845354673e-01
-5.348985574723699177e-01 3.899711432732202443e-01 1.033203294719342136e+00
5.658993288671156086e-02 5.188075442972902573e-01 2.079864096656047073e-02
-1.318231611744118181e+00 -3.939805055977269044e-02 1.228460337250932566e-01
-9.019695237406896160e-01 -1.416254186965061779e+00 -2.180544451821108787e+00
5.939048225373484424e-01 1.323735081124856050e+00 1.876303875392602905e+00
6.690450220334464015e-01 3.647811591118872709e-02 -4.357668703619891892e-01
-1.455669911080219869e-01 -1.596990395242036564e+00 4.166405651330604143e-01
-1.309321932349990281e+00 1.104715394719223864e+00 -2.154383412905767514e+00
-7.975616047050263502e-01 -1.391852328381279202e-01 7.998746337471906998e-01
-2.334331854054393085e-01 -1.198004761638223198e-01 7.403334094198336934e-02
-8.202951858304184940e-01 -6.197425680845147777e-02 6.601644459624045336e-01
2.619832666033445445e+00 2.362715676972886869e-01 1.291833985132886831e+00
1.099080073621534065e-01 7.523519460757425170e-01 4.202983904192916093e-02
-1.020130046288026671e-01 -1.952647304122399063e-01 2.582817574432108576e-01
-3.405183098653780105e-01 1.473956961801982102e+00 1.375459167976733399e+00
1.190894925934862097e-01 -1.197259050566678917e+00 -6.066311460552019641e-01
9.564905261759224508e-01 6.550989502395508923e-01 -4.404934473672890149e-01
-1.175171321103824607e+00 -2.725123786186039343e+00 -4.110524784243085428e+00
-1.084076891013089072e-01 -2.343440371700419855e-01 -4.637112216707695578e-01
-9.117964866246078826e-01 -1.592053824889088365e-01 -6.167558359006798385e-01
3.550888261563200227e-02 1.541488641686181438e-01 9.685282918988867840e-01
3.799130034221470109e-01 -8.806174000203745855e-01 4.773674778102642846e-01
-7.862898198981197462e-01 1.329269117021726121e+00 9.019929685403540454e-01
-8.275165663592216614e-01 -1.851657908177058554e+00 1.792603998289212131e+00
8.643005609748685147e-01 -2.541841825120549347e-01 9.422487469210417965e-02
2.465971267896575336e-01 -1.357024200182988416e+00 1.248988870767740345e+00
-1.378137039691452292e+00 -2.031894661094749033e+00 9.568406155402631175e-01
-2.077786130920588892e-01 9.303743406418806261e-01 -1.780760229969197805e+00
1.473685163486370353e+00 -8.128120802006169043e-01 -9.700402620783044050e-01
-4.755807525766497235e-01 9.128712338280404737e-01 5.645252417084687391e-01
8.597113390342392414e-01 1.760184664370929297e-01 -9.351060712163560273e-01
-4.003729549808324184e-01 2.501265152132037817e-01 -2.090812921361961951e-01
-4.910844425917614053e+00 -2.932195909926802457e+00 3.298829575807336600e-01
5.323753721886375079e-01 -1.028021830019185900e+00 7.033407144770702502e-01
3.218343829276250623e-01 -6.181317616994029818e-01 1.284598317632235975e+00
3.002587707156296748e+00 5.525528178954823844e+00 1.532479832062659586e+00
2.752492562524378461e-01 1.072632518455045147e+00 -1.602030405888088094e+00
1.693864467403683349e+00 -1.977637065417006124e-01 1.148571694259114206e+00
-1.862785396250620895e+00 3.541368933231517357e-01 -1.144091923270384559e+00
-3.056517818048621882e-01 -1.535501776027470566e-01 1.145168191600529073e-01
3.874745635571393287e-01 -3.442152938053512079e-01 3.547783343189974681e-01
1.330722920983259838e+00 4.091626260899208223e-01 2.622081594446339370e-01
-6.441828906742423921e-01 -2.436692913625157775e-01 -5.057792145501007752e+00
7.373482186398303551e-01 -1.998570303461512931e-01 -6.556004035347889891e-02
5.486439779467253697e-01 8.430513735194998803e-01 -2.014252355537783368e-01
2.726577458362037798e-01 1.794457857765852649e-01 -2.897127878935792933e-01
-3.435189847089221149e-01 4.817204512392561089e-01 -5.009424077565534095e-01
-3.754670787480612892e-01 -1.537340336800021579e+00 -5.393043450268618644e-01
8.926761018651582225e-01 6.201829689333639983e-01 -3.445113263120230807e-01
-9.543523365223217925e-02 6.941693186885357358e-02 5.125742349277533361e-01
-1.160949376480889139e+00 1.090196047160861131e-01 4.016816556646901071e-01
6.208531720338043847e-02 -3.066815477673243140e-01 -5.752128089694197310e-01
-5.591051659947501307e-01 -4.962205039406266671e-01 -7.803057727536553134e-01
5.250028069545737974e-01 -7.257205563739054233e-01 8.633375035495354233e-01
-1.126215728123221904e+00 -4.641837812645010497e-01 3.209664723396026820e-01
-5.779268109454518410e-01 1.154216682938253413e+00 -1.488819692281046603e+00
