256 1 0.1 0 0 1
1 1 1 16.2 16.2 16.2
0 0.0993428 -0.0276529 0.129538 26.9815 0
0 0.304606 1.97817 1.97817 26.9815 1
0 2.34084 0.153487 1.93111 26.9815 2
0 2.13351 1.93232 -0.093146 26.9815 3
0 0.0483925 -0.382656 3.70502 26.9815 4
0 -0.112458 1.82243 6.13785 26.9815 5
0 1.8434 -0.282461 6.36813 26.9815 6
0 1.97984 2.03851 3.76505 26.9815 7
0 -0.108877 0.0221845 7.8698 26.9815 8
0 0.0751396 1.90487 10.0667 26.9815 9
0 1.90466 0.370456 10.1223 26.9815 10
0 1.81346 2.18951 7.85583 26.9815 11
0 0.0417727 -0.391934 11.8844 26.9815 12
0 0.0393722 2.17269 14.2093 26.9815 13
0 2.00187 -0.0602207 13.8793 26.9815 14
0 1.88103 1.93287 12.3614 26.9815 15
0 0.0687237 3.69739 0.0648168 26.9815 16
0 -0.0770165 5.93962 2.14734 26.9815 17
0 2.2312 4.23626 1.85716 26.9815 18
0 1.96316 6.14125 0.195109 26.9815 19
0 -0.0958348 4.01287 3.82873 26.9815 20
0 -0.239241 6.23751 6.34625 26.9815 21
0 2.0106 4.25071 6.14733 26.9815 22
0 1.89598 6.14728 4.35761 26.9815 23
0 -0.00716521 4.36293 7.57605 26.9815 24
0 0.164381 6.09241 10.0652 26.9815 25
0 2.04335 3.65249 10.0811 26.9815 26
0 2.09642 6.37058 7.99635 26.9815 27
0 -0.161699 3.94965 12.3331 26.9815 28
0 0.0657502 5.96905 14.2777 26.9815 29
0 2.04442 4.24373 14.0346 26.9815 30
0 1.95947 5.99658 11.8573 26.9815 31
0 0.0592241 8.15221 0.00102269 26.9815 32
0 -0.0469174 9.84193 1.94087 26.9815 33
0 1.95646 7.93954 1.99274 26.9815 34
0 2.10581 10.5022 0.0349156 26.9815 35
0 0.0515101 8.08511 3.66625 26.9815 36
0 -0.00530278 10.137 6.56765 26.9815 37
0 1.98653 8.16031 6.06806 26.9815 38
0 1.79126 10.3536 4.20039 26.9815 39
0 0.158206 7.91812 8.38056 26.9815 40
0 -0.28037 10.2424 10.5631 26.9815 41
0 1.82689 7.98674 10.1449 26.9815 42
0 1.9243 9.81487 8.11371 26.9815 43
0 -0.212461 8.19472 11.9661 26.9815 44
0 0.309987 9.96835 14.1106 26.9815 45
0 2.1877 7.85383 14.2205 26.9815 46
0 2.28643 9.8035 12.1869 26.9815 47
0 0.0519766 12.3064 -0.24739 26.9815 48
0 -0.264091 14.2794 2.0844 26.9815 49
0 2.0751 12.2193 1.889 26.9815 50
0 2.07145 14.2336 -0.14287 26.9815 51
0 0.373155 12.2448 3.81174 26.9815 52
0 0.131311 13.9801 6.23242 26.9815 53
0 2.25672 11.9859 6.26768 26.9815 54
0 2.10756 14.3394 4.42936 26.9815 55
0 -0.0490776 11.9993 7.9221 26.9815 56
0 -0.163162 14.1596 10.1932 26.9815 57
0 2.08034 12.3154 10.1276 26.9815 58
0 2.31571 14.1221 8.64403 26.9815 59
0 0.125133 11.9786 11.9358 26.9815 60
0 0.0964945 14.1303 14.3178 26.9815 61
0 2.11965 12.1354 14.0056 26.9815 62
0 1.72203 14.0857 12.3213 26.9815 63
0 4.09282 -0.249148 0.0346362 26.9815 64
0 4.12706 1.84823 2.05575 26.9815 65
0 6.08664 -0.228594 2.09656 26.9815 66
0 6.18716 2.24161 0.21076 26.9815 67
0 3.77447 -0.187565 4.15301 26.9815 68
0 4.15276 2.12801 6.84555 26.9815 69
0 6.18918 0.227113 6.2658 26.9815 70
0 6.20528 1.96195 4.20179 26.9815 71
0 3.89543 -0.0473637 8.00293 26.9815 72
0 4.06637 2.48793 9.75155 26.9815 73
0 6.21225 -0.322543 10.0306 26.9815 74
0 6.29279 2.03786 7.88445 26.9815 75
0 3.90694 0.13592 12.0039 26.9815 76
0 4.09329 2.03411 14.0447 26.9815 77
0 6.50379 0.126784 13.77 26.9815 78
0 6.11229 1.89264 12.3205 26.9815 79
0 3.8915 4.02705 0.100997 26.9815 80
0 4.22315 5.83494 1.9581 26.9815 81
0 5.98001 3.91933 2.37809 26.9815 82
0 6.156 5.82282 0.183572 26.9815 83
0 4.47443 4.25649 3.74613 26.9815 84
0 3.95315 6.32838 5.93347 26.9815 85
0 6.16376 4.20493 5.88961 26.9815 86
0 6.06309 5.42675 3.84512 26.9815 87
0 3.99949 3.80044 8.42648 26.9815 88
0 3.76397 5.98699 10.1511 26.9815 89
0 6.36325 3.76283 10.3576 26.9815 90
0 6.07705 5.8787 8.19242 26.9815 91
0 4.08981 3.92996 12.164 26.9815 92
0 3.97294 6.0977 14.3074 26.9815 93
0 6.3922 3.80244 14.6016 26.9815 94
0 5.68458 6.04464 12.2677 26.9815 95
0 4.1062 7.97546 -0.0416245 26.9815 96
0 3.9514 10.0071 2.19492 26.9815 97
0 6.1464 7.96142 2.20492 26.9815 98
0 6.13646 10.2876 0.125926 26.9815 99
0 3.8842 7.98796 4.19946 26.9815 100
0 4.17207 10.1208 6.09847 26.9815 101
0 6.33053 7.98169 6.18442 26.9815 102
0 6.03456 10.0815 4.26976 26.9815 103
0 4.21508 8.2627 8.3611 26.9815 104
0 4.0542 10.2614 10.0629 26.9815 105
0 6.13983 8.07397 10.1444 26.9815 106
0 6.19403 9.96136 8.51848 26.9815 107
0 3.8488 7.85716 12.3816 26.9815 108
0 4.20833 10.2498 14.3007 26.9815 109
0 6.07255 7.92055 14.1902 26.9815 110
0 5.93957 10.32 12.1206 26.9815 111
0 3.8849 12.0857 0.0825863 26.9815 112
0 3.93726 14.0106 2.07374 26.9815 113
0 6.12399 12.0486 1.93079 26.9815 114
0 6.12141 13.8854 -0.281493 26.9815 115
0 3.90631 12.1073 4.11218 26.9815 116
0 4.34507 14.3465 6.04301 26.9815 117
0 6.0712 11.9495 6.0713 26.9815 118
0 6.01727 14.2395 3.88455 26.9815 119
0 4.15387 12.4565 8.07825 26.9815 120
0 4.13034 14.313 10.0448 26.9815 121
0 6.11982 12.1525 10.1445 26.9815 122
0 5.9204 14.1799 8.1996 26.9815 123
0 4.34023 12.3419 12.5806 26.9815 124
0 3.89653 14.3495 14.2117 26.9815 125
0 6.51296 11.9883 14.0071 26.9815 126
0 5.95512 13.7502 12.0448 26.9815 127
0 7.94817 0.0300788 0.0683512 26.9815 128
0 8.47523 2.21508 1.90962 26.9815 129
0 9.94532 0.0983838 1.76095 26.9815 130
0 10.4913 2.26089 -0.0938351 26.9815 131
0 7.75737 0.270774 4.02709 26.9815 132
0 8.34756 1.70611 5.95512 26.9815 133
0 10.126 0.00939612 5.98499 26.9815 134
0 10.2496 1.81148 4.02152 26.9815 135
0 8.12406 0.102888 8.24232 26.9815 136
0 7.87507 1.71818 10.3805 26.9815 137
0 10.1915 -0.149697 10.4352 26.9815 138
0 10.1481 2.26086 8.1135 26.9815 139
0 8.51215 0.351068 12.1002 26.9815 140
0 8.29431 2.15408 14.4487 26.9815 141
0 9.93202 0.13721 14.3867 26.9815 142
0 9.77325 1.78835 11.7422 26.9815 143
0 8.04612 4.19351 0.300471 26.9815 144
0 8.11482 6.40072 1.74898 26.9815 145
0 9.78432 4.03889 2.10181 26.9815 146
0 10.1185 5.66151 -0.017824 26.9815 147
0 7.83911 4.18393 4.12332 26.9815 148
0 7.91202 5.97223 5.86316 26.9815 149
0 10.1125 4.24103 5.87785 26.9815 150
0 10.2258 5.96895 3.89143 26.9815 151
0 8.07859 3.84295 7.98927 26.9815 152
0 7.86042 6.46795 10.1321 26.9815 153
0 9.98505 4.0928 10.1025 26.9815 154
0 10.0808 6.19783 8.2515 26.9815 155
0 7.9939 3.93484 12.095 26.9815 156
0 7.63962 5.77196 14.4484 26.9815 157
0 10.454 4.00019 14.2903 26.9815 158
0 10.1873 6.69078 12.3739 26.9815 159
0 8.07442 7.90889 -0.321289 26.9815 160
0 8.14069 9.97373 1.74055 26.9815 161
0 9.99569 7.88369 2.36243 26.9815 162
0 10.3013 10.1234 0.295989 26.9815 163
0 8.11547 7.92774 4.35462 26.9815 164
0 8.20778 9.91755 6.03693 26.9815 165
0 9.94988 7.82344 6.26024 26.9815 166
0 10.5069 9.84529 4.16259 26.9815 167
0 7.96987 8.00257 7.98152 26.9815 168
0 7.9272 10.1347 9.95881 26.9815 169
0 10.1791 8.08995 10.0772 26.9815 170
0 9.94349 10.0096 8.25108 26.9815 171
0 8.20018 7.90449 12.1699 26.9815 172
0 8.25028 9.79112 14.2837 26.9815 173
0 9.99248 8.21412 14.0223 26.9815 174
0 9.76402 9.79949 12.1596 26.9815 175
0 8.15194 11.9691 0.127718 26.9815 176
0 7.7677 14.1618 1.7828 26.9815 177
0 9.99463 12.1595 1.85292 26.9815 178
0 10.0481 14.3763 -0.115378 26.9815 179
0 8.26714 11.9241 4.15596 26.9815 180
0 8.38831 13.6807 5.91562 26.9815 181
0 10.2404 12.1094 6.14923 26.9815 182
0 10.0042 14.1923 4.01886 26.9815 183
0 8.33356 12.2009 8.16752 26.9815 184
0 8.01762 14.0775 10.0385 26.9815 185
0 10.2039 12.0658 10.183 26.9815 186
0 10.5401 14.3492 8.0348 26.9815 187
0 8.34024 12.0684 11.7424 26.9815 188
0 7.89838 13.8008 14.1047 26.9815 189
0 10.1287 12.4853 14.2404 26.9815 190
0 10.0812 14.3409 11.7078 26.9815 191
0 12.1971 0.154173 -0.295717 26.9815 192
0 12.3788 2.0927 1.94194 26.9815 193
0 14.3016 0.454139 2.06137 26.9815 194
0 14.2246 1.93313 -0.169969 26.9815 195
0 12.3161 -0.171217 4.06431 26.9815 196
0 12.0545 2.1208 6.14173 26.9815 197
0 14.3825 -0.102003 6.02103 26.9815 198
0 13.9792 1.93614 4.12546 26.9815 199
0 12.3014 -0.184433 8.27392 26.9815 200
0 12.4211 2.10769 10.5004 26.9815 201
0 14.0202 -0.248931 9.76926 26.9815 202
0 14.4742 2.15587 8.08888 26.9815 203
0 12.206 -0.225098 12.6392 26.9815 204
0 12.1758 2.04688 14.3202 26.9815 205
0 14.2712 0.0447768 14.0169 26.9815 206
0 14.2693 2.4014 12.4191 26.9815 207
0 12.4686 3.94776 -0.197921 26.9815 208
0 12.1248 6.08614 2.24384 26.9815 209
0 13.8365 4.35591 1.9934 26.9815 210
0 14.0896 5.87258 -0.330971 26.9815 211
0 12.3146 4.06466 3.79201 26.9815 212
0 11.891 6.00784 6.4088 26.9815 213
0 14.1231 3.74937 6.02585 26.9815 214
0 14.1205 5.53562 4.03914 26.9815 215
0 12.1038 4.18924 8.46979 26.9815 216
0 12.3753 6.02122 9.90369 26.9815 217
0 14.6897 4.06184 10.1278 26.9815 218
0 14.1702 6.11462 8.07113 26.9815 219
0 12.0353 3.94063 12.1434 26.9815 220
0 12.0413 5.93243 14.1963 26.9815 221
0 14.124 4.3508 13.6448 26.9815 222
0 14.3933 6.32422 11.7353 26.9815 223
0 12.0815 8.02571 -0.281502 26.9815 224
0 11.9944 9.90288 2.37545 26.9815 225
0 14.3621 8.35431 2.16933 26.9815 226
0 13.9492 10.0201 0.0978749 26.9815 227
0 11.9056 8.2426 4.00193 26.9815 228
0 12.075 10.2672 6.16385 26.9815 229
0 14.1028 8.33187 5.85879 26.9815 230
0 14.2982 10.2436 3.98809 26.9815 231
0 12.2152 7.84978 8.28481 26.9815 232
0 12.113 10.0205 10.3348 26.9815 233
0 14.0341 7.81831 9.81367 26.9815 234
0 14.2962 9.86891 8.45096 26.9815 235
0 11.7336 8.43929 12.1922 26.9815 236
0 12.1307 10.016 14.2548 26.9815 237
0 14.1675 8.32066 14.1978 26.9815 238
0 14.2051 10.0523 12.1386 26.9815 239
0 12.2116 11.808 -0.269637 26.9815 240
0 12.2987 14.2092 1.9882 26.9815 241
0 14.1787 12.2195 1.91705 26.9815 242
0 14.0193 14.2142 -0.195675 26.9815 243
0 12.2317 11.8095 4.25583 26.9815 244
0 12.2445 14.2262 6.27154 26.9815 245
0 14.5081 12.3529 5.70683 26.9815 246
0 13.9191 14.05 4.05522 26.9815 247
0 12.2535 12.0049 8.13735 26.9815 248
0 11.9989 14.0527 9.84367 26.9815 249
0 13.9904 11.8797 9.92983 26.9815 250
0 14.3857 13.9851 8.62648 26.9815 251
0 12.2487 12.187 11.9783 26.9815 252
0 12.2901 14.0599 14.1994 26.9815 253
0 14.687 12.1308 14.4049 26.9815 254
0 14.0344 14.168 12.5042 26.9815 255
