tersoff_1988 3
40.0520156 43.132016 2.2372578 2.0774982 1.6e-06 3.9929061 0.52629 0.001587 0.5 1.9 2.1 3.0 0.0 1.0
40.0520156 43.132016 2.2372578 2.0774982 1.6e-06 3.9929061 0.52629 0.001587 0.5 1.9 2.1 3.0 0.0 1.0
40.0520156 43.132016 2.2372578 2.0774982 1.6e-06 3.9929061 0.52629 0.001587 0.5 1.9 2.1 3.0 0.0 1.0
1386.78 339.06891 3.5279 2.2054 1.25724e-07 0.72751 25000.0 4.3484 -0.89 1.85 2.05 3.0 0.0 1.0
1386.78 339.06891 3.5279 2.2054 1.25724e-07 0.72751 25000.0 4.3484 -0.89 1.85 2.05 3.0 0.0 1.0
1386.78 339.06891 3.5279 2.2054 1.25724e-07 0.72751 25000.0 4.3484 -0.89 1.85 2.05 3.0 0.0 1.0
1380.0 340.0 3.568 2.199 1.25724e-07 0.72751 25000.0 4.3484 -0.89 1.9 2.0 3.0 0.0 1.0
1380.0 340.0 3.568 2.199 1.25724e-07 0.72751 25000.0 4.3484 -0.89 1.9 2.0 3.0 0.0 1.0
1380.0 340.0 3.568 2.199 1.25724e-07 0.72751 25000.0 4.3484 -0.89 1.9 2.0 3.0 0.0 1.0
1386.78 339.06891 3.5279 2.2054 1.5724e-07 0.72751 38049.0 4.3484 -0.93 1.85 2.05 3.0 0.0 1.0
1386.78 339.06891 3.5279 2.2054 1.5724e-07 0.72751 38049.0 4.3484 -0.93 1.85 2.05 3.0 0.0 1.0
1386.78 339.06891 3.5279 2.2054 1.5724e-07 0.72751 38049.0 4.3484 -0.93 1.85 2.05 3.0 0.0 1.0
1393.6 430.0 3.4879 2.2119 1.5724e-07 0.72751 38049.0 4.3484 -0.93 1.8 2.1 3.0 0.0 1.0
1393.6 430.0 3.4879 2.2119 1.5724e-07 0.72751 38049.0 4.3484 -0.93 1.8 2.1 3.0 0.0 1.0
1393.6 430.0 3.4879 2.2119 1.5724e-07 0.72751 38049.0 4.3484 -0.93 1.8 2.1 3.0 0.0 1.0
1386.78 387.575152 3.5279 2.2054 1.5724e-07 0.72751 38049.0 4.3484 -0.93 1.85 2.05 3.0 0.0 1.0
1386.78 387.575152 3.5279 2.2054 1.5724e-07 0.72751 38049.0 4.3484 -0.93 1.85 2.05 3.0 0.0 1.0
1386.78 387.575152 3.5279 2.2054 1.5724e-07 0.72751 38049.0 4.3484 -0.93 1.85 2.05 3.0 0.0 1.0
1380.0 340.0 3.568 2.199 1.25724e-07 0.72751 25000.0 4.3484 -0.89 1.9 2.0 3.0 0.0 1.0
1380.0 340.0 3.568 2.199 1.25724e-07 0.72751 25000.0 4.3484 -0.89 1.9 2.0 3.0 0.0 1.0
1380.0 340.0 3.568 2.199 1.25724e-07 0.72751 25000.0 4.3484 -0.89 1.9 2.0 3.0 0.0 1.0
1386.78 387.575152 3.5279 2.2054 1.25724e-07 0.72751 25000.0 4.3484 -0.89 1.85 2.05 3.0 0.0 1.0
1386.78 387.575152 3.5279 2.2054 1.25724e-07 0.72751 25000.0 4.3484 -0.89 1.85 2.05 3.0 0.0 1.0
1386.78 387.575152 3.5279 2.2054 1.25724e-07 0.72751 25000.0 4.3484 -0.89 1.85 2.05 3.0 0.0 1.0
128.86866 138.77866 2.8293093 2.6272721 0.019251 0.6184432 17.7959 5.9484 0.0 1.9 2.1 3.0 0.0 1.0
128.86866 138.77866 2.8293093 2.6272721 0.019251 0.6184432 17.7959 5.9484 0.0 1.9 2.1 3.0 0.0 1.0
128.86866 138.77866 2.8293093 2.6272721 0.019251 0.6184432 17.7959 5.9484 0.0 1.9 2.1 3.0 0.0 1.0