nep4 6 H C N O S Cl 
cutoff 4 4 22 22
n_max 4 4
basis_size 8 8
l_max 4 2 0
ANN 10 0
 -1.1452492e+00
  3.0720331e-02
 -7.3714060e-01
  1.2861884e+00
 -1.2296013e+00
 -1.7363343e+00
  7.7361816e-01
 -1.2045157e+00
 -1.4103298e-01
 -8.4362066e-01
  2.8655076e-01
 -1.4186047e+00
  1.0248219e+00
  4.4172210e-01
 -1.8588331e+00
 -4.0474749e-01
 -1.6934052e-01
  5.1454490e-01
  6.6230625e-01
  8.3752322e-01
 -1.8949157e+00
 -3.4216219e-01
  7.2337162e-01
  3.6021554e-01
 -2.6253003e-01
 -1.8682039e-01
  6.9210762e-01
 -9.0429389e-01
  6.9396693e-01
  9.3971565e-02
 -6.5692240e-01
  4.5478627e-01
 -4.0076036e-02
  5.6028104e-01
  2.5498450e-01
  1.3977510e+00
 -4.5150837e-01
  4.3453822e-01
 -1.1525215e+00
 -2.0650023e-01
  1.7686806e+00
 -2.7068949e-01
 -9.4484821e-02
 -4.7584337e-01
 -4.5649871e-01
  6.6669810e-01
 -4.0169987e-01
  7.5706787e-02
 -3.9995107e-01
  1.1337405e-02
 -1.0383818e+00
  4.2435351e-01
 -5.1759556e-02
  3.6886939e-01
 -3.4537852e-01
  4.1620448e-02
  6.4075905e-01
  7.9226339e-01
 -9.2437369e-01
 -3.9624068e-01
 -9.2572242e-02
 -1.2516487e-01
 -7.4177045e-01
  3.9142322e-02
 -4.4817615e-01
 -7.7562034e-03
 -3.0357599e-01
 -6.5774739e-02
 -5.4082024e-01
  1.7073201e-01
 -9.8429179e-01
 -5.9945029e-01
 -1.1295703e-01
  3.0017123e-02
  1.1075624e+00
  6.8221581e-01
 -2.9204997e-01
 -1.1709744e-01
  4.9201548e-02
  5.3404152e-01
 -6.7653900e-01
  1.9656254e-01
  1.5096498e-01
  2.9628071e-01
  2.1935496e-01
  3.6789137e-01
 -6.1010264e-02
  5.6565690e-01
 -3.2935254e-02
  3.8319325e-01
  8.2715076e-01
  1.7854655e+00
  3.5279754e-01
 -1.1642715e+00
  7.9701608e-01
 -2.4450070e-01
 -3.9209488e-01
  9.0062797e-01
  1.0206691e+00
  7.5238246e-01
 -2.1297308e-02
 -3.3884346e-01
 -5.0854093e-01
  6.7074966e-01
 -5.2098680e-01
 -9.1071475e-01
  7.8738672e-01
 -2.8042281e-01
  1.6715960e-01
  2.7678496e-01
 -1.4559706e+00
 -9.7620624e-01
 -1.1371193e-02
  2.0096946e+00
 -3.6213663e-01
 -1.9563958e-03
 -6.7888039e-01
 -4.5688671e-01
  1.7743534e-01
 -2.6887780e-01
  3.1373343e-01
 -1.6425518e+00
  1.7346709e+00
 -5.7109845e-01
  1.6620185e+00
  5.5565703e-01
  5.7535094e-01
 -4.4799080e-01
 -1.3992769e-01
 -2.8634807e-01
  7.8563654e-01
 -3.0685720e-01
  6.5338260e-01
  1.1983509e+00
  4.8465598e-01
 -6.2611997e-02
  1.3132313e+00
  9.4678819e-01
  1.2595242e-01
  3.7307522e-01
 -6.9181055e-02
 -9.1827754e-03
  2.3361704e-01
  2.0707752e-01
 -7.4337512e-01
 -9.7760373e-01
 -5.2704173e-01
  1.6046397e-01
  7.9577722e-02
  9.6491742e-01
  3.4134445e-01
  6.9310170e-01
  7.3357183e-01
 -5.1276273e-01
 -7.9478897e-02
 -2.6471463e-01
  8.3062351e-01
 -2.1334829e+00
 -1.4225838e+00
  2.0729625e-01
 -4.6160406e-01
 -9.4790411e-01
  6.4761323e-01
  7.5193697e-01
  9.2758931e-02
 -1.0069039e+00
  7.0734210e-03
  5.0258720e-01
 -5.8052046e-03
  1.9474640e-01
 -4.5316660e-01
  1.9898741e+00
 -8.0116045e-01
 -1.7169033e-01
  1.2850176e+00
 -6.8768895e-01
  2.8950456e-01
 -9.1595215e-01
 -2.6467136e-01
  3.3867329e-01
 -5.1446140e-01
  2.9626703e-01
 -5.2156603e-01
  1.2892152e+00
  4.5134547e-01
 -2.4222195e-01
  7.8839415e-01
 -1.2206748e+00
  1.3620102e-01
 -2.9089803e-01
 -1.3753113e-01
  4.1139948e-01
 -5.7977700e-01
  3.6291251e-01
  4.7043234e-01
 -7.6183552e-01
  5.3233370e-02
 -1.8443818e+00
  8.7482907e-02
  6.9855976e-01
 -4.1049417e-02
 -1.6416371e-01
 -6.4722300e-01
 -2.5547389e-04
  1.0098010e-01
  5.0353713e-02
  5.5779271e-02
 -3.3642089e-01
  2.3930080e-01
 -3.2700059e-01
  1.6639717e+00
 -1.7155585e+00
  3.5174364e-01
 -1.1373298e-02
  1.4709653e+00
 -1.6704805e+00
  6.2389731e-01
  1.1136512e-01
 -1.4745918e-01
  1.2050458e+00
 -6.1057907e-01
 -1.1534205e-01
  7.1126801e-01
  1.6595556e+00
 -1.7212124e+00
 -1.9318861e+00
  5.9471583e-01
  5.2354074e-01
 -1.2495169e-01
  4.3202055e-01
  3.6439243e-01
  7.8810877e-01
 -1.1847961e+00
  3.6453980e-01
  4.5241132e-01
  1.8883628e-01
  1.9536015e-01
 -6.1138988e-01
 -1.3137101e+00
  3.4230006e-01
 -4.1362542e-01
 -1.3503544e+00
  5.6081277e-01
  2.8783989e-01
 -8.4782469e-01
 -6.6257185e-01
 -5.9092599e-01
  4.0348037e-04
  4.1527876e-01
  8.3985738e-02
 -1.5435354e+00
  7.1003169e-01
 -1.2403527e+00
 -1.6918172e-01
  8.9873396e-02
 -1.1466700e+00
  5.2043128e-01
 -1.1848976e-01
 -5.8141208e-01
 -4.3569061e-01
 -3.2457733e-01
  1.4055653e+00
  4.5966033e-02
  7.7815694e-01
 -2.3609120e-01
 -5.4732628e-02
  3.5257317e-02
  9.7356103e-03
  4.1650000e-01
  1.7902125e-01
 -1.0085980e+00
  3.8006541e-01
  5.4552481e-02
 -1.4290270e-01
  9.4211571e-02
  1.0634464e+00
 -1.8639974e-02
 -6.7626023e-01
 -6.9535770e-02
  5.8700174e-01
 -2.6085111e-01
  1.0936213e+00
  1.0566484e+00
  4.4919446e-01
  1.4032397e-01
 -3.2060730e-01
  1.8310373e-01
  6.2425929e-01
 -3.0164886e-01
  4.0228348e-02
  7.0902008e-01
  1.4515083e-02
 -5.6019890e-01
 -1.7615312e-01
  4.4400252e-02
  1.0647649e-01
  1.2234668e-01
  6.1334461e-01
 -4.7577637e-01
  4.2867288e-04
  1.4120914e+00
  5.1329410e-01
 -1.2469069e+00
 -8.6150789e-01
  1.9879664e+00
  1.6823558e+00
 -1.8091798e+00
 -8.5456353e-01
 -1.0503056e+00
 -6.6544932e-01
  1.8329838e-01
 -5.8837574e-02
  2.3524857e-03
  3.2903697e-02
 -1.9637416e-01
  2.7271014e-01
  2.8523123e-02
  1.8224604e-02
  5.7660669e-02
  4.0693982e-03
 -1.3329936e+00
  8.0575269e-01
  2.0175636e-01
 -1.2853032e+00
  2.3108831e-02
 -4.6044683e-01
 -6.1458635e-01
  4.1950837e-01
 -6.5380841e-01
 -8.9173496e-01
 -1.5310027e-01
  4.8814005e-01
  3.2923493e-01
  7.9567140e-01
 -9.1166802e-02
  7.5255752e-01
  5.1812214e-01
 -1.2208678e+00
  7.1068116e-02
 -4.0583742e-01
 -5.3586513e-01
 -2.6055378e-01
 -3.6832058e-01
 -6.1546409e-01
 -2.8248945e-01
  3.9098001e-01
 -1.3504033e-01
  2.6391625e-01
 -1.2048770e-01
 -1.5336461e+00
  3.4586689e-01
 -2.8010995e+00
  3.1671983e-01
  2.5041801e-01
  1.2582995e+00
  9.4677716e-02
  6.0577959e-01
 -5.0596881e-01
 -1.4072876e+00
  7.4571669e-01
 -1.1226976e-01
 -7.1031189e-01
  1.0266505e+00
  1.7528852e+00
  1.6367033e-01
 -1.3784881e+00
  1.1543987e+00
 -4.3550414e-01
  6.8355560e-01
 -7.3854774e-01
  6.9912636e-01
 -3.4897009e-01
  1.3926872e+00
 -7.2227991e-01
  1.1533206e+00
 -9.3919015e-01
  1.1942203e+00
  5.0001550e-01
  1.1515492e+00
  8.4628008e-02
  3.5034052e-01
 -1.5003069e-01
 -4.7129846e-01
  2.0883212e+00
  7.4088210e-01
 -1.2066940e+00
 -9.2073178e-01
  1.1306826e+00
 -5.6638795e-01
  3.7677225e-01
 -1.1738660e+00
  2.5068402e-01
 -1.4289513e+00
 -1.1235170e+00
 -9.8045737e-01
  5.6567681e-01
 -5.7455951e-01
  1.8802604e-01
  8.9155269e-01
 -1.1421902e-01
  2.3641796e-01
  6.2816012e-01
  1.1785763e-01
  1.4270207e+00
 -1.2598886e+00
  6.1918265e-01
  1.4975125e+00
  8.1349993e-01
  1.4223352e-01
 -5.7192522e-01
  1.1302804e-01
 -4.5843470e-01
 -1.1247673e+00
 -1.6557070e+00
  3.4743220e-01
 -1.2621078e-01
 -2.7381558e+00
  5.3952456e-02
  6.1503671e-02
 -9.8342411e-03
 -7.3510021e-01
 -2.6455832e-01
 -1.1606696e+00
  1.1520886e+00
 -2.2797849e+00
  1.6239151e-01
 -2.2624702e+00
  4.3188229e-01
  1.7368847e+00
  2.6903352e-01
  1.0963784e-01
  1.0420593e+00
  3.4897158e-01
 -8.4129280e-01
 -5.6732303e-01
 -2.2163010e+00
  5.2959061e-01
  1.6657455e-01
 -3.6447403e-01
 -1.2789758e+00
 -2.1619666e+00
  1.4239733e+00
 -1.6337429e-01
 -1.4085835e+00
  8.2177126e-01
 -4.9372786e-01
 -9.2855477e-01
  3.6472631e-01
 -8.5972029e-01
  2.7002150e-01
 -7.3795646e-02
  1.7135771e-01
 -2.8768578e-01
 -2.1181604e-01
 -1.1368959e-01
  7.2357636e-03
 -2.0141888e+00
  1.7946602e+00
 -1.3139174e+00
 -1.0600074e-01
  1.0150610e-02
  9.9771577e-01
  7.5028861e-01
 -2.6487529e-01
 -5.6231147e-01
 -3.2576346e-01
 -1.3301080e+00
  2.0606704e-01
 -1.7356838e+00
 -1.6108824e+00
 -1.1207376e+00
 -2.6736343e-01
  8.0862987e-01
 -1.0263447e-01
 -2.2721976e-01
  4.0137711e-01
 -4.1780066e-01
 -4.9167520e-01
  5.9968010e-02
 -4.9123924e-02
 -1.8984191e-01
 -7.5314677e-01
  2.2518508e-01
  6.3328844e-01
 -1.0296781e-01
  2.8186724e-01
 -3.7123221e-01
 -3.2481343e-01
 -1.0973185e-01
 -9.3780816e-01
  9.6438754e-01
 -8.5073674e-01
 -3.1003809e-01
  3.7317502e-01
 -1.7788738e+00
  2.6508844e-01
 -6.0601425e-01
 -1.9796805e-01
 -5.2309232e-03
 -9.0989687e-02
  9.4836783e-01
  4.9152628e-01
 -3.4235871e-01
  2.3643761e+00
 -3.7177294e-01
 -1.5036935e+00
  3.7957921e+00
  1.0446179e+00
  1.0788866e+00
 -1.6333007e+00
 -1.1686640e+00
  2.6876390e+00
  2.1144846e-01
  5.4701406e-01
 -1.7623073e-01
  8.3296135e-02
  8.4309089e-01
 -1.5263022e+00
 -1.1336778e-01
 -7.3992324e-01
 -1.3354511e+00
 -2.6508385e-01
 -3.7365284e+00
 -1.5894223e+00
 -3.8125637e-01
 -2.3835924e+00
 -6.9070989e-01
 -7.6236114e-02
 -1.3827114e+00
 -4.9369609e-01
  2.8486261e-01
 -1.3003920e-01
 -7.8802317e-01
  4.6673458e-02
  1.0676967e+00
 -5.7785839e-02
  2.5495404e-01
  1.1526712e+00
  2.4220049e-01
  7.5982250e-02
 -3.8516378e-01
 -2.8921273e-01
  9.2059827e-01
 -2.2073126e-01
 -4.4938588e-01
 -2.2139441e-02
 -9.6327049e-01
  5.5675077e-01
  8.1042677e-01
 -1.0575106e-01
 -5.5476099e-01
 -1.7426656e-01
 -1.0116805e+00
 -9.7742695e-01
  5.6044137e-01
  8.2046025e-02
 -3.8835889e-01
  1.1340054e+00
 -5.7941534e-02
 -8.6031628e-01
 -2.8684539e-01
 -7.1603644e-01
  7.2696513e-01
  4.0731926e-02
 -9.3100853e-02
 -2.0681638e-01
 -8.5686624e-01
  5.0625807e-01
 -7.9892898e-01
  3.5903189e-01
  2.2667304e-01
  4.5396216e-02
 -8.2895130e-01
 -2.5614614e-02
  2.5557891e-01
  3.6107925e-01
 -2.6911840e-01
  6.8124008e-01
 -6.5080374e-02
  9.1348994e-01
  1.3142399e-01
 -4.3612814e-01
  4.5391303e-03
  1.1445557e-01
 -6.2649286e-01
  1.8348432e-01
 -7.2218037e-01
  7.0223078e-02
  2.5603950e-01
  2.8499842e-01
 -1.6540149e+00
 -9.0571994e-01
 -4.7913635e-01
 -1.9288216e+00
 -1.7124128e-01
  2.6877415e+00
  4.6554917e-01
 -1.1982908e+00
  1.6553231e+00
  1.1773635e+00
  2.6170282e+00
 -8.2904536e-01
 -3.1081229e-02
 -1.8598049e+00
  2.1276922e+00
  1.5417397e-01
  1.3102058e+00
  1.9499156e+00
 -1.7478580e+00
  2.3952086e+00
  1.1738030e+00
  3.1200719e-01
  3.4895937e+00
  2.6290384e-01
  2.0400086e-01
 -4.1975224e-01
 -2.4802148e-01
 -2.6433345e-02
  1.8855089e+00
 -8.0067807e-01
 -5.8168787e-01
  1.7934728e+00
 -1.0793951e+00
 -2.0042019e+00
 -1.5227195e+00
  8.9967376e-01
  4.5767218e-01
 -9.9240577e-01
 -1.6367267e+00
 -8.8323516e-01
  1.4645381e-02
  1.8110487e-01
  4.1941859e-02
 -1.3207662e-01
  1.8831016e-01
  1.2587881e-02
  8.2876675e-02
  9.4591975e-03
 -2.4614982e-02
  5.0845265e-01
  4.7348988e-01
 -2.4231312e+00
  2.5538346e-01
 -2.8217173e-01
  5.0326991e-01
 -7.1639538e-01
  2.6068938e-01
 -3.9216485e-03
  1.3237394e+00
 -5.6767583e-01
  1.3529259e+00
  7.1487552e-01
 -2.9947153e-01
  1.5798062e-02
 -2.1551275e+00
  1.0816697e-01
  2.4745944e-01
 -1.8665518e+00
 -8.4252253e-02
 -3.6564434e+00
  2.7213305e-01
  1.7414935e-01
 -1.9681709e-01
  8.4797001e-01
 -1.0044956e+00
 -2.6637104e-01
  1.6322130e-01
  1.1236695e+00
 -1.4981414e-01
  1.8325710e-01
 -4.5810780e-03
 -3.8433638e-01
 -3.2195696e-01
  1.5168015e+00
  6.5456107e-02
 -1.0404981e+00
 -2.0108860e+00
 -1.6216207e-01
  1.6030284e+00
  8.4244877e-01
  1.0473732e+00
 -1.2460026e+00
 -6.1948937e-01
  2.1708800e-01
  1.6746345e-01
  7.4936882e-02
  9.7795278e-01
 -7.4094898e-01
  2.4110664e-01
 -5.8697432e-01
  1.2994274e-01
  6.4572118e-02
 -4.3163341e-01
  5.4850876e-01
 -1.2197823e-01
 -4.6530741e-01
  5.1861632e-01
  1.7641087e-01
  2.2181265e+00
 -4.8224226e-01
  1.6524112e-01
 -1.0186294e+00
 -1.1715029e-01
 -1.6937866e+00
 -3.4824080e+00
 -8.2335241e-02
 -1.6862464e-01
 -1.4724001e+00
  1.8858925e-01
  7.1049476e-01
  9.5140803e-01
 -7.1601021e-01
 -7.8965002e-01
  3.8104114e-01
 -7.2552139e-01
 -4.9792916e-01
 -8.9372063e-01
 -8.8562971e-01
 -1.3317392e+00
  6.6555297e-01
  1.1523641e-01
  8.5465446e-02
  4.5339411e-01
 -1.0321753e+00
  5.0722861e-01
  7.2137630e-01
 -7.4963354e-02
  3.2484853e-01
 -2.9816419e-02
 -1.2670300e+00
  3.6185572e-01
 -2.5146672e-01
  2.9361492e-01
  2.7342036e-01
  3.4726033e-01
 -5.0584212e-02
  4.4999931e-02
  4.5430562e-01
 -8.4329593e-01
 -7.5172520e-01
 -2.5691444e-01
 -6.9667920e-02
  7.5389254e-01
  2.0686704e-01
  3.0052117e-01
  5.0668979e-01
 -4.0041227e-02
 -1.6176740e-02
  1.4487927e-01
  3.4672409e-01
 -2.4853450e-01
 -3.2241699e-01
  2.6191846e-01
  7.6728815e-01
 -2.2969417e-01
  1.1997160e-01
 -3.1742996e-01
 -9.1999197e-01
 -3.6078200e-02
 -3.0522937e-01
 -2.8616685e-01
 -9.7023690e-01
 -5.9972063e-02
 -2.4574900e-02
  1.7842673e+00
 -7.2646216e-02
 -2.7164608e-01
 -4.2063605e-02
 -3.6008376e-01
 -7.9894260e-02
  5.9932327e-01
 -1.0094742e+00
 -3.9013636e-01
 -4.0018421e-01
 -1.2962143e-01
 -4.5426834e-01
  7.2356649e-03
  7.4007593e-02
 -1.0604744e+00
  6.2928957e-01
  1.4017940e-01
  4.1622177e-02
 -1.2256746e+00
 -2.2208560e-01
 -1.0370778e+00
  7.2725737e-01
  6.2821424e-01
 -3.3643469e-02
 -1.4331509e-01
  7.1073137e-03
 -6.7878467e-01
  5.9220523e-02
 -2.2571911e-01
 -2.8691109e-04
  2.0199379e-01
  1.4290345e-01
 -2.7417955e-01
 -2.2211844e-01
  1.8995813e+00
  1.4294020e+00
 -3.7442389e-01
 -1.4703981e+00
  5.5263442e-01
 -2.1282811e+00
 -5.2601093e-01
 -1.9586387e+00
  8.3838898e-01
  1.2488583e+00
 -1.7234335e+00
 -2.4546933e-01
 -2.7264422e-01
  2.9563609e-01
  1.3317847e+00
  6.1240935e-01
  1.7624514e+00
  4.3300676e-01
  9.2022203e-02
 -4.3887321e-02
  6.4398742e-01
  4.1547349e-01
 -5.6005836e-01
 -4.5680246e-01
  3.3858696e-01
 -5.1940018e-01
  2.8374851e-01
 -1.5805689e-01
  4.3178740e-01
  2.6584554e-01
  7.9586878e-02
  3.6522871e-01
 -4.1599339e-01
 -3.7505411e-02
 -9.4770992e-01
 -2.0919323e-01
 -1.1159924e-01
  1.2471291e-01
  1.1656957e+00
 -1.1615426e-01
 -7.4972749e-02
 -5.7031399e-01
 -1.0895470e+00
  9.8642446e-02
 -5.4826015e-01
 -1.5293542e-01
 -1.6009194e-01
  4.8937209e-02
  4.0761396e-01
 -7.9012990e-02
 -1.4460644e-01
  2.0678322e-01
  3.9281219e-01
 -1.6209444e+00
 -5.3024977e-01
  6.5378672e-01
  4.9491730e-02
  2.9090640e-01
  4.0181050e-01
 -9.1418988e-01
  6.6515160e-01
 -2.2156641e+00
  8.6765565e-02
 -2.2322363e-01
 -1.7320237e+00
  6.9627643e-01
 -9.2137045e-01
 -6.2818545e-01
  9.4908047e-01
 -9.8703539e-01
 -1.0024567e+00
 -5.3117090e-01
  6.3620634e-02
 -3.6816397e-01
 -2.0780821e+00
 -1.0467190e+00
 -1.2334479e+00
 -4.9855605e-01
  5.1607180e-01
 -3.1771013e-01
  1.1996537e+00
  2.1926646e-01
  4.5780379e-01
  6.9822615e-01
  3.0041462e-01
  2.1586445e-01
 -8.8185847e-01
  2.4371201e-01
 -1.8440861e-02
  2.5874448e-01
 -3.1575501e-02
  2.3799255e-02
  1.4820254e-01
 -8.7077719e-01
 -8.6885706e-02
 -4.6477430e-02
  9.5547074e-03
  2.9728618e-01
 -1.0810854e-01
 -4.8700780e-01
 -1.5120728e-01
 -9.5205927e-01
 -9.6158224e-01
  1.3123758e-01
 -5.6751937e-01
  2.7588123e-01
  9.4314784e-02
  5.7930805e-02
 -1.9693708e-01
  1.2263650e+00
  6.9600016e-01
 -2.6464081e-01
  2.4794871e-01
 -1.5258980e+00
 -8.2240206e-01
 -1.0670438e+00
  2.1261074e-01
  7.2548175e-01
  6.4348531e-01
  1.8076134e-01
  2.6458745e+00
  8.5923314e-01
  1.2290486e+00
  2.6644084e-01
  1.5317858e+00
 -4.6399063e-01
 -1.2062411e-01
 -6.2241280e-01
  3.5769098e-02
  8.3919272e-02
 -3.7826419e-01
  1.7380728e-01
  1.1477377e-01
 -1.4864943e+00
 -2.7227038e-01
 -5.6578046e-01
  8.3585829e-02
  6.3063753e-01
 -6.8395302e-02
 -1.9244656e-01
 -4.1881424e-01
 -3.2288358e-01
  1.4394991e+00
 -1.1956500e+00
  1.2146991e+00
 -5.2708459e-01
  2.4596655e+00
 -1.9661038e+00
 -1.8913282e+00
  5.6743437e-01
  3.8567923e-02
  2.0743876e+00
 -1.7324231e+00
  1.0740426e+00
  2.2654587e-01
 -1.3751072e-02
  4.4272870e-01
 -9.8957962e-01
  3.3788063e-02
 -2.4044196e-01
  2.9394929e-03
  8.0635810e-01
  5.2976191e-01
 -1.0944864e+00
 -1.9549230e-01
 -1.0454776e-01
 -1.9394374e-01
 -3.3312550e-01
  1.2499402e+00
 -9.8599568e-02
  4.9611560e-01
  3.1802189e-01
  3.6328679e-01
  4.8924369e-01
  6.9314986e-03
  6.2919629e-01
  6.5814450e-02
  1.6511261e-02
 -1.6784425e+00
  2.0284232e-01
  1.8883671e-01
  5.4383123e-01
 -3.1416404e-01
 -2.6881278e-01
 -3.9041120e-01
 -2.9785982e-01
  4.1825928e-02
  9.5136806e-02
  2.8673291e-01
  1.4875851e+00
  8.3364964e-01
  2.4103719e-01
 -8.1676930e-01
 -5.7750529e-01
 -1.3460697e+00
 -9.5548600e-01
 -5.7729036e-01
 -2.5461575e-01
 -2.5342375e-01
  1.1110249e-01
  5.0850606e-01
  4.1448537e-01
 -3.1758595e-01
  3.9709079e-01
  7.5678512e-02
 -4.6079037e-01
  4.6743214e-02
 -4.4115972e-02
 -1.0953977e-01
 -3.1484896e-01
 -4.5211464e-02
  6.3278157e-01
 -8.6613923e-02
  4.0130052e-01
 -1.4410046e-01
 -3.0319110e-01
 -5.4592974e-02
  2.5098830e-01
  8.2498193e-02
 -1.7459673e-01
 -1.4721610e-01
  5.9602779e-01
 -3.4635071e-02
 -1.6945851e-01
 -1.0226011e-01
  4.2014885e-01
  2.6163012e-01
 -2.9850927e-01
  4.2702237e-01
  9.0573631e-02
 -2.4550532e-01
  2.5765073e-01
 -5.3418905e-01
  4.4782734e-01
 -2.8082937e-01
 -4.6312478e-01
  4.0649486e-01
 -6.1688028e-02
 -3.8981980e-01
 -9.2119139e-01
  4.0981889e-01
 -5.7032704e-01
 -4.7349289e-02
  6.0648239e-01
 -2.3926285e-01
 -1.6121000e-01
  6.8620700e-01
  4.5138705e-01
 -5.5787933e-01
 -4.7558367e-01
 -9.4896418e-01
  3.6208472e-01
  1.9645317e-01
  3.6590508e-01
 -5.8940262e-01
 -8.8043541e-02
 -5.5045819e-01
  7.8362413e-02
 -1.3429532e+00
  5.6736898e-01
 -7.9111928e-01
 -3.8478950e-01
  5.4030180e-01
 -6.3502029e-02
 -5.4624498e-02
 -1.0601710e+00
 -1.2003006e+00
 -4.1670495e-01
 -1.7439315e-01
  4.3677777e-01
  3.2377651e-01
 -2.4255835e-01
  1.3458563e-01
  4.2867649e-01
 -1.5898673e-01
  1.0011103e-01
  1.3888288e-01
  2.2922693e-01
 -5.4345572e-01
  2.0837554e-01
 -1.3074911e+00
  4.0243748e-01
 -2.9977672e+00
  3.1643414e-01
 -4.4748116e-01
  1.3821695e+00
 -1.4441163e-02
  3.7997525e+00
  3.8573462e-01
 -7.3355252e-01
 -1.1270119e+00
 -3.1738579e-01
  2.5600376e+00
  1.4510940e+00
 -7.3697263e-01
  1.7425463e-01
  9.0104181e-01
  2.5693269e+00
  1.5566874e+00
 -9.2321193e-01
  9.3612319e-01
 -3.1399778e-01
  1.3995245e+00
  2.1512325e+00
  1.5860494e+00
  1.8319507e-01
  4.1140683e-02
 -1.8681993e-01
  2.6351205e-01
  3.9483413e-02
  6.3005781e-01
 -4.8258138e-01
 -7.7777654e-02
 -1.0424613e+00
  1.7705794e-02
 -3.8679013e-01
  3.2251409e-01
  1.2626919e+00
  2.3234586e-01
  4.5462722e-01
 -1.4091921e-01
 -4.4893640e-01
 -1.4571236e-01
 -1.7553526e+00
  9.4356060e-02
 -4.4858548e-01
  5.7447553e-01
  2.2227545e+00
 -5.7154322e-01
  7.8982824e-01
  1.3297586e-01
 -5.5225635e-01
  9.0058368e-01
 -1.4034936e+00
 -2.6898029e-01
 -1.7670935e-01
 -1.8059118e-01
  9.2571750e-02
 -8.8037926e-01
 -2.8221422e-01
 -4.4926524e-01
 -1.1421944e+00
  5.7203168e-01
  5.3720123e-01
 -4.7188412e-02
  9.1897361e-02
 -4.8076737e-01
  1.8956330e-01
 -6.9522274e-01
 -4.5350659e-01
  3.2889667e-01
 -5.2670771e-01
  9.4008350e-01
 -7.1668994e-01
 -1.9321905e-01
  1.1080576e+00
 -6.5245708e-03
  1.5477249e-01
 -2.3505464e-01
  5.9206671e-01
 -7.2550535e-02
  6.0687482e-01
 -8.2524967e-01
 -9.4933999e-01
  5.5209190e-01
  9.6840739e-01
 -3.5986689e-01
  4.2258209e-01
 -4.9266133e-02
 -4.8251939e-01
 -4.6586746e-01
 -8.6342618e-02
  4.6880487e-02
 -1.0381630e-02
 -7.2683316e-01
  5.9215516e-01
  3.8311943e-01
 -5.8471805e-01
  4.3078047e-01
  1.0776619e+00
 -7.0564473e-01
 -9.4937432e-01
 -5.3884542e-01
 -2.9465199e-01
  6.8071270e-03
 -8.3616510e-02
  6.3317470e-02
 -2.3107225e-01
  1.0491762e+00
  9.8683161e-01
  1.1835046e+00
  4.6498683e-01
  2.0741703e-01
  7.1983880e-01
  1.0707467e+00
  6.6585869e-01
 -4.2702168e-01
  7.7261150e-02
 -1.4398534e+00
  1.5551047e-01
  5.9348635e-02
  1.6988578e-01
  4.7700161e-01
  4.0335807e-01
 -7.6212473e-02
  2.1522351e-01
  2.5648451e-01
  1.2987627e-01
 -1.7834125e-01
 -1.1599669e-01
 -9.8649174e-01
 -5.0261295e-01
  8.6254871e-01
 -1.7748360e-02
 -2.6210931e-01
  4.5225576e-01
 -5.5552632e-01
  1.8520854e-01
 -6.8591124e-01
  9.2344391e-01
  5.0134408e-01
  2.1309015e-01
 -1.1253338e+00
  1.4562955e-02
 -2.7432102e-01
  3.6563224e-01
 -2.3074925e-02
  2.4964115e-01
 -6.0273182e-01
 -1.2934652e-01
  2.0326342e-02
  4.0938619e-01
  7.3062420e-01
  1.8453483e-01
  2.4707858e-03
 -2.5003847e-01
 -2.5028911e-01
 -1.7538214e-01
 -2.0271280e+00
  3.5749009e-01
 -5.2728689e-01
  3.3954933e-01
 -4.8325932e-01
  8.1123859e-02
 -7.8613156e-01
 -1.2237585e+00
 -4.1031167e-01
 -1.4274375e-01
 -1.7165364e-01
 -1.5553667e-02
  7.3401883e-02
 -3.0805230e-01
  1.6476586e+00
 -1.4727584e-01
  2.3637326e-01
  2.5621539e-01
  9.5621264e-01
  4.9499565e-01
  5.8246262e-02
 -6.4368270e-02
  1.2155410e+00
  5.9700841e-01
  4.0895185e-01
 -2.8692865e-01
  5.6687665e-01
 -1.3514709e+00
 -5.5687577e-01
  9.9266380e-01
 -1.7413353e+00
  7.2562999e-01
  1.3483512e+00
  2.1114037e+00
 -2.9362882e-03
 -2.4744687e-03
 -1.4277769e-04
 -1.0368536e-01
  8.5955828e-01
  2.3260717e-01
  6.4919621e-01
 -1.1363722e-01
 -1.5229930e-01
  1.1670423e+00
 -9.7448599e-01
 -6.7088342e-01
 -2.2725834e-01
  1.3191171e-01
 -6.6639408e-03
 -6.9623873e-02
  1.3286397e-01
  2.7027085e-01
 -6.4989221e-01
  3.2466093e-01
 -4.9944636e-01
 -5.9345737e-03
 -6.3938868e-01
 -2.8960183e-01
 -6.0420519e-01
  4.9762130e-02
 -4.4812761e-02
  4.1431201e-01
 -1.2214012e-02
 -7.7865732e-01
  1.1170069e+00
 -3.0710933e-01
  6.5697837e-01
  6.1927628e-02
  2.2178988e-01
  5.2769756e-01
  8.8763095e-02
 -1.1731869e-01
 -1.5660283e-01
 -1.6703752e-01
  4.2876196e-01
 -4.8441294e-01
 -3.2086444e-01
  9.7814095e-01
 -2.1767426e+00
  2.8206107e-01
  1.6865448e+00
 -5.1056124e-02
  1.5052080e+00
 -4.1850498e-01
 -1.9701596e-02
 -2.7521212e-02
 -2.5312987e-01
 -1.7221949e+00
 -9.7463049e-02
  1.8440676e-01
  8.1015867e-01
  3.4105271e-01
  2.5454873e-01
 -5.0983846e-01
  1.0033433e+00
  2.4164996e-01
  6.7470211e-01
 -2.6932442e-01
 -1.0898730e-01
  3.0453134e-01
 -2.0893653e-01
 -1.6332442e-01
  1.7566222e-01
 -5.6292921e-01
 -4.9128616e-01
 -2.1840222e-03
 -3.9290065e-01
  8.9875305e-01
  6.3804215e-01
 -7.5063664e-01
  5.0597829e-01
  1.2899112e+00
  4.0648913e-01
 -6.3967690e-02
  1.3015015e+00
  4.7480747e-01
 -6.6350573e-01
 -3.1816345e-01
 -1.1455855e-01
 -3.3939353e-01
  1.6389135e-01
  9.7152239e-01
 -2.3078816e-01
  2.4319459e-01
 -1.4730613e-01
  7.7048683e-01
 -1.8055625e-02
 -3.3398136e-01
  7.0204687e-01
  7.6210342e-02
 -3.6018661e-01
 -1.0305982e+00
 -3.0236176e-01
 -1.6332270e-01
  1.7709380e-01
  9.1553032e-02
  3.1518835e-01
  7.1421921e-01
  3.7365142e-02
 -3.2377768e-01
  6.4624816e-01
  1.1481134e-01
  2.3164617e-02
  4.7627693e-01
 -3.5821378e-01
 -1.0503412e+00
 -1.3831583e-01
  1.6693152e-01
 -6.2032247e-01
 -2.5548431e-01
  6.3235337e-01
  3.1122053e-01
 -4.7321063e-01
  7.0682362e-02
 -3.6049858e-01
 -2.9889679e-01
  8.2148486e-01
 -8.0367304e-02
  3.7123430e-01
 -1.3582298e-01
 -3.0934140e-02
 -7.9553306e-02
 -1.4234942e-01
  4.5230973e-01
 -2.2636615e-01
  5.7198268e-01
 -5.1382345e-01
  1.1244949e+00
  5.8436322e-01
 -7.5811669e-03
  6.1955762e-01
 -5.7222348e-01
  1.5668225e-01
 -1.0469908e+00
 -1.9445339e-02
 -2.3135833e-01
 -1.0524025e+00
  7.3949285e-02
  5.0240713e-01
 -7.2678614e-01
 -4.1852839e-02
  8.7581080e-01
  5.7006550e-01
 -7.6595169e-01
 -2.8064832e-01
  2.4407519e-01
  4.7007158e-02
  3.6846470e-02
  1.0601500e-01
  8.7860924e-01
  2.4335857e-02
  1.2208700e-01
 -1.7176071e-01
 -5.8093321e-01
  8.9205652e-02
 -7.2216737e-01
  1.0426272e-01
 -5.6637228e-01
  1.6408309e-01
 -1.1160432e+00
  3.5177979e-01
 -2.8792143e-01
  5.6987303e-01
 -7.1520299e-01
 -4.6926308e-01
  3.0358443e-01
  3.3645937e-01
  2.6690236e-01
 -3.9110368e-01
 -1.2584356e+00
 -7.6113224e-01
  8.0713987e-02
  3.2658666e-01
  4.4163686e-01
  6.2852457e-02
  9.2295903e-01
 -2.5901403e-02
  6.2429839e-01
  1.0724740e+00
  9.8846138e-01
 -2.4784667e+00
  1.6159530e-01
 -4.0024915e-01
 -3.6037436e-01
  5.6775576e-01
  6.4301282e-01
  2.6085015e-02
  7.3214579e-01
  1.3683861e-01
 -2.2394612e-01
 -2.0902240e-01
  3.8451213e-01
  4.6134841e-01
 -5.0476484e-02
 -6.5792263e-01
  9.7081274e-01
  1.2867396e+00
 -9.2631832e-02
  9.8307759e-02
 -5.4200351e-01
 -1.9288729e-01
 -1.4120246e-01
 -1.0033816e+00
 -3.6938217e-01
  1.4153656e-02
 -3.2849681e-01
  6.1123383e-01
 -1.0783818e+00
 -2.2117345e-01
 -6.6147792e-01
  1.6816792e-01
  3.8418716e-01
 -1.3764713e+00
 -7.2009712e-02
  2.8771308e-01
 -2.6720673e-01
  3.4530145e-01
  5.6483567e-01
 -5.2654177e-01
 -4.4396719e-01
  6.8981540e-01
 -1.4413735e-01
 -1.3759741e-02
  5.5939353e-01
  1.9347197e-01
 -1.0417240e+00
 -6.2909865e-01
  1.0398364e-01
 -2.3125322e-01
 -3.8367155e-01
  9.5748866e-01
 -4.9882043e-02
  5.9227645e-04
 -4.9392641e-02
 -6.8676376e-01
  8.3833152e-01
  6.1874318e-01
  7.4844009e-01
 -8.6458668e-02
  6.7279041e-01
  1.5697871e+00
 -3.0510625e-01
  4.9943835e-01
  1.5053800e-01
  4.8093879e-01
  3.7718448e-01
  3.3125979e-01
  2.2185873e-03
 -2.1143977e-01
 -2.7342567e-01
 -4.7666162e-01
 -1.1278431e+00
  8.8947004e-01
 -5.6840980e-01
 -3.3843163e-02
  6.5043159e-02
 -4.5268363e-01
  1.7952092e-01
 -2.4991034e-01
 -2.5785530e-01
  7.1394414e-02
 -2.1103679e-01
  4.5701477e-01
 -2.5925443e-01
  2.9994624e-02
  3.1041956e-01
 -5.3340667e-01
  2.9960802e-01
 -5.7872999e-01
 -3.3997589e-01
 -1.8352602e-01
  4.5720381e-01
  4.3675020e-01
 -2.0498100e-01
  2.5787514e-01
 -4.6497107e-01
 -3.5027754e-01
  2.4684477e-03
  2.3664467e+00
 -3.8419804e-01
  4.4289368e-01
 -1.3569859e-01
  1.4771277e-01
 -2.5550190e-01
  5.0362366e-01
  1.2524577e+00
  7.3040867e-01
 -2.3569576e-02
  1.6782230e-01
  1.1261798e+00
 -1.0867555e-01
 -1.6658045e-01
 -4.7414493e-02
 -7.9819185e-01
  1.2475286e-01
 -7.1984017e-01
  1.2889889e-01
 -2.8468099e-01
  1.2394886e+00
  1.4964928e-01
 -4.5151842e-01
  1.6631709e+00
  5.6243122e-01
 -5.0672028e-02
 -6.5038443e-01
 -6.7246526e-01
 -3.4000862e-01
  4.3974403e-01
  6.5499961e-01
 -2.2236938e+00
 -1.1785845e-01
 -3.1960186e-02
  3.8512424e-01
  1.4243032e+00
 -1.6438205e-02
  7.5314295e-01
 -7.8831591e-02
 -5.9946217e-03
  5.0583616e-02
  1.1250620e+00
 -4.1141447e-02
  1.3196594e-02
  2.6192939e-02
  2.1123779e+00
 -1.7383404e-01
  8.3622560e-02
  1.5774672e+00
 -1.3160220e+00
  4.0490216e-01
 -4.6540770e-01
 -4.4127464e-01
  6.8713421e-01
 -3.0213085e-01
 -1.7970430e-02
  3.7064677e-01
  4.7238353e-01
 -7.4530578e-01
 -1.0797892e-02
  9.9263972e-01
 -4.1178800e-03
  1.0208435e+00
 -4.4512579e-01
  8.9671874e-01
 -7.5557660e-03
  1.6580620e-01
 -3.8348913e-01
  1.9999403e-01
  2.4145778e-01
 -5.5848861e-01
  4.5297537e-02
  1.0471874e+00
 -7.1754986e-01
  1.2975028e-01
  8.2865283e-03
 -7.1800232e-02
  1.2926399e+00
  4.7557575e-01
  1.1521565e+00
 -6.4041659e-02
 -8.7752238e-02
  7.3305376e-02
 -1.0467570e-01
 -4.9235818e-01
 -7.9777491e-01
 -1.5361609e-01
  5.3334731e-01
 -2.2862820e-01
 -1.6615407e-01
 -7.7156436e-01
 -3.8049513e-01
 -1.3068125e-01
  9.2889994e-02
 -1.9837167e-02
  7.9556145e-02
 -8.5909575e-02
  1.1301669e-01
  8.3929235e-01
  1.1453537e+00
 -4.7420509e-02
 -1.6346622e-01
 -1.2471187e-01
  7.6431692e-02
 -6.2783206e-01
  5.1670110e-01
  3.4407827e-01
 -4.0910193e-01
 -2.8676924e-01
 -9.1748369e-01
  3.5032257e-03
  3.2395267e-01
 -1.8994333e-01
 -1.4805737e-01
 -3.5887179e-01
 -5.3255224e-01
 -3.1707458e-02
 -6.1186337e-01
 -5.3833455e-01
  4.8564744e-01
  7.3046464e-01
  1.0584524e-01
  4.7568327e-01
  5.8195525e-01
  6.4626211e-01
 -2.3864707e-01
  5.3725624e-01
  8.5053390e-01
  2.5447887e-01
  2.4332538e-01
  4.9655452e-02
  4.5254165e-01
  1.8365395e-01
 -5.0933886e-01
 -7.8798741e-02
 -1.4140508e-01
 -7.7027071e-01
  2.6453087e-01
 -2.2430891e-01
  2.1239649e-01
  3.2389531e-01
  5.3967392e-01
 -2.3033786e-01
  3.9671031e-01
  4.2489719e-01
  7.3941427e-01
 -3.2147661e-01
  1.2108933e+00
 -1.3447204e-01
 -2.7979234e-01
  5.7663798e-01
 -2.9435979e-02
 -9.7424734e-01
  3.8971633e-01
  2.7813217e-01
 -6.6781258e-03
 -2.4797603e-02
 -6.8292993e-01
 -6.5896827e-01
 -9.1393936e-01
 -3.8361460e-01
 -4.3893293e-01
 -5.0163329e-01
 -2.0402446e-02
 -4.5687976e-01
  6.6803628e-01
  1.2984708e-01
  2.2407345e-02
  6.9218397e-01
 -1.2099302e+00
 -3.2395825e-01
 -6.0254264e-01
  2.8308094e-01
  1.0194258e-01
 -6.8076536e-02
 -1.4247483e+00
  4.4294170e-01
 -1.8594980e-01
 -4.2995632e-01
 -5.9225112e-01
  5.1389117e-02
 -8.7295920e-01
  2.3817886e-01
 -9.6135843e-01
  3.3179483e-01
 -3.9678138e-01
  1.4888345e-01
  1.1023789e-01
  4.7439182e-01
  7.5708956e-01
  2.8129470e-01
  4.0011325e-01
 -2.8217062e-02
  2.0959377e-01
  5.0040609e-01
  7.5419712e-01
 -1.7637642e-01
 -4.8273790e-01
 -1.1765649e-01
  6.7836270e-02
  3.2167658e-01
  1.0219451e-01
  1.7188572e+00
  9.5745504e-02
  7.1180850e-02
  8.5742420e-01
  1.9529097e-01
  1.3453877e+00
  2.5877911e-01
 -9.6738353e-02
 -5.9650844e-01
 -1.4389029e-01
 -4.3157691e-01
 -6.5469468e-01
 -5.3525043e-01
 -1.2985319e-01
 -1.4252093e-01
 -9.5228380e-01
 -2.1154316e-01
  6.6675551e-02
  1.2259103e+00
  1.7479940e-01
  3.6273307e-01
 -1.2122507e-01
 -4.5287639e-01
  3.7958652e-01
  7.8905082e-01
  4.7509003e-01
  1.2436812e-01
 -3.6941364e-01
 -6.7077607e-01
  1.1428057e+00
  6.7898226e-01
 -9.6418375e-01
 -4.7056563e-04
 -7.8489184e-03
  8.4818974e-03
  9.0366796e-02
 -4.3211702e-02
 -1.3034688e-01
 -1.3111144e+00
 -4.0273204e-01
 -1.9768541e-01
  2.6319778e-01
 -3.9898589e-01
  6.1175492e-02
  5.8571227e-02
 -8.7813389e-01
  8.2121707e-02
 -3.5824025e-01
 -3.8124138e-01
 -1.3781209e-01
  5.3656656e-01
 -5.2897412e-01
  2.2264874e-01
 -5.2076966e-01
 -1.1768572e-01
 -2.2287062e-01
 -2.5612498e-02
 -1.5583253e-01
  3.0412284e-01
 -1.0566361e+00
 -2.2670470e-01
 -1.9871894e-01
 -1.8692288e-01
 -3.8124827e-01
 -1.5932182e+00
 -3.2486230e-02
  7.5792986e-01
 -8.9010566e-02
  5.1045001e-01
  4.2621765e-01
 -5.0092034e-02
 -2.6046225e-01
  1.3061262e-02
  6.6097319e-01
  1.7358426e-02
  8.8525355e-01
 -5.8334064e-01
 -3.6247626e-01
 -4.9753553e-01
  1.3937767e-01
 -2.5717813e-01
 -1.9100466e-01
 -6.2337875e-01
  1.8854091e-01
  4.1761810e-01
  2.8709006e-01
  7.0754141e-02
 -8.3795708e-01
 -4.3375623e-01
 -5.0518173e-01
 -3.8530853e-01
  1.1476804e-01
  2.9769275e-01
  9.2144966e-01
 -7.1143901e-01
 -1.2042652e-01
 -1.0966184e-01
  3.6030967e-02
  4.8435032e-02
 -3.0900753e-01
 -9.2228383e-02
  3.4524712e-01
  1.4205986e-01
  1.2279859e-01
  2.9975468e-01
 -5.6342125e-01
  1.0740270e-01
  1.2098729e-01
 -1.2583512e-01
  8.7597287e-01
  3.6100531e-01
  7.8196603e-01
  1.3959432e-01
  8.5430831e-01
 -1.5815857e-01
  1.5005341e-01
  5.0099216e-02
 -6.2957674e-01
  1.6236142e+00
  5.6005555e-01
  2.3726410e-01
  2.3312086e-01
 -1.9069937e-01
  1.4026999e-01
  2.1812665e-01
 -7.0591664e-01
 -3.5548902e-01
 -1.3931076e-01
  5.5726075e-01
 -1.2987540e+00
 -1.5414572e-01
  3.4026507e-01
 -5.6896698e-02
 -1.1204903e-01
 -8.8739313e-02
  7.4923271e-01
 -4.8635998e-01
  7.8392833e-01
  2.0067433e-01
 -7.9430366e-01
  2.8513384e-01
 -1.9799724e-01
 -3.9961433e-01
 -3.3703864e-01
  1.4261112e+00
 -1.7356802e+00
  1.7403628e-01
 -2.2077432e-01
  3.5034376e-01
  1.9037534e-01
  9.9294305e-01
  2.1402800e+00
 -1.9034576e-01
 -2.0361083e+00
  7.8896910e-02
  2.0985122e-01
 -5.5362362e-02
  2.9578703e-02
 -2.3990643e-01
 -2.8534491e-02
  1.6285460e-01
  3.8803961e-02
  4.7908057e-02
  3.2182935e-01
  7.1109909e-01
 -1.0910252e+00
 -1.0150660e+00
  4.3917087e-01
 -1.8849486e-01
  2.3401088e-01
 -1.8248963e-01
 -7.2721314e-01
 -1.7811543e+00
  4.3738627e-01
  7.7546233e-01
  6.0324973e-01
  8.3211511e-01
  2.2252536e-01
 -1.0629711e-01
  3.9582807e-01
 -5.3097636e-01
  1.8528971e-01
 -6.5128040e-01
  1.2180713e-01
 -8.9340895e-01
 -2.1362920e+00
  7.0652354e-01
 -1.1497435e-01
  9.8783219e-01
  3.8080481e-01
 -4.8407218e-01
  5.1050258e-01
  3.2239842e-01
 -1.5723887e-01
  1.7194296e-01
  6.7886358e-01
  2.7362972e-01
  1.2546490e-01
  4.2820004e-01
  2.3348284e-01
  1.9111598e-01
  1.0380658e-01
  4.1552123e-01
 -8.0376291e-01
 -4.6614221e-01
  1.9892016e-01
  4.0248182e-01
 -1.1874239e+00
  1.6315699e-01
 -2.5569984e-01
  2.9572284e-01
 -3.4462786e-01
  3.2634071e-01
  5.2794403e-01
 -4.8083597e-01
  5.3414130e-01
  2.8506267e-01
 -2.8459978e-01
 -1.4050153e-01
 -1.9498509e+00
  2.4447805e-01
 -4.9188733e-01
 -2.5433254e-01
  1.3085081e-01
 -1.1238484e-01
  1.5054861e-01
  1.9684902e-01
 -2.7871925e-01
 -3.2183290e-01
 -3.2681394e-01
  4.2678133e-01
  9.4541031e-01
  3.6098516e-01
 -3.5223520e-01
 -2.3456085e-01
  3.8412848e-01
 -5.1672482e-01
  4.8210919e-01
 -3.8057387e-01
  1.8981457e-01
  7.3539311e-01
  9.4074500e-01
 -9.5005822e-01
  4.3711269e-01
 -1.5482965e-01
 -7.7748966e-01
 -1.2497017e+00
 -4.2113397e-01
 -7.7393907e-01
  2.2042871e-01
  1.0880121e-01
  4.2380419e-01
 -2.3528561e-01
 -1.3075216e-01
  2.0260084e-01
  9.2468119e-01
  3.2492557e+00
  9.0491939e-01
 -1.0433822e+00
 -2.3987648e-01
  3.4021917e-01
 -5.7900953e-01
  2.9991874e-01
  2.4971980e-01
 -4.6618876e-01
  5.7255596e-01
  7.1168023e-01
 -3.0527729e-01
  1.6763097e-01
  1.7188698e-01
 -4.1453975e-01
  5.2820981e-01
  5.5616689e-01
 -1.7830586e-01
 -4.8553360e-01
  1.3253674e-01
  4.2091891e-01
 -1.3607029e+00
  1.6689858e-01
  1.1646327e+00
  1.5711802e-01
 -2.3928156e-01
 -2.8831321e-01
  8.1572431e-01
  7.8354549e-01
  8.7379193e-01
  3.6487240e-01
 -1.3036837e-01
 -1.1262424e+00
  9.6944290e-01
 -2.6869884e-01
 -2.7531913e-01
 -2.3657627e+00
 -2.3580899e+00
 -1.6332281e+00
 -7.0900375e-01
  6.3656402e-01
  1.4253014e-01
 -4.1965681e-01
  2.0340386e-01
 -6.6159374e-01
  1.5073404e-01
  1.5884867e-01
 -3.0147317e-01
  4.0615091e-01
 -4.0585861e-01
 -8.4170955e-01
  2.8041011e-01
  3.0560410e-01
  3.9247957e-01
  1.1363014e-01
 -7.1687388e-01
 -2.7350609e+00
  1.3581300e-01
  2.1517915e-01
 -1.7935818e-01
 -1.3210249e+00
  1.1387806e+00
 -2.4408692e-01
  1.9462815e-01
 -5.4355997e-01
 -3.8869283e-01
 -8.2700402e-01
  9.2465973e-01
  4.6446350e-01
  1.7882675e-01
 -1.0595608e+00
 -9.8639864e-01
 -3.4110222e+00
 -3.2322264e+00
 -1.0658565e+00
 -5.7622075e-01
  1.7333058e-01
 -1.9392857e-01
 -3.8738534e-01
  1.1038787e+00
  2.4125072e-01
  1.2597392e-01
  2.8251567e-01
  9.8440450e-01
 -7.2097582e-01
  9.2421257e-01
  2.0067751e+00
  1.8006761e-01
  4.4671610e-01
  1.2720913e-01
 -6.8134737e-01
  1.3709676e-01
 -1.4990216e-01
  2.1885842e-01
 -2.4911904e-01
  2.3701400e-01
 -9.9711633e-01
 -5.2728820e-01
  9.1048843e-01
 -1.0758097e+00
 -5.3558034e-01
  3.6298183e-01
  1.3654374e-01
 -5.1924706e-01
  3.5512921e-01
  2.5760499e-01
  4.4952670e-01
 -2.8931209e-01
 -2.8251258e-01
  6.2735844e-01
  5.0392741e-01
 -5.0172472e-01
 -2.0381030e-01
  1.9151115e-01
  1.3341369e-01
 -2.4559551e-01
  1.0795747e+00
 -2.2512785e-01
 -7.0309085e-01
  1.6032650e-01
  8.5066587e-01
  2.9053602e-01
  1.4936271e-01
  5.9490329e-01
 -2.9134277e-01
  4.9268234e-01
  2.1247216e-01
 -2.4036750e-01
  3.1594548e-01
  7.9425073e-01
  1.0515698e+00
 -1.1092880e+00
 -1.6317505e+00
 -9.4745779e-01
 -8.5657310e-01
 -1.8551415e-01
 -5.7632828e-01
  1.4080116e+00
  1.4674940e+00
 -9.0491319e-01
 -1.4829931e-01
  3.9882442e-01
  4.5899108e-01
  2.6065162e-01
 -1.0279305e+00
  1.6918787e-01
 -2.0562214e-01
  4.1761640e-01
  2.1855763e-01
  9.6475357e-01
 -4.5591462e-01
 -1.2631923e-01
  3.8748670e-01
 -2.2686341e-01
  9.2539400e-01
  1.2162626e-01
 -8.1115210e-01
 -6.6368473e-01
  3.1584576e-01
  2.0063975e-01
 -4.9159524e-01
 -3.5247836e-01
 -3.9768985e-01
 -2.6330286e-01
 -4.2365831e-01
 -9.4232047e-01
 -1.2777928e-01
 -7.9121673e-01
 -7.9994506e-01
  1.5405881e+00
  1.3036475e+00
  8.8791502e-01
  4.7795153e-01
  3.9957067e-01
  2.5189370e-01
  2.1526149e-01
 -6.1267823e-01
 -1.5436848e-01
  2.0109972e-01
  4.1182286e-01
 -4.1300455e-01
 -8.5039008e-01
  3.0525813e-01
  1.3800068e-01
 -7.0392269e-01
  1.2904570e-01
 -1.3130406e-01
 -1.7285118e-01
 -2.9702350e-01
 -1.3617498e-01
  4.6506628e-01
 -6.5197909e-01
 -1.2696066e-01
 -2.7881640e-01
 -3.0212054e-01
 -2.9318908e-01
 -2.3388791e-01
  4.2340097e-01
 -2.2628367e-01
  1.4617460e+00
 -8.3823669e-01
  4.1134951e-01
 -3.9793986e-01
 -6.7486107e-01
 -6.8396062e-01
  7.7965611e-01
  1.2352535e+00
 -4.7662041e-01
 -1.1453299e-01
 -2.4337742e+00
 -1.3552209e+00
  6.7858362e-01
 -6.2845325e-01
  1.6608548e-01
 -1.9686425e-01
  2.7013880e-01
  5.0022399e-01
  4.1859445e-01
 -3.2011658e-01
  4.6954569e-01
  1.5766254e-01
 -2.1950334e-01
  8.2338381e-01
  2.7333996e-01
  2.4249178e-01
  6.0512084e-01
  6.6499144e-01
 -3.1700692e-01
 -1.0969130e-01
 -3.5004979e-01
  2.5298226e-01
  6.5279621e-01
  2.8760785e-01
 -5.9565544e-01
  9.2777383e-01
 -1.3902660e-01
  1.3486467e-01
  1.5324813e-01
  2.6104119e-01
  1.2130492e+00
 -9.9186170e-01
 -1.1283007e-01
  2.5999811e-01
 -6.0291255e-01
  1.4185752e-01
 -1.1062447e-01
  1.8562727e+00
  5.0875080e-01
  9.3947852e-01
  5.5284852e-01
 -2.7056131e+00
 -1.1699992e+00
  1.7835712e-01
  2.6299718e-01
  1.7436224e-01
 -1.3496226e-01
 -5.7099813e-01
  3.7254739e-01
  1.7241663e-01
 -2.7552399e-01
  8.4980571e-01
 -2.0002086e-01
  2.4268484e-01
 -6.3756359e-01
 -5.8165115e-01
  7.5160897e-01
  3.5686535e-01
 -9.5140779e-01
  3.0750382e-01
  2.8384805e-01
  1.4026272e+00
  5.6127864e-01
 -8.1385761e-01
 -2.2161357e+00
  1.0011719e-01
 -4.6665189e-01
  3.7057075e-01
  3.6429766e-01
  5.5871111e-01
  6.9714957e-01
  1.0196970e-01
  2.0669301e+00
  2.3035693e-01
 -1.3284428e+00
  1.7045254e-01
  1.1322144e-01
  2.5760829e-01
 -7.6968223e-01
  5.1802671e-01
 -4.5844486e-01
 -1.0379248e-01
  2.1375924e-01
  4.9003905e-01
 -4.9795237e-01
 -3.1460837e-01
  6.9994092e-01
  5.5491704e-01
  2.0066091e-01
 -5.4574543e-01
  5.5177319e-01
  9.3640637e-01
  1.6404477e-01
 -6.9452721e-01
  1.5528409e-01
 -7.0665509e-01
  4.0537807e-01
 -1.1525961e+00
  4.0461862e-01
  2.7516970e-01
  3.4086803e-01
  3.0536127e-01
 -1.1844089e+00
 -5.2704686e-01
  3.3134174e-01
  2.4464959e-01
 -5.0808644e-01
  4.7945881e-01
  6.5124696e-01
  8.2231861e-01
  6.5693206e-01
  1.4403449e-01
 -6.4954877e-01
  3.7287676e-01
  1.6454464e-01
  5.6286496e-01
  6.4226848e-01
  2.1583359e-01
  6.5134096e-01
  5.0956839e-01
  6.7643654e-01
  5.9844667e-01
  4.9862400e-01
  1.5137269e-01
  1.4904012e-01
  8.8183129e-01
  7.1049225e-01
 -1.7814133e-01
 -2.3865265e-01
  1.8262136e-01
  2.3691109e-01
  1.2825279e+00
 -1.0310882e+00
  3.7737089e-01
  2.4730906e-01
 -3.5726953e-01
  4.6855840e-01
  2.4938765e-01
  3.9229715e-01
 -7.0729727e-01
 -7.3075151e-01
  4.3992612e-01
 -3.2166398e-01
 -2.9782394e-01
 -3.3897027e-01
 -1.3378505e-01
 -1.7071306e+00
 -1.4667617e+00
  1.1272046e-01
  2.3607367e-01
  1.0371554e-01
 -2.0211652e-01
 -1.2567376e-01
  2.2794983e-01
 -1.0080682e-01
 -2.7763355e-01
  1.9613315e-01
 -3.6044225e-01
  3.6806437e-01
 -5.9947520e-01
 -1.3123864e+00
  1.7075440e-01
 -1.0274507e-01
  3.2649601e-01
  8.2176715e-01
 -5.3213084e-01
 -3.5006812e-01
 -4.1856444e-01
 -6.6080719e-01
  9.0165132e-01
 -6.4555854e-01
 -8.7342113e-01
 -2.1902487e-01
 -1.3741267e-01
  2.5100572e+00
 -4.2665347e-01
 -3.8619986e-01
  7.4650908e-01
 -2.1220878e-01
 -1.3788213e-01
  1.2539643e+00
  1.2748388e+00
 -2.8311434e-01
  1.9669806e+00
 -1.2087592e-01
  4.3201089e-01
  2.2288164e-01
 -4.7283906e-01
  4.2554083e-01
  4.4739705e-01
 -4.5000046e-01
  4.6816880e-01
  4.6334392e-01
 -1.7124918e-01
  3.0557442e-01
  2.1966697e-01
  4.3164673e-01
  7.6409739e-01
  1.0887682e+00
 -4.0648380e-01
  4.1476569e-01
 -1.9257692e-01
  2.2081885e-01
 -1.4603576e-01
 -2.5783533e-01
 -7.7669179e-01
  3.8872564e-01
  4.3242541e-01
 -1.1967264e-01
  3.8364217e-01
  1.2383310e+00
  1.0031358e+00
 -3.2296377e-01
 -4.9279618e-01
 -4.1216433e-01
  2.1256879e-01
  2.2919205e-01
  1.6596910e+00
  4.0678921e-01
  4.6376932e-01
 -1.2085310e+00
 -1.6521092e-01
  1.0781323e+00
  2.0458295e+00
  9.3971139e-01
 -2.9494816e-01
 -1.3016842e-01
 -1.7149717e-01
  3.5934231e-01
 -6.3380414e-01
  1.0637343e+00
  5.6738150e-01
  6.7102182e-01
  4.5676970e-01
  5.9406531e-01
 -2.8289089e-01
  4.3539962e-01
 -6.6114050e-01
  1.4439760e-01
 -5.0091124e-01
 -1.2595301e+00
  8.9395547e-01
 -1.2611036e-01
  3.0216077e-01
  4.0610376e-01
  4.1156140e-01
 -4.9752414e-01
 -1.8503162e+00
  2.0327917e-01
 -7.6031363e-01
 -1.2494495e-01
 -1.6647879e+00
  1.6281788e+00
  1.1255182e+00
 -3.2225341e-01
 -2.3306704e-01
  1.1574591e+00
 -1.5886277e-01
  1.7745256e-01
 -5.9628463e-01
 -1.2733352e-01
 -2.9995370e-01
  5.5034691e-01
  2.9523996e-01
 -1.0075428e+00
 -1.3154328e+00
 -2.2244748e-01
  4.6224219e-01
  6.4673102e-01
 -1.2900950e-01
 -1.1505165e+00
  7.1849447e-01
  6.7927563e-01
 -5.7399154e-01
 -3.7783104e-01
 -1.1188914e-01
 -9.3506247e-01
 -4.6642017e-01
  7.2548002e-01
  5.4497421e-01
 -7.6610941e-01
 -5.5169243e-01
 -3.6825702e-01
 -3.5307530e-01
 -1.0635252e+00
 -5.8500487e-01
 -1.6643016e-01
 -1.9397232e-01
 -2.6350686e-01
 -6.3285053e-01
 -8.3640963e-01
  3.1508225e-01
  1.6709555e+00
 -2.2082366e-01
  2.6620921e-01
  2.0784393e-01
  3.8726529e-01
  2.6421684e-01
  4.4699392e-01
  8.8318580e-01
 -4.4862229e-01
  6.7150104e-01
 -4.9878040e-01
 -1.7461637e-01
  7.0694351e-01
  6.3970441e-01
 -1.0656531e+00
 -1.5865520e-01
  1.2568891e-01
  1.0209377e+00
  5.8978629e-01
  2.4861377e-01
 -1.6109313e+00
  7.7315950e-01
 -4.6059027e-01
  1.6160749e-01
  3.0664876e-01
 -3.1241101e-01
 -2.1185142e-01
  1.3389572e+00
 -7.3606902e-01
  1.5074595e+00
  4.1860077e-01
  1.9333383e-01
 -2.2973263e-01
 -2.6572926e+00
 -1.5631685e+00
 -1.6247996e+00
  4.6667427e-01
  1.2551555e-01
  3.7937275e-01
  3.3369806e-01
 -3.7013361e-01
  8.6311036e-01
  4.9601504e-01
  2.4532765e-01
 -1.1658704e-01
 -1.1169188e+00
 -4.1602808e-01
 -2.8370610e-01
  1.0702568e+00
  2.0733538e-01
  1.9322264e-01
  1.2674609e-01
  1.5533116e-01
  1.1623648e-01
 -1.0068055e+00
  6.4262712e-01
  7.4760389e-01
 -2.8988791e-01
 -6.2952793e-01
 -2.2919324e-01
  9.0639240e-01
 -1.0761015e+00
 -3.9363199e-01
 -1.8014756e-01
  1.3812640e-01
 -1.1159258e+00
  4.1180527e-01
  2.0111349e-01
  1.0531555e+00
  4.5974329e-01
  2.6480147e-01
 -7.0865661e-01
 -4.5952153e-01
 -1.3107473e-01
 -1.3227394e-01
  1.1514035e-01
 -3.4732205e-01
 -5.4750478e-01
 -1.6717081e+00
 -2.3150182e-01
  1.2504336e-01
 -5.5166680e-01
  6.8432856e-01
  6.5935457e-01
 -5.9101093e-01
  6.9157147e-01
 -1.0973790e+00
 -1.1135263e-01
  3.2475093e-01
  1.1749106e-01
 -1.2729301e-01
  3.0982023e-01
  3.9730710e-01
  2.4317667e-01
 -5.0250798e-01
 -2.8858078e-01
  2.3542559e-01
 -7.2934711e-01
 -3.2059467e-01
 -5.7900304e-01
 -2.5239038e-01
  6.5466499e-01
 -7.0177966e-01
  2.1100929e-01
  1.4707071e-01
 -4.0248361e-01
 -1.7828891e-01
  4.3025461e-01
 -1.7490975e+00
  2.7464166e-01
  1.2457919e-01
 -1.0421426e-01
 -9.4194448e-01
  2.5600713e-01
 -9.2667598e-01
 -3.1928834e-01
 -4.9786294e-01
 -5.3926533e-01
  1.2761545e-01
  5.5100578e-01
  1.4822856e-01
 -1.5590739e-01
 -8.0052584e-01
 -8.7853563e-01
 -4.6733028e-01
  1.0555710e-01
 -4.3422014e-01
  7.1630847e-01
 -4.6996158e-01
 -1.9043717e-01
 -7.2312409e-01
  5.0546658e-01
 -3.5331586e-01
  3.0024579e-01
 -4.9417293e-01
 -1.2627943e-01
  2.4307731e-01
 -1.7351511e+00
  2.1399477e-01
 -1.6936840e-01
 -1.0238416e+00
  3.7497815e-01
 -1.5718096e+00
  1.5186331e-01
  2.5418061e-01
  1.6753441e-01
  5.7204020e-01
 -3.8192067e-01
  8.5524637e-01
 -2.1927659e-01
 -6.8253779e-01
  5.4317212e-01
 -5.3822315e-01
  3.5310465e-01
  2.0258471e-01
 -7.3753422e-01
  2.5318974e-01
 -3.4834707e-01
  3.0125722e-01
 -4.2140767e-01
 -5.4422396e-01
 -4.5169502e-01
 -2.2012980e-01
 -1.0109732e+00
  1.0340102e+00
  4.4446102e-01
 -1.4026865e+00
 -2.4808562e-01
 -3.6987191e-01
  4.8367301e-01
  8.5751182e-01
 -1.8869597e-01
 -9.4448572e-01
 -2.2479697e-01
 -4.0547678e-01
 -2.1113640e-01
  3.2790881e-01
 -5.6423336e-01
  3.4040946e-01
 -1.3355461e-01
  1.7147982e-01
  1.0249647e-01
 -1.5147392e-01
  6.7095673e-01
  3.1665042e-01
  2.6815847e-01
  9.8450249e-01
  1.5124969e-01
 -1.4501947e-01
  3.4761924e-01
  1.1187456e-01
 -1.2271476e-01
  1.3571391e-01
 -2.3486441e-01
  2.1334404e-01
 -1.0547376e+00
  1.5292472e-01
 -4.3356806e-01
  3.9481264e-01
  9.0681970e-01
 -4.5544526e-01
  7.5038934e-01
 -1.3420637e-01
  4.2855021e-01
 -3.1192127e-01
  1.2808481e+00
 -1.0664564e+00
  4.9438074e-01
 -2.2798249e-01
 -5.3854185e-01
 -2.5677764e-01
 -8.7176657e-01
 -1.3534597e-01
 -2.4804169e-01
  5.4458189e-01
  3.4040332e-01
 -3.4165365e-01
  2.1150023e-01
  5.6910932e-01
  2.8580916e-01
  1.2897359e-01
 -4.5602852e-01
 -3.8032222e-01
  2.0484331e-01
  3.8487875e-01
 -7.3628819e-01
 -5.3477913e-01
 -1.8220934e-01
  1.7678282e-01
 -1.1057445e-01
 -1.7997691e-01
  3.1552994e-01
 -1.1980387e-01
 -2.1416426e+00
 -1.2116386e-01
 -1.3118772e-01
 -9.3918324e-01
 -5.7877332e-01
 -6.0325414e-01
  4.6003717e-01
 -6.1867571e-01
  4.8468357e-01
 -1.6228282e-01
  1.1580120e+00
 -1.9612831e-01
 -1.5624563e+00
 -6.8086678e-01
 -8.4980100e-01
 -1.7784833e+00
  3.4940341e-01
  2.8617194e-01
 -5.1414281e-01
  2.4050292e-01
 -1.1767393e-01
 -6.4687699e-01
 -3.6389637e-01
  1.1713345e-01
  7.7148002e-01
  2.6452181e-01
 -6.4514101e-01
 -4.9747890e-01
  1.2321569e+00
  3.6158976e-01
  1.9592930e-01
 -6.2260062e-01
 -4.4304916e-01
 -3.3116502e-01
  9.1390705e-01
  2.4610242e-01
  1.9799525e-01
  5.7874030e-01
  2.8313538e-01
  5.6427640e-01
 -4.6370855e-01
 -2.8637615e-01
 -1.9382513e-01
  3.5741329e-01
 -3.7726882e-01
 -2.9977092e-01
  3.0491161e-01
 -1.0157020e+00
 -1.3819827e+00
  3.1856993e-01
  2.9265150e-01
 -3.0336314e-01
 -3.7050724e-01
 -2.1201390e-01
 -1.0050582e+00
  2.4115810e-01
  8.1655288e-01
 -4.1032839e-01
 -5.8673084e-01
 -9.1148090e-01
 -1.6541013e-01
  1.3407382e+00
  1.1209098e+00
 -2.3858491e-01
  4.8184416e-01
 -1.2525737e-01
  2.4996272e-01
 -1.6179945e-01
 -1.1058282e+00
  3.7492943e-01
 -9.1225052e-01
  6.0777807e-01
 -5.5405664e-01
  6.9517183e-01
 -6.9493663e-01
  2.2030811e+00
  7.1030718e-01
 -2.3085016e-01
 -6.3267046e-01
 -9.8784131e-01
  4.7706941e-01
 -1.1508462e-01
 -1.1487913e+00
 -2.3265615e-01
  4.2207867e-01
  4.7585613e-01
 -6.4908278e-01
  7.5292176e-01
 -1.5185571e+00
  4.1980937e-01
  2.3750877e-01
  2.3343763e-01
 -2.6789021e-01
  8.5253888e-01
  7.6131678e-01
  1.6528837e-01
 -1.0050925e-01
  3.3648342e-01
  1.9395338e-01
  3.2887036e-01
  2.7416736e-01
  1.4156309e-01
  1.4936250e-01
  2.4536455e-01
 -2.8746521e-01
 -2.4011460e-01
 -1.8613431e-01
 -1.5957043e-01
 -2.2099924e-01
  2.3205656e-01
  1.9856256e-01
  2.4953946e-01
 -2.2952867e-01
 -1.7038351e-01
 -7.2757578e-01
 -4.7039524e-01
 -3.7432221e-01
 -9.2643726e-01
  1.6663226e-01
 -6.5851128e-01
 -1.0606189e+00
 -5.0103354e-01
  3.0185378e-01
  1.4572299e+00
 -1.4463627e-01
 -1.0019356e+00
 -2.4506769e-01
 -1.3835314e-01
  2.0598242e-01
  1.6624758e-01
 -1.1699579e+00
  3.5856518e-01
  1.5273676e+00
 -3.5366717e-01
 -8.9131683e-01
 -1.8729839e-01
 -3.9608705e-01
 -6.3669437e-01
  1.6593003e-01
 -2.0456931e-01
  2.3308119e-01
  7.0727426e-01
 -2.4985161e-01
  1.2377869e-01
  2.0803459e-01
 -3.6032799e-01
 -2.8642723e-01
  2.4168959e-01
 -2.6897416e-01
  2.0041900e+00
  8.0132449e-01
  2.0984674e-01
  2.0321050e-01
  3.6191902e-01
  1.5344499e-01
 -6.0153431e-01
 -7.0487595e-01
  1.1412586e+00
 -6.6871524e-01
 -8.7484217e-01
  1.6261336e+00
 -2.6110348e-01
 -1.4516732e-01
  3.0430549e-01
  5.8267015e-01
  4.5437369e-01
  1.2748487e+00
  3.1691512e-01
  4.9690509e-01
  2.3872918e-01
 -1.2696186e-01
 -4.4935426e-01
  5.7175440e-01
  1.6800786e+00
 -1.2995523e+00
 -2.9577965e-01
 -5.8104903e-01
 -1.8982622e-01
  8.4079808e-01
  8.9215600e-01
 -3.0904144e-01
 -2.0347300e-01
  5.2702451e-01
  2.1823317e-01
 -5.1921195e-01
 -1.5109095e-01
  2.5710577e-01
  2.5222966e-01
 -1.2501967e-01
 -1.9878355e-01
  2.0882036e-01
 -5.7830727e-01
 -1.3103545e+00
 -3.8163188e-01
  1.3307410e-01
  2.4084985e-01
  5.1921248e-01
 -1.7760378e-01
 -2.9023853e-01
 -2.2163092e-01
  2.5596875e-01
 -2.5141674e-01
  4.8189029e-01
  5.4659188e-01
 -7.1042800e-01
  4.3991190e-01
  1.2540888e+00
  5.9875143e-01
 -3.0594745e-01
 -5.0864083e-01
 -1.4324027e-01
  3.6102018e-01
  6.3956201e-01
  2.0733875e-01
  1.6281605e-01
  2.4596506e-01
 -1.1452851e-01
  6.5733594e-01
 -2.8782889e-01
 -2.4156493e-01
  2.5602281e-01
  5.6131762e-01
  9.3247348e-01
  5.9330809e-01
 -4.5829627e-01
 -1.1213428e-01
 -3.2899594e+00
 -4.0750089e-01
  4.2255330e-01
 -1.7666182e-01
 -4.6190745e-01
 -4.5046508e-01
 -1.5900534e+00
 -1.5057459e-01
  3.5316503e-01
  1.0320989e+00
 -1.2043291e-01
 -1.4073002e+00
  7.1666914e-01
 -2.0701518e+00
 -7.4442154e-01
 -2.9355073e-01
  1.1083596e+00
  2.3393491e-01
  3.9198303e-01
 -9.1124254e-01
  7.4160045e-01
 -1.9579953e-01
 -2.2250092e-01
 -4.5989087e-01
 -2.2773418e-01
 -1.7211574e-01
  7.9602140e-01
 -3.1833702e-01
 -2.6397532e-01
 -5.4677004e-01
 -4.3749535e-01
  1.4492145e+00
  5.5753952e-01
 -5.6018257e-01
  4.4375950e-01
  1.0953569e+00
  1.1766634e+00
  2.7857101e-01
 -2.0547953e+00
  1.2936924e-01
 -8.3298475e-01
 -4.7482920e-01
  9.3215668e-01
  2.1384604e+00
  3.7938032e-01
  5.7474464e-01
  4.8576954e-01
  3.7682101e-01
 -4.1554457e-01
 -1.6528934e-01
  3.2195923e-01
  6.1308610e-01
 -5.1365530e-01
  4.4642568e-01
  1.4127046e+00
 -1.9057363e-01
 -1.0755832e+00
 -1.6780514e-01
  4.2466438e-01
  1.4342096e-01
 -1.6663758e-01
 -1.6177200e-01
  2.4744925e-01
 -7.8943616e-01
  5.8867103e-01
  1.3239975e-01
 -4.2422348e-01
  1.7675099e-01
  1.1150160e+00
 -2.0471036e-01
 -1.3475551e-01
 -9.3333280e-01
 -3.2896109e+00
 -6.1380661e-01
  7.6438266e-01
  4.9219355e-01
 -1.3683148e-01
  3.9798793e-01
  4.9162498e-01
 -1.0634859e+00
 -1.4359239e-01
  7.5932646e-01
  2.1517369e-01
  8.1432581e-01
  2.9478696e-01
  3.3007732e-01
  4.9659720e-01
 -6.9660050e-01
  6.0470957e-01
  3.1928116e-01
 -7.9661018e-01
  6.3279319e-01
  4.1879448e-01
 -6.1858439e-01
  2.4927968e-01
 -8.2509512e-01
  1.9791371e-01
  4.2777953e-01
 -1.3968700e-01
 -6.1538249e-01
 -4.9192989e-01
 -5.8249635e-01
  3.0463740e-01
 -3.5932577e-01
 -4.1732898e-01
  1.8872380e-01
 -1.7011029e-01
 -5.0231951e-01
 -2.2980902e-01
 -3.4611800e-01
  1.9611222e-01
 -4.4947386e-01
 -3.1623223e-01
  1.8255218e+00
 -2.5320978e+00
  6.7934728e-01
  9.0870899e-01
 -1.3477081e-01
 -1.4591038e-01
  1.1804433e+00
  1.7763199e+00
  1.6338447e-01
  5.9702170e-01
  3.4995946e-01
 -4.0365028e-01
 -1.2073710e-01
  6.1526930e-01
 -4.6402401e-01
 -1.0537682e-01
 -1.3798979e-01
  2.2270817e-01
  4.9881709e-01
  3.8707140e-01
 -1.9400153e-01
  3.2587144e-01
 -4.1860348e-01
 -4.0756580e-01
 -1.9931850e-01
  4.9571255e-01
 -1.4500466e-01
  5.8806741e-01
 -2.9870236e-01
 -2.4828619e-01
 -7.4649602e-01
 -3.0736496e+00
 -3.1484063e+00
 -1.4807962e+00
 -6.5200543e-01
  1.5413868e-01
  3.2197553e-01
  5.3981036e-01
 -5.7581949e-01
  1.0652620e+00
 -2.4026820e-01
  3.0734590e-01
  1.9684786e-01
 -1.9136913e-01
  2.5914645e-01
 -3.1293893e-01
 -3.2419455e-01
 -1.0815119e+00
  5.7583189e-01
 -3.7322780e-01
  6.9235247e-01
  7.8694153e-01
 -2.9929608e-01
  9.3849826e-01
 -7.3916858e-01
  2.0980147e-01
 -2.5300118e-01
  1.0266894e-01
 -1.2512243e-01
  2.0636863e-01
  5.3895670e-01
 -1.1642519e-01
 -1.3540812e-01
  7.1171933e-01
 -5.6610805e-01
  4.9506706e-01
 -1.6520932e-01
  1.4469815e+00
  8.4464031e-01
  2.6330292e-01
  1.0296651e+00
  2.0946229e-01
 -5.3678352e-01
  5.5189151e-01
  1.5853366e-01
 -1.1517216e-01
  7.1883827e-01
  2.7643189e-01
 -1.5001084e-01
 -3.9904919e-01
  2.0316148e-01
  1.0990430e-01
  3.4792191e-01
 -3.6709487e-01
 -1.2533613e+00
  6.6925377e-01
 -9.1889942e-01
  3.7805179e-01
 -6.2465382e-01
  4.7017762e-01
 -1.7503333e-01
  3.9510390e-01
 -1.5834008e-01
 -7.9147303e-01
 -3.7767556e-01
  5.6074828e-01
  3.3029419e-01
  4.2250237e-01
 -8.2663971e-01
  1.6839900e+00
  1.8438257e-01
 -1.3233817e+00
 -6.8206662e-01
  1.8805979e+00
  2.2578750e+00
  1.0345196e+00
 -3.1782037e-01
 -1.7442505e-01
 -6.1519557e-01
  4.8564303e-01
  1.6252265e+00
  2.7839375e-01
 -8.6903936e-01
  1.5163836e-01
  2.4921826e-01
  2.0941290e-01
 -1.2772506e+00
 -1.6376072e-01
 -1.0076927e-01
 -3.4050214e-01
  1.0313548e+00
  2.1410515e+00
 -1.2646773e-01
  2.5040111e-01
 -3.1830558e-01
  3.6631039e-01
 -3.3164880e-01
  3.2575619e-01
  2.3266381e-01
  6.5391904e-01
 -4.5125455e-01
 -5.9420246e-01
  7.9633719e-01
 -1.2843105e+00
 -5.4464471e-01
 -1.1197753e-01
  6.2573206e-01
 -3.3082139e-01
 -8.5010958e-01
 -3.8534459e-01
  2.4608245e-01
 -1.9068991e+00
 -1.3372812e+00
  6.0504454e-01
 -9.1779733e-01
  2.6798552e-01
  4.0986562e-01
 -2.6148450e-01
  2.8187096e-01
  4.3599764e-01
 -1.0648725e+00
  3.2120478e-01
 -1.7033252e-01
 -4.4084409e-01
  1.6408744e+00
  1.2865499e+00
 -5.0987577e-01
 -7.7165645e-01
 -6.3605958e-01
 -1.8036734e+00
 -2.8276461e-01
 -4.5452151e-01
 -7.7836877e-01
 -4.4410175e-01
 -3.2714865e-01
  6.1375082e-01
 -6.9796187e-01
 -3.3114249e-01
 -1.9794205e-01
  1.3816479e+00
  2.9043812e-01
  9.5051295e-01
  4.7941902e-01
  3.7320152e-01
 -1.9588816e-01
  9.3013251e-01
  1.1829722e-01
 -2.9159987e-01
  1.3185190e-01
 -8.2095325e-01
  6.3411796e-01
 -1.6107725e+00
  2.3517153e-01
 -1.2415469e+00
  4.6540144e-01
  1.7630053e-01
 -2.0497885e+00
  3.6985320e-01
 -6.3364184e-01
  2.1697699e-01
  4.1259634e-01
  2.0677674e-01
  1.6439391e+00
 -3.8395038e-01
 -1.6165620e-01
 -9.3081975e-01
  3.3931762e-01
  1.3276888e+00
  2.4861613e-01
  1.5067148e-01
  1.6362509e-01
 -2.7652133e-01
  3.3698058e-01
 -4.2092353e-01
 -3.5696787e-01
 -2.3222879e-01
  6.1258340e-01
  5.0658190e-01
  5.4794508e-01
  8.4977043e-01
  1.9813928e-01
  1.3950971e-01
 -4.1743943e-01
 -2.1186918e-01
 -7.7997118e-01
 -1.0178883e+00
 -6.7812949e-01
  5.4122245e-01
  2.2440118e-01
  2.4980152e-01
  1.7419693e+00
 -4.7512135e-01
 -1.3477416e+00
  1.0099657e+00
  2.9643655e-01
  1.3028893e-01
 -2.1419105e-01
  3.5010377e-01
  1.5242177e-01
 -4.8508605e-01
 -2.5109571e-01
  2.8591672e-01
 -8.0643046e-01
 -2.9275987e-01
  4.4785911e-01
  1.3889828e-01
 -2.0086312e-01
  6.3869697e-01
 -3.6548647e-01
  4.2210400e-01
 -6.6518021e-01
  2.5205049e-01
 -7.1417952e-01
 -5.2728242e-01
  6.1895621e-01
  8.5717177e-01
 -5.7012659e-01
  4.4693458e-01
 -2.4530029e-01
  1.7938542e-01
 -1.2453949e-01
 -8.2201105e-01
  1.1728215e-01
  4.4585258e-01
  7.9772192e-01
 -4.3250707e-01
 -1.3140194e-01
 -1.3971075e-01
 -3.4360784e-01
  7.7352244e-01
  6.3792568e-01
  9.9830651e-01
  4.8424757e-01
  2.7889359e-01
 -1.7951757e-01
 -1.7017618e+00
 -5.3327638e-01
 -1.7443558e+00
  5.8562577e-01
  3.3421421e-01
 -5.6456888e-01
  1.0991942e+00
 -1.2456181e+00
 -1.1530821e+00
  8.5351914e-01
 -1.5546358e-01
  9.4886196e-01
  1.6315411e-01
 -4.5433724e-01
 -7.0362246e-01
  1.8680412e-01
  8.4694546e-01
 -8.2827073e-01
 -1.0118020e+00
  3.2831207e-01
 -1.0833585e+00
  5.5457163e-01
 -5.8835065e-01
  5.4867226e-01
  2.0072514e-01
 -3.6350113e-01
 -3.0718878e-01
  2.8757223e-01
  3.3191901e-01
  5.2167434e-01
  2.0012215e-01
 -4.2733184e-01
 -1.0969698e+00
  4.6442273e-01
  9.0899312e-01
  2.5359315e-01
 -1.4363899e+00
  1.8389831e-01
 -1.5467793e+00
  7.6074260e-01
 -6.3310623e-01
  7.7569222e-01
 -4.0241247e-01
 -1.9975302e-01
  1.6327271e-01
  8.4117198e-01
  2.8776577e-01
  3.4114015e-01
  2.2338447e-01
  1.2624570e+00
  2.2356507e-01
 -5.2259809e-01
 -2.0291281e-01
 -1.1069150e+00
 -2.2225383e-01
  6.4631116e-01
  8.1639320e-01
 -1.6298385e-01
  1.5417154e-01
 -2.0304515e+00
 -1.6009840e+00
  9.0379727e-01
  2.9019925e-01
  1.3947451e-01
 -5.2071697e-01
 -2.1272047e-01
  4.1954994e-01
  6.4394218e-01
  3.3121964e-01
  2.3573002e-01
  1.7503550e+00
 -2.3560393e-01
 -2.6131767e-01
  8.2733572e-01
 -4.1730264e-01
 -2.7254176e-01
  3.8816395e-01
 -1.2270818e-01
  1.1521042e-01
 -1.2261432e-01
 -9.3988889e-01
 -1.0061866e-01
  4.8564520e-01
 -4.4419920e-01
 -8.9775193e-01
 -1.2640195e+00
  8.3908743e-01
 -1.6126032e-01
  1.0498040e+00
 -5.9641868e-01
  1.2753239e-01
  8.5011667e-01
  1.2987238e+00
  5.9548289e-01
  3.7844720e-01
 -7.5800222e-01
  1.8696392e+00
 -4.2784512e-01
  1.3982958e-01
 -2.2724366e-01
  4.6706560e-01
 -6.3392949e-01
  5.5846334e-01
 -4.4417068e-01
  4.6059015e-01
  8.4496117e-01
  4.1061839e-01
 -1.3520355e+00
 -1.0444849e+00
 -7.1710378e-01
 -6.4406610e-01
 -8.8527453e-01
  4.6287718e-01
  7.1748042e-01
 -2.1371010e-01
 -6.1718470e-01
  4.5277277e-01
 -2.5011846e-01
 -2.6040792e-01
  1.8423688e-01
 -8.6357182e-01
 -4.3596983e-01
 -2.2473790e-01
 -1.2020804e-01
 -5.2013272e-01
  2.1279679e-01
 -4.2161402e-01
  2.0966712e-01
 -5.3736252e-01
 -9.1386408e-01
 -2.6841635e-01
  8.3138174e-01
  2.0632932e+00
  4.7785574e-01
 -2.0297837e-01
  3.0799347e-01
 -5.7112312e-01
  1.0146793e+00
  8.7000948e-01
 -6.7046297e-01
 -1.5545677e-01
  2.8814760e-01
  4.9583933e-01
  8.9884984e-01
 -1.6892910e+00
  1.8903637e-01
 -1.3069229e-01
  1.5128885e-01
 -3.5905591e-01
  5.1682246e-01
  1.7505599e+00
 -3.6587742e-01
 -3.0804324e-01
 -1.1798044e-01
  1.1922598e-01
 -9.4500613e-01
 -7.8488213e-01
 -1.2854092e-01
  2.4454364e-01
  7.2879034e-01
  1.0325725e-01
  1.8230261e-01
  1.1210369e+00
 -1.9692328e+00
  5.5514866e-01
 -3.5545811e-01
 -4.7581488e-01
  8.0067837e-01
  5.7538480e-01
  9.2174524e-01
  9.0799868e-01
  3.4474862e-01
 -2.5661257e-01
  6.3272309e-01
  1.3801107e+00
 -1.7017167e+00
 -2.8922525e-01
  2.3390990e-01
  1.2611297e-01
 -4.2039189e-01
 -7.8206474e-01
  8.7250996e-01
  6.7014205e-01
 -3.8585746e-01
  2.3107705e-01
 -6.9808167e-01
  4.7237316e-01
 -2.6376671e-01
  3.2701293e-01
  1.4553213e-01
  4.0736783e-01
  2.5049546e-01
  1.0724312e+00
  8.4904909e-01
  2.1089401e+00
  1.4384711e-01
 -4.5311639e-01
 -6.6842538e-01
  7.1152520e-01
  3.1368631e-01
  5.7066453e-01
  3.2353449e+00
 -9.1146022e-01
  1.7863034e+00
 -5.7663226e-01
  5.2663916e-01
 -6.6552454e-01
  1.2914082e-01
 -1.0833044e-01
  1.1162257e+00
  9.0073067e-01
  8.1890589e-01
 -1.1633958e+00
  1.7980454e+00
 -1.4420490e-01
  3.4063426e-01
  4.1836897e-01
  3.7979653e-01
 -4.3879783e-01
 -1.9904792e-01
  5.4240066e-01
  5.3815126e-01
  5.0220823e-01
 -1.2780967e-01
 -4.3566722e-01
  5.6444502e-01
  3.9923999e-01
 -6.9247365e-01
  2.1405349e+00
  4.1607270e-01
  1.8389857e+00
  4.0535730e-01
 -3.8109362e-01
  1.9786410e+00
  6.7046022e-01
  8.3277839e-01
 -2.0756493e+00
  1.6034500e-01
 -1.1646231e-01
  8.9810783e-01
 -1.4212080e+00
  7.7469164e-01
 -7.1110350e-01
 -3.0347595e-01
 -3.8335711e-01
  3.9813599e-01
  1.2910955e+00
  2.1344496e-01
 -3.8223702e-01
  1.6879509e-01
 -2.5458562e-01
 -8.5623288e-01
  1.3544816e-01
  9.6250331e-01
  1.1622684e-01
  1.1081500e+00
 -1.5010040e+00
 -6.4367199e-01
  2.9765138e-01
  6.5145999e-01
  2.4442306e-01
  8.5358894e-01
 -3.2011688e-01
 -2.7791041e-01
 -4.8026672e-01
 -1.5661924e+00
 -1.4544194e+00
  1.2498553e-01
  5.0584990e-01
 -2.4337730e+00
 -2.2872107e+00
  1.8312305e+00
  1.6174084e+00
 -2.4438459e-01
 -1.4307639e-01
  1.3874668e-01
 -1.0173400e-01
 -5.3728747e-01
  8.8160497e-01
  2.7511787e-01
 -5.7738996e-01
 -1.0271395e+00
 -3.3935046e-01
  1.5298751e-01
  2.0965590e-01
 -5.4062867e-01
 -2.1711096e-01
 -6.4044088e-01
 -1.7113908e-01
 -1.0597968e-01
  3.3540469e-01
  6.1592561e-01
 -2.2374545e-01
 -1.4977068e-01
 -1.6030344e-01
 -1.2086276e-01
  1.1478678e+00
 -3.9840871e-01
 -2.0982032e-01
 -1.1430652e+00
 -2.0513778e+00
 -1.4727065e-01
 -7.7353472e-01
 -2.2457403e-01
  9.0879220e-01
 -6.9972473e-01
  1.3801552e+00
 -1.5927976e+00
 -1.6976343e+00
  1.9305917e+00
  8.2781494e-01
  6.1685377e-01
 -4.1182357e-01
 -3.9379641e-01
  1.4640080e+00
  9.7532648e-01
  2.7063718e-01
 -6.3724309e-01
  2.3807111e-01
 -2.7816373e-01
  4.1676995e-01
 -1.3419712e+00
  2.0774281e-01
 -4.1775095e-01
 -1.9606000e-01
  1.3202273e+00
 -1.5961513e-01
 -1.3634288e-01
  1.6588944e-01
  1.0749773e-01
 -1.3026874e-01
 -3.0020955e-01
 -2.8255638e-01
 -3.4437343e-01
  2.8718552e-01
 -1.8525910e-01
  1.8385302e+00
  1.5405941e+00
 -1.6424403e-01
 -1.9681635e-01
  8.3069950e-01
  8.9999509e-01
  2.1599689e+00
  1.4981847e+00
  9.5954299e-01
  4.0475690e-01
 -2.6791775e-01
  4.9640498e-01
 -1.5373839e-01
 -2.8281221e-01
  1.6048825e+00
 -5.9409767e-01
  5.4856485e-01
  1.9109725e+00
  2.4340801e+00
 -6.1888891e-01
  5.5304378e-01
  1.5851315e+00
 -4.0891826e-01
  4.8839572e-01
  5.5414599e-01
  4.2307195e-01
  1.2647963e-01
 -5.2168691e-01
 -4.9300498e-01
 -9.3433017e-01
  1.6932000e+00
  4.6120682e-01
 -2.0606588e-01
  1.4395341e-01
 -3.8671592e-01
 -3.2009786e-01
  2.0255892e+00
  1.0964814e+00
  1.1241906e+00
  3.6748770e-01
 -1.4373362e-01
  3.7941992e-01
 -1.1896534e-01
 -1.2166458e-01
  2.4139681e-01
 -1.0027353e+00
  8.1914377e-01
 -1.3804419e+00
  2.4787587e-01
 -3.6079583e-01
  1.8431965e-01
  2.9346931e-01
  3.4118125e-01
  2.4241023e+00
  8.1592774e-01
 -1.5197898e-01
  7.0150524e-01
 -7.0075202e-01
 -6.1766207e-01
 -1.2962854e+00
 -5.7877517e-01
  5.2055573e-01
  3.6179346e-01
 -1.4683682e-01
  1.8523742e-01
 -1.8283752e-01
  2.1872838e-01
  2.8289345e-01
 -3.8202524e-01
  2.3557752e-01
 -2.6692230e-01
  1.4122511e-01
  4.8464462e-01
  1.1776336e+00
 -1.4453655e-01
 -1.1379455e+00
  7.8196830e-01
 -6.3768399e-01
  2.0731363e-01
 -2.0612500e+00
 -1.4103032e+00
  2.2014324e-01
 -7.4548137e-01
 -7.9164827e-01
 -4.9048612e-01
 -1.8357666e-01
  1.8459916e-01
  1.4722687e-01
  1.4708133e-01
  1.1507010e-01
 -9.4987255e-01
  9.1506237e-01
  5.6263614e-01
  1.3585432e+00
  8.8509363e-01
 -1.2337550e-01
 -2.4592817e-01
 -1.9386908e-01
  1.0082745e-01
 -9.7612435e-01
 -4.0535536e-01
  3.0989456e-01
  3.0170551e-01
  1.5013942e-01
  2.4756747e-01
  3.1655425e-01
 -9.6973324e-01
  1.4615138e-01
 -1.4511241e+00
 -1.0428425e+00
 -1.1124145e+00
 -4.1389677e-01
  1.3286942e-01
 -1.2637661e+00
 -8.3698452e-01
 -6.5603077e-01
 -3.1397408e-01
  3.4889364e-01
  1.9995007e-01
  3.1473190e-01
  1.3763489e+00
  3.5354000e-01
  4.8623243e-01
  1.4798039e-01
 -1.5926206e-01
 -2.5886762e+00
 -1.6887668e+00
 -1.8423590e-01
  1.0061630e+00
  7.6892245e-01
 -3.1519899e-01
  3.6141837e-01
  6.1284989e-01
  7.4542594e-01
 -2.1410894e-01
 -3.0782932e-01
 -1.6871684e+00
  3.6237994e-01
  1.5227984e-01
  4.3417013e-01
 -1.3003016e-01
  2.2735208e-01
 -8.0781686e-01
  5.7719946e-01
 -1.3601745e+00
 -3.2915235e-01
 -1.0826238e+00
  9.6337235e-01
  1.1371435e+00
  5.2608347e-01
 -2.9513702e-01
  8.9760721e-01
 -5.0342655e-01
  7.5722921e-01
  2.3502192e-01
 -1.2634179e-01
  9.4929594e-01
  8.1127334e-01
 -8.0200249e-01
  3.0705985e-01
  1.9790217e-01
 -1.6270455e+00
 -7.3064572e-01
 -4.2145446e-01
  1.4881513e-01
  1.9434491e+00
  1.9728741e-01
  3.4289998e-01
  6.3567996e-01
  4.8424461e-01
 -1.5432766e-01
  4.3907905e-01
 -1.2855425e-01
 -3.2524872e-01
 -1.4722154e-01
  1.2762325e+00
  6.0718626e-01
  1.3617796e-01
  1.1014280e-01
 -2.1352518e-01
  5.1820695e-01
 -2.1243775e-01
  1.8977636e+00
  7.5396317e-01
  4.6187958e-01
 -1.5562536e+00
  5.9924692e-01
  2.8359279e-01
 -3.3807436e-01
 -1.4896369e+00
  1.1757386e-01
  1.0906376e+00
 -7.6759267e-01
 -7.6161647e-01
 -2.2992781e-01
  4.0572980e-01
  1.0099146e-01
  1.3348466e-01
  1.0592470e+00
  2.9834049e+00
  6.9994265e-01
 -3.1762534e-01
 -6.4228147e-01
  2.6512837e-01
  5.2200031e-01
  1.8522823e+00
  2.1119802e+00
 -1.7651790e+00
 -8.7139481e-01
  2.9781997e-01
  6.0305536e-01
  1.8137076e-01
  7.0567971e-01
  3.3601394e-01
  1.2366960e-01
 -8.0442977e-01
  7.5587136e-01
  1.4259908e+00
  1.1758488e+00
 -1.1286325e-01
  2.1738213e-01
  1.2546109e-01
 -5.4769212e-01
 -2.9282010e-01
 -1.8800708e+00
 -6.9128060e-01
  3.4442291e-01
 -9.5505172e-01
  1.4999279e-01
  3.4120333e-01
  2.1197210e-01
  1.7330356e-01
 -3.5424271e-01
  6.5470654e-01
 -2.1067548e+00
  1.6390939e+00
 -1.0876669e-01
 -1.3206819e+00
 -3.6168650e-01
  6.7760944e-01
 -4.4427365e-01
  1.2295107e+00
 -6.0252178e-01
  2.6987648e-01
  1.4122547e+00
 -1.8684518e-01
 -5.4450983e-01
  1.3504280e-01
 -3.3431610e-01
 -2.9725891e-01
 -1.2411158e+00
 -1.4262328e+00
  1.7328343e-01
  2.0266607e+00
 -4.0841368e-01
  2.1068749e-01
 -4.9810335e-01
  8.9675075e-01
 -2.7985497e+00
  2.5089934e+00
  1.6624317e+00
  5.5688620e-01
  8.7022817e-01
 -2.9884282e-01
 -7.4290359e-01
 -2.3708465e+00
 -7.3412889e-01
 -3.1569314e-01
 -2.7209562e-01
  8.9471942e-01
  1.1449810e+00
  1.9596511e-01
  4.9647391e-01
 -1.2125617e-01
  1.7512405e-01
 -3.2089978e-01
 -2.2871569e-01
  4.9601743e-01
  3.9714170e-01
 -3.2171559e-01
  6.6844052e-01
 -4.0131748e-01
 -1.2381946e-01
 -4.3634734e-01
  2.0606932e-01
 -7.7992839e-01
  1.2311795e+00
 -1.7945468e-01
  7.4974871e-01
  1.2240478e-01
 -1.4605573e-01
  7.4276656e-01
 -3.4079513e-01
 -1.5791959e-01
 -2.8437659e-01
 -6.3528842e-01
 -6.3741273e-01
 -1.4727848e+00
 -3.1218207e-01
 -4.6525455e-01
 -1.7940214e-01
  7.3646915e-01
 -1.1931417e+00
 -1.5845909e+00
 -1.2598443e-01
 -1.8705440e-01
  2.1424494e+00
 -3.2692853e-01
  1.0819153e+00
 -3.6383289e-01
 -3.4997910e-01
  1.4476439e-01
  3.3583790e-01
 -6.0381138e-01
  4.7755086e-01
  2.0948590e-01
  5.6152368e-01
  4.7590691e-01
 -5.1335293e-01
  1.4324990e-01
  1.5719055e-01
  1.3370471e-01
  7.8295326e-01
 -6.5395212e-01
 -1.1663238e-01
  1.0958146e+00
 -7.1091038e-01
 -1.0739242e+00
 -7.0688301e-01
 -1.5683100e+00
 -2.0952215e+00
 -1.4828392e+00
 -1.7303557e+00
  1.1145855e-01
 -3.4410763e-01
 -1.5060535e-01
 -2.2602177e-01
 -3.1738633e-01
  2.9747674e-01
 -4.7737548e-01
 -2.7264082e-01
 -1.6662122e+00
 -1.8280691e+00
  1.6710025e-01
  9.5954126e-01
 -1.5169981e-01
 -3.5464475e-01
  3.5502338e-01
  5.5970770e-01
  4.8937628e-01
  6.1629307e-01
  4.8336953e-01
  4.7047138e-01
  1.9292748e-01
 -7.1664602e-01
  3.2185489e-01
  6.0292166e-01
  2.2173125e-01
  5.1708359e-01
  6.4469284e-01
  1.2830628e-01
  1.7411579e+00
  8.2513654e-01
  1.6531694e-01
 -1.8014315e-01
  1.4280242e-01
 -8.9269894e-01
 -1.4456876e-01
  5.0746739e-01
  4.7775406e-01
  2.6713109e-01
  1.7902610e-01
 -5.8584934e-01
 -8.1992900e-01
  6.1658633e-01
 -4.0798420e-01
  7.4719679e-01
  4.0208080e-01
 -3.1695638e+00
 -1.5736434e-01
 -2.9424766e-01
  1.3935591e-01
 -7.1139193e-01
 -1.4510120e-01
 -2.5226784e-01
  2.2593873e+00
 -6.7198795e-01
  4.2612872e-01
 -4.4248289e-01
 -6.0984129e-01
 -6.2349129e-01
  4.5333368e-01
 -9.1684973e-01
  1.8133160e-01
 -8.1273752e-01
 -4.4618869e-01
 -6.7265195e-01
 -5.0030136e-01
  3.1674957e-01
  2.6529166e-01
  4.2163274e-01
 -5.2782607e-01
 -1.0823270e+00
 -7.4860257e-01
  2.3483774e-01
 -5.0713432e-01
 -6.6348201e-01
 -4.4565460e-01
 -8.5408968e-01
 -2.9803389e-01
 -7.7596378e-01
  6.5801507e-01
 -1.1051006e-01
  4.1062820e-01
  1.0684353e+00
 -8.8383949e-01
  3.6852548e-01
 -1.1181679e+00
  7.1204972e-01
 -1.0344362e-01
 -1.0186552e+00
 -4.1012964e-01
  1.0961008e-01
  6.6959047e-01
 -1.1068604e+00
  1.4756125e-01
 -1.1337044e+00
  1.5614179e-01
  1.9497541e-01
  3.3244228e-01
  4.1063792e-01
 -1.3462994e+00
  2.1378949e+00
  1.2035000e+00
  9.0927547e-01
  2.3441312e-01
  4.7999635e-01
 -8.3112860e-01
  8.8308722e-01
 -2.6717749e-01
 -1.2889853e-01
  2.5690785e-01
 -1.6904405e-01
 -4.5606285e-01
  2.0674069e+00
  9.4356674e-01
 -3.7669781e-01
 -1.0502800e-01
  5.7730860e-01
 -2.2599551e-01
  2.5058770e+00
 -2.5719092e+00
  2.7327025e-01
 -2.1974194e-01
  1.8854135e-01
 -4.6005282e-01
  2.9289520e+00
 -1.9442680e-01
 -2.4791196e-01
 -1.2566984e-01
  5.4236203e-01
  4.1700670e-01
 -1.6217512e-01
 -3.1492853e-01
 -1.3603112e-01
  3.5734388e-01
  4.3473902e-01
 -5.5734921e-01
  9.9186671e-01
 -1.9047701e-01
 -7.0355207e-01
  1.8152708e+00
 -1.1519678e+00
 -1.1184208e+00
  2.6671997e-01
 -2.4988263e+00
 -2.2290039e+00
 -2.5198171e+00
 -1.3638188e-01
  1.9786406e-01
  2.5078046e-01
 -6.5840709e-01
 -7.3075312e-01
  8.8962591e-01
 -2.4751201e-01
 -6.4886969e-01
 -1.8141919e+00
  8.8798171e-01
 -6.2456495e-01
  8.9941621e-01
 -4.3730623e-01
  3.6595929e-01
  1.1573423e+00
 -3.7158683e-01
 -4.5709646e-01
 -2.2047505e-01
  1.2698786e+00
 -7.0946538e-01
  6.2605393e-01
  3.5690245e-01
 -3.5828057e-01
 -7.7446592e-01
 -1.4453697e-01
  5.5763227e-01
 -6.9435960e-01
 -1.3255813e+00
 -1.2100476e+00
 -2.2667685e-01
 -4.6070179e-01
  6.4216530e-01
  1.3340271e-01
 -2.0278039e+00
 -4.3165597e-01
 -1.5436738e+00
 -4.9751219e-01
 -8.6052680e-01
  8.7475586e-01
  1.5291706e+00
  5.0363439e-01
  5.7562554e-01
 -6.2810838e-01
 -1.4513088e+00
  5.8209032e-01
 -2.4222118e-01
  1.7719282e+00
  1.6431290e-01
  5.2563757e-01
  2.1920994e-01
  1.2601034e-01
 -6.3631546e-01
 -1.1034415e-01
  9.0094054e-01
 -3.1039894e-01
 -4.2649060e-01
 -2.1272764e-01
 -1.2082768e-01
 -5.2084732e-01
 -8.4748054e-01
  1.2702827e-01
  2.5101429e-01
 -1.1202251e+00
 -4.6602994e-01
 -3.2103631e+00
  3.4281829e-01
 -1.6759418e-01
 -1.7054780e+00
  2.0056643e+00
  9.1837978e-01
  5.1357490e-01
 -5.0804108e-01
  6.5108871e-01
 -1.3719136e+00
  1.4218067e-01
  2.0290586e-01
  1.2432489e+00
  5.6016278e-01
 -1.7592460e-01
  8.1265742e-01
 -2.7425900e-01
  5.3727794e-01
 -8.0342406e-01
 -5.3845161e-01
 -5.7956362e-01
 -5.3594601e-01
 -1.4679807e-01
 -1.9572365e-01
 -7.6120687e-01
  1.9221728e+00
 -2.1080118e-01
 -5.7354265e-01
 -1.9617957e-01
  5.4927135e-01
 -2.3719844e-01
 -4.7124881e-01
 -1.8837330e-01
  6.8659621e-01
  1.0999934e-01
  1.6165328e+00
  2.3174453e+00
 -1.0377688e-01
 -2.8254658e-01
  7.3988426e-01
 -1.8236667e+00
 -2.7699003e+00
 -1.6184314e+00
 -4.7189489e-01
  3.1243861e-01
  2.0353882e+00
  3.1857893e-01
  1.3802841e-01
  1.1728001e+00
  7.5676155e-01
  4.9508962e-01
 -1.1483181e+00
  7.9205954e-01
  2.6683363e-01
 -7.1381909e-01
  6.5757924e-01
  3.5878500e-01
  1.5158218e-01
  2.5722706e+00
  3.4795380e-01
  5.3268903e-01
 -1.0938860e+00
  5.9112495e-01
  3.8400003e-01
 -6.8967730e-01
  3.5860580e-01
 -1.5621600e+00
  1.7031288e-01
  3.8353404e-01
 -6.4322096e-01
 -1.8471581e+00
  1.4646862e-01
 -1.7983225e-01
 -5.9245813e-01
 -1.2984391e-01
 -1.3765527e-01
 -2.6024797e+00
 -1.9951917e+00
 -1.0707066e+00
 -2.4692178e-01
 -5.6335485e-01
 -1.2434126e-01
  1.3398308e+00
  1.3328135e+00
  1.1849684e+00
  8.6336869e-01
 -1.5306808e-01
  1.9825244e+00
  6.6586244e-01
 -2.3071313e-01
  9.9375927e-01
 -1.6033543e+00
 -3.8278943e-01
 -1.6358610e+00
  3.5778403e-01
 -1.1716689e+00
  1.3772601e+00
 -1.0572046e+00
  1.5272439e+00
  7.0969599e-01
 -8.4963316e-01
 -3.8724127e-01
  2.4134240e-01
 -2.0895043e-01
  1.0075633e-01
  9.3474174e-01
  4.6529430e-01
 -1.1725165e+00
 -1.7078450e+00
  3.0647030e-01
  1.6519329e-01
 -1.9264623e+00
 -1.5597600e-01
 -1.1116514e+00
 -1.0934196e+00
 -6.3497597e-01
  9.8852950e-01
  7.8677654e-01
  7.1457207e-01
  1.5215958e+00
  2.0322311e-01
  1.0546695e+00
  2.8526285e-01
 -7.2971886e-01
 -1.9977134e+00
  1.7409608e-01
  5.3762525e-01
 -1.7453474e-01
  2.8021187e-01
 -2.4632680e-01
 -7.9695350e-01
 -1.7086693e+00
 -3.1401467e-01
  1.4881366e-01
 -4.6130273e-01
 -1.1244517e-01
 -5.1788855e-01
 -1.4851099e-01
 -1.9854286e-01
 -3.7381399e-01
  6.3352150e-01
  1.1641263e+00
 -7.4496675e-01
 -2.6704054e+00
 -2.8998692e+00
 -1.1282529e+00
 -5.0090951e-01
  1.2403634e+00
 -1.0643813e-01
  2.3173413e+00
  1.6134416e+00
 -1.0509645e+00
  4.2119926e-01
  9.4406861e-01
 -5.0132525e-01
  1.5683583e+00
  6.3908821e-01
  1.4128641e+00
  3.1161362e-01
  1.8480912e-01
  1.4609756e+00
  1.2318474e+00
 -1.9439191e-01
 -3.1851202e-01
 -2.4044770e-01
 -8.5002416e-01
 -1.2971246e-01
  1.9522983e-01
 -1.7771432e-01
 -4.2416352e-01
  9.7684193e-01
 -2.4257824e-01
  3.1425431e-01
 -1.2228533e-01
 -1.1270640e-01
 -4.9586529e-01
 -3.1531784e-01
 -1.2029356e+00
 -3.9952844e-01
 -1.3927712e+00
 -7.8627574e-01
  2.6634565e-01
  2.9239708e-01
  1.1452680e-01
 -3.9485807e+00
 -2.1058664e+00
 -7.9866558e-01
 -3.7846327e-01
 -3.4752190e-01
  5.0975513e-01
  2.5889273e+00
  9.2512816e-01
  8.9300364e-01
  1.9647972e-01
 -2.0046544e-01
  2.5547594e-01
  1.5625634e+00
 -1.0524422e+00
  2.6049188e-01
 -3.9952657e-01
 -6.1981946e-01
  3.7851822e-01
 -8.7843680e-01
  3.5538644e-01
  5.6543505e-01
 -1.0004164e-01
 -1.2721689e-01
 -3.4013197e-01
  4.8221707e-01
 -7.6832616e-01
  3.9456245e-01
  1.8124998e-01
 -2.6498336e-01
 -1.2275578e+00
  2.2459072e-01
  3.2544041e-01
  1.2053332e-01
 -1.3214974e+00
  5.0561821e-01
  1.6157682e-01
 -1.6617105e+00
 -1.5159255e+00
 -2.6962211e+00
  4.9352366e-01
 -2.6190633e-01
 -1.6205293e+00
  2.3245287e-01
 -1.5556206e+00
 -8.2230675e-01
 -9.6559453e-01
 -9.6129245e-01
  5.0428128e-01
 -1.6497878e+00
  7.5371695e-01
 -1.2319531e+00
 -9.9496293e-01
 -3.8647908e-01
  2.0629644e-01
 -1.4273825e-01
  1.9638406e-01
  8.4699523e-01
  4.8777148e-01
  2.4651095e-01
 -1.7003539e-01
 -2.1121156e-01
 -5.6162769e-01
  1.0216472e-01
  9.1619629e-01
  2.6216820e-01
  1.5511954e-01
 -2.0508829e-01
 -1.8284795e-01
  1.5380782e-01
 -4.6149543e-01
 -2.6961696e-01
 -2.3007455e+00
  4.2625446e+00
  3.5424769e+00
  1.3871950e+00
 -9.9570465e-01
  2.9598007e-01
 -3.7592340e-01
 -1.8322604e+00
 -8.1044346e-01
 -2.5290279e+00
  1.0434912e+00
  1.1901617e+00
 -1.3136390e+00
 -9.3452311e-01
  1.0839292e-01
  4.7574988e-01
 -4.1312215e-01
  2.7036104e-01
 -2.6952851e-01
  8.1758720e-01
 -1.9596550e-01
  1.3503462e-01
  2.7652183e-01
  6.5443504e-01
  4.3891516e-01
 -2.4633572e-01
  6.4365709e-01
  4.5056155e-01
  3.6034867e-01
  1.2851018e-01
 -7.4806136e-01
 -5.2810323e-01
  5.8421278e-01
  4.1141948e-01
  1.1595759e+00
  2.2507137e-01
  5.1613951e-01
 -1.0845020e+00
 -3.9966327e-01
 -1.0985310e+00
  1.4598420e-01
 -2.2620314e-01
 -2.2884080e+00
  2.8447616e-01
 -1.7642154e-01
 -5.0571787e-01
 -2.0548992e+00
 -8.9020747e-01
 -2.3577362e-01
 -2.2632566e-01
 -1.9964242e+00
 -1.8021237e+00
  3.7558475e-01
  1.3707483e-01
  9.2705601e-01
 -1.9430132e-01
  4.6119970e-01
 -3.0728796e-01
 -5.8989108e-01
 -1.7224291e-01
  2.6645556e-01
  2.7221331e-01
 -2.3226312e-01
  4.2064115e-01
  3.6214378e-01
 -2.1754283e-01
  3.1957212e-01
 -3.1465229e-01
  1.0536780e+00
  6.4989597e-01
 -5.0610471e-01
  3.1297863e-01
 -8.6020082e-01
 -5.2933365e-01
  5.9573883e-01
 -2.3280425e+00
 -1.1089499e+00
  7.7066284e-01
  2.6726004e-01
 -2.0280356e+00
 -5.6477350e-01
 -3.5470936e-01
 -1.0109915e-01
 -1.5775889e-01
  9.7524488e-01
 -6.7223859e-01
 -1.7514631e-01
 -3.8285652e-01
 -1.3201845e-01
  1.4714095e-01
 -1.2689057e-01
  1.6549021e-01
  2.3376626e-01
  5.3760433e-01
 -6.7097914e-01
  5.8016640e-01
 -6.6665208e-01
  6.5750802e-01
  2.8970841e-01
 -5.6699073e-01
 -3.6435086e-01
 -2.3382786e-01
 -1.0130987e+00
  1.0715127e-01
 -5.5809581e-01
  1.1938690e-01
 -2.8167087e-01
  3.9548352e-01
  4.1296670e-01
  7.7725077e-01
  3.0842316e+00
  5.9087753e-01
 -2.6304236e-01
 -3.6408249e-01
  2.5746374e+00
  1.0927523e+00
  3.9891145e-01
 -5.1074040e-01
 -4.6883973e-01
  1.6270441e-01
  4.9573508e-01
 -9.3732160e-01
 -3.3862615e-01
 -1.4359637e-01
  1.7037906e-01
  4.8068061e-01
  2.0321562e+00
  2.5766164e-01
 -2.7713993e-01
  2.7440488e-01
 -4.6400359e-01
  1.5516983e-01
  3.9531097e-01
 -1.3676770e-01
  5.2245402e-01
 -9.3852913e-01
 -1.0564391e-01
  1.1716355e+00
  5.7214630e-01
  1.0674449e-01
 -1.8242489e-01
 -1.2248172e+00
 -2.0774022e-01
  3.2316351e-01
  8.5792780e-01
 -4.3212050e-01
 -1.3556997e+00
  2.0364627e-01
  4.3827787e-01
 -5.8527523e-01
  1.8467230e+00
 -1.0511565e+00
  1.9231312e-01
 -1.7906003e-01
 -9.2129421e-01
  2.2873217e-01
 -1.5435354e+00
 -2.1804236e-01
  7.4366200e-01
 -8.8829833e-01
 -1.3681765e-01
 -2.9742497e-01
  1.0389508e+00
 -6.5768605e-01
  1.3223732e-01
  1.1828070e-01
  4.3044490e-01
  3.3117077e-01
  3.6745182e-01
  2.5450972e-01
 -3.9790595e-01
  3.6850321e-01
 -7.0763814e-01
 -1.7167509e-01
  5.7509822e-01
 -8.5162693e-01
  1.7919619e+00
 -1.3394389e+00
  1.0231519e+00
 -2.3714817e-01
 -1.9080125e+00
 -6.3649148e-01
  4.5294335e-01
 -1.4665245e+00
  3.0668667e-01
  1.6026318e-01
 -1.3904785e+00
 -2.6187053e-01
 -9.4069368e-01
 -6.0832840e-01
  7.3684233e-01
  1.4995871e-01
  3.0965823e-01
 -9.3861920e-01
  2.2082160e+00
  3.8073432e-01
  6.2561965e-01
 -1.5331231e-01
 -2.4400243e-01
 -2.4383736e-01
 -4.4297370e-01
 -2.0319319e-01
  7.4195242e-01
  1.6246706e-01
 -1.4316490e-01
  2.8255668e-01
  2.4375120e-01
  4.5274881e-01
 -4.9394858e-01
 -4.1800305e-01
  1.3985011e-01
 -5.9382194e-01
 -6.6835541e-01
 -4.6777734e-01
  1.3959751e-01
 -8.5233808e-01
  8.4632093e-01
  2.3597279e+00
  2.9066265e-01
 -9.5609391e-01
  1.2749599e-01
  3.1408691e-01
 -3.4855826e+00
 -9.8439324e-01
 -1.3039041e-01
  4.3526173e-01
 -4.7514656e-01
  2.2722387e-01
  7.1863002e-01
 -6.7878872e-01
 -1.1003588e+00
 -9.2791092e-01
  1.2541949e+00
 -3.1428313e-01
  3.3212626e-01
 -7.5614792e-01
 -7.8963131e-01
  1.2959754e-01
 -1.6149914e+00
  8.1018913e-01
 -2.3550999e-01
  7.4197531e-01
  8.0504102e-01
 -1.7525586e-01
 -4.5745268e-01
 -1.0507892e+00
 -1.4359359e+00
  2.4139956e-01
  1.8329324e-01
  1.7223977e+00
  1.7902151e-01
  7.1426475e-01
  1.6731556e-01
 -3.3798450e-01
  1.0188153e+00
  5.2251196e-01
 -5.6323373e-01
  2.8376627e-01
 -5.6336975e-01
  1.0095912e+00
  9.5660150e-01
  1.4956961e+00
 -8.6378187e-01
  3.6843568e-01
 -1.2595651e-01
 -4.6241188e-01
  2.5525767e-01
 -1.0980384e+00
 -1.8977177e-01
 -4.7314692e-01
  5.1044571e-01
 -1.3300282e+00
  7.7676708e-01
  1.0848579e+00
  6.2258422e-01
  2.3930487e-01
  3.0719715e-01
 -2.1253937e-01
  5.9763479e-01
  1.3313223e-01
 -5.7282156e-01
 -5.2421242e-01
  3.8818818e-01
 -3.7351513e-01
 -1.1425990e+00
 -1.8760979e-01
 -2.9564780e-01
 -4.8863018e-01
 -1.8231472e+00
 -2.2031140e+00
 -2.9662175e+00
 -5.5937862e-01
  1.8118998e+00
 -6.9092113e-01
  2.2031803e+00
 -1.2794977e+00
  2.0474404e-01
  3.0574557e-01
  6.7990553e-01
 -1.1921318e-01
 -4.7781831e-01
 -2.0686717e+00
 -7.2145611e-01
 -1.4198459e+00
 -2.4778920e-01
 -1.5206827e-01
 -8.6626881e-01
  1.2664560e+00
 -8.8736874e-01
 -4.5592818e-01
 -2.3608512e-01
 -5.1016939e-01
 -2.9422304e-01
 -3.3782545e-01
 -1.2924710e-01
  2.5662193e-01
 -1.3309877e+00
 -1.4940417e-01
  2.9022056e-01
  1.4731248e-01
  7.3026878e-01
 -9.6945006e-01
  1.4677685e-01
  1.6853026e-01
 -2.0771055e+00
  1.0806887e-01
 -1.1550684e-01
  2.8579986e-01
  1.5745883e+00
  2.0447230e-01
  1.9189258e+00
  5.3520435e-01
 -7.2915101e-01
  3.8083032e-01
 -2.4539375e-01
 -1.5347680e-01
 -4.3922582e-01
 -2.0752296e-01
 -6.8473220e-01
 -6.4332396e-01
  1.1838316e+00
  6.0962492e-01
  1.2536120e+00
  3.3754456e-01
  2.2129798e+00
 -4.4992867e-01
  3.8691425e-01
  1.4456570e-01
 -1.1673704e-01
 -5.0829315e-01
  3.0108875e-01
  6.8090951e-01
  1.2593465e-01
 -4.8087904e-01
 -4.1691059e-01
 -1.0356028e+00
 -1.2978293e-01
 -1.7490432e-01
 -3.3898616e-01
  4.7601756e-01
 -2.0433843e+00
  1.1520733e+00
 -7.5075591e-01
 -7.3194212e-01
 -1.2621539e+00
  2.7540320e-01
  8.7731445e-01
  2.0944080e-01
  1.2032222e+00
  8.5575658e-01
 -6.9520772e-01
  3.1858680e-01
 -3.3677444e-01
 -1.3926786e+00
 -1.9563368e-01
  8.5515970e-01
  3.9507180e-01
 -1.8842101e-01
 -1.3562772e-01
 -6.2979198e-01
  9.2794353e-01
  1.6291979e-01
 -4.4755417e-01
 -7.2568297e-01
  3.2362521e-01
  4.1764143e-01
  3.7898201e-01
 -1.4899436e-01
 -6.5485799e-01
  2.3821789e-01
 -5.2344394e-01
  1.3357005e-01
 -4.1707477e-01
  3.2625461e-01
  4.0338135e-01
 -2.2090688e-01
  6.3156968e-01
 -2.0288403e+00
  3.2047370e-01
  5.4145998e-01
  1.2935504e-01
 -5.9849274e-01
  1.0767592e+00
  2.2808814e+00
  6.5777671e-01
 -1.6351128e-01
  2.8886193e-01
 -1.9014809e-01
 -2.0604262e-01
 -2.6163670e-01
  1.0930581e-01
  5.6656361e-01
  1.6775933e-01
 -1.5101501e-01
 -2.5812268e-01
  2.9558814e-01
 -7.4347162e-01
  1.1780069e-01
  1.6287661e-01
  3.0534366e-01
  2.9429227e-01
 -2.1736547e-01
  5.2731985e-01
 -6.4206815e-01
 -1.4063299e-01
 -4.4757488e-01
 -4.3030238e-01
  3.8751227e-01
 -5.3399503e-01
 -1.9153902e-01
  5.1883423e-01
  5.2830136e-01
  2.6037651e-01
 -8.0123287e-01
 -2.0632000e+00
 -1.5234121e+00
  1.6825473e-01
  2.5660202e-01
 -1.7009038e+00
 -1.3576168e+00
 -9.3924928e-01
 -4.7191933e-01
  2.1116392e-01
  4.6250594e-01
 -2.0814094e-01
  7.7420461e-01
 -1.3480681e+00
  5.6841046e-01
  1.8071952e-01
 -1.0109854e+00
  7.3810285e-01
  1.1877696e-01
  5.9472716e-01
  5.2483124e-01
  2.1557119e-01
  7.8819644e-01
  4.1539171e-01
  7.5026381e-01
  3.9118069e-01
 -5.3799891e-01
  9.0515035e-01
  2.9829481e-01
  4.8857346e-01
  5.9142232e-01
 -1.7683282e-01
 -2.0186424e-01
 -8.7523764e-01
 -3.1096420e-01
 -2.3941472e-01
  1.3262906e+00
  1.4269376e+00
  2.7208468e-01
 -4.1248786e-01
 -1.6168404e-01
 -2.6924038e-01
 -1.2042956e+00
  4.2280558e-01
  6.4388913e-01
  3.8866395e-01
  2.7473319e-01
 -4.0126932e-01
  1.1813526e+00
 -1.1993525e+00
  6.5878069e-01
  4.1507918e-01
  3.3322352e-01
 -6.9019371e-01
  1.4072703e+00
  1.2084297e+00
  4.2314699e-01
  1.4580562e+00
  3.1356004e-01
 -4.2984155e-01
  1.1234396e+00
  1.1339800e-01
 -1.2267973e-01
 -5.7121265e-01
  2.7620998e-01
 -2.4707115e-01
 -5.7967049e-01
 -7.2230554e-01
  1.8356055e+00
  3.5602841e-01
 -1.8000495e-01
 -5.7806814e-01
 -2.4183068e+00
 -1.1776571e+00
 -7.5907266e-01
  7.4853462e-01
  1.4386848e-01
  1.0488443e+00
  2.6354125e+00
  1.9657871e+00
  1.0563239e+00
  1.3165720e+00
 -6.4749002e-01
  3.9304969e-01
  3.1752828e-01
 -4.3358117e-01
 -8.7399244e-01
  1.1176781e-01
  5.2708179e-01
  2.3674291e-01
  1.2450956e-01
  1.0955881e+00
 -1.4836155e+00
 -7.4661797e-01
 -1.9667071e-01
 -9.4284374e-01
 -1.4318487e-01
  2.6155049e-01
  1.2778801e-01
  2.6549685e-01
 -2.3690790e-01
 -3.0117783e-01
 -1.9441864e-01
 -7.8248578e-01
 -1.4586775e+00
 -1.2151408e-01
  2.9228100e-01
 -5.0757796e-01
 -2.3384442e+00
  1.1429179e-01
 -1.6688076e-01
  3.7498784e-01
 -2.8148392e-01
  1.6565415e+00
  2.9016511e+00
  1.0200468e+00
 -1.4442426e-01
  1.7439729e-01
 -3.1808290e-01
  9.2269671e-01
  3.0755401e-01
 -9.5141274e-01
  9.2985892e-01
  4.6881348e-01
 -5.3445524e-01
  1.1409612e+00
 -2.2960734e-01
  4.0143740e-01
 -4.2375648e-01
 -1.6780931e-01
  9.0708625e-01
 -3.5990825e-01
  7.0768338e-01
  1.2096602e+00
 -1.4698999e-01
 -1.5118200e+00
 -5.4445124e-01
  4.5344466e-01
  4.6317554e-01
  3.4458017e-01
 -7.1551818e-01
  6.7838806e-01
  4.2859459e-01
 -1.1161695e+00
  7.2342950e-01
 -7.0088929e-01
  1.8530437e-01
 -9.0121543e-01
  9.9421448e-01
  5.2174640e-01
  4.9696600e-01
  4.1831142e-01
 -1.0288872e-01
  1.5140880e+00
 -3.8932618e-01
  2.6221734e-01
  6.8983793e-01
 -4.1426563e-01
 -4.1415086e-01
 -4.2319557e-01
 -1.2365086e-01
  3.2534769e-01
  7.4887371e-01
 -6.9340855e-01
  4.2567465e-01
 -2.5270924e-01
 -1.0214679e-01
 -4.2489734e-01
  1.9127917e-01
  1.5688555e-01
  4.7941220e-01
  1.4710978e-01
 -4.1147476e-01
 -1.3579062e-01
 -7.9818428e-01
  5.6240606e-01
  7.8965461e-01
  1.0122908e+00
  4.0104234e-01
  1.2934934e+00
  1.0791886e+00
 -1.9594491e+00
 -6.8657964e-01
  3.0866778e-01
  3.2379210e-01
 -1.0025663e+00
 -1.4496237e+00
 -7.1831596e-01
 -2.5953519e-01
  2.3520074e+00
  7.4555159e-01
 -1.9944278e+00
 -3.5713032e-01
  2.9456735e-01
 -1.7370968e-01
  6.4990753e-01
  2.4231425e-01
 -1.6982335e-01
  3.7716734e-01
 -1.3673338e+00
 -5.1585138e-01
  5.1041275e-01
 -6.1483938e-01
  2.2267038e-01
 -3.5175052e-01
  3.3378598e-01
  8.3123630e-01
 -4.6048769e-01
 -8.1155604e-01
  3.3427390e-01
 -6.4953226e-01
 -1.4592154e+00
 -6.7128897e-01
 -1.1132768e-01
  2.3242506e-01
  1.9521589e+00
 -2.8702879e+00
 -4.3658254e-01
 -8.4488380e-01
 -2.0332795e-01
 -9.8818451e-01
 -1.4446614e+00
  4.5319211e-01
  7.5910479e-01
  1.1226964e+00
  2.1927235e+00
  2.4281132e-01
  2.4452168e-01
 -6.0369360e-01
  3.7054875e-01
 -1.3763383e-01
  6.4437431e-01
  1.5732276e-01
  4.1613325e-01
 -7.4247676e-01
 -5.6723821e-01
 -5.7496125e-01
 -3.0620387e-01
  4.0798843e-01
 -1.4891149e-01
 -5.1470417e-01
  3.4361175e-01
  6.4290041e-01
  1.9634825e-01
  6.1476249e-01
  2.9060833e-02
  2.9060833e-02
  2.9060833e-02
  2.9060833e-02
  2.9060833e-02
  1.9523690e-02
  1.9523690e-02
  1.9523690e-02
  1.9523690e-02
  1.9523690e-02
  1.3189456e-02
  1.3189456e-02
  1.3189456e-02
  1.3189456e-02
  1.3189456e-02
  7.1277400e-03
  7.1277400e-03
  7.1277400e-03
  7.1277400e-03
  7.1277400e-03
  9.9607809e-03
  9.9607809e-03
  9.9607809e-03
  9.9607809e-03
  9.9607809e-03
  3.5790398e-03
  3.5790398e-03
  3.5790398e-03
  3.5790398e-03
  3.5790398e-03
