1091
2315
4045
1467
335
3653
673
3944
164
45
2957
4016
1936
3498
2335
3221
2546
222
1854
2078
3960
3111
101
1278
3388
1264
1395
3860
3350
3988
1423
29
252
2385
2187
3046
3402
492
3061
2686
2353
3170
58
1108
879
2927
1086
3812
3180
2558
3867
2895
2040
3661
988
1386
3131
2514
1399
199
919
553
3359
1703
342
2789
1143
2736
3268
3106
1045
875
2428
2695
1717
2756
1510
501
3418
728
422
2628
3401
2795
952
2820
3440
2231
808
1999
1646
1544
4037
3142
2126
2673
566
3093
175
191
1218
1683
3185
2218
2099
2642
604
3101
1882
2199
1509
3348
1753
2597
3134
3694
2228
2918
3421
2863
1782
1851
2247
1933
221
3073
688
1408
1085
30
3380
2157
148
2539
3299
3704
283
3726
533
2809
3293
543
2924
3950
3412
2526
2200
2118
3733
201
