10
64 0
64 0
64 0
64 0
64 0
64 0
64 0
64 0
64 0
64 0
-39.510587000000
9.483921000000 0.000000000000 0.000000000000 0.000000000000 9.483921000000 0.000000000000 0.000000000000 0.000000000000 9.483921000000
C -0.655234620000 0.529041570000 -0.139214480000 -0.815390260000 -4.213865930000 -1.775454340000
C 0.615534920000 0.266403340000 1.484214670000 3.521120100000 -6.142301280000 -7.214579210000
C 0.647562130000 2.531286970000 3.797788740000 1.014646990000 0.592409830000 0.476180560000
C -0.086275230000 -0.930173490000 6.087425400000 4.384982920000 -4.545309240000 -4.216074990000
C -1.094008220000 1.841132550000 2.466739400000 -1.721687570000 0.229657280000 0.478607930000
C 0.208816970000 0.976350700000 2.560326730000 6.087344820000 3.508062360000 -7.205597140000
C -0.536078630000 0.578282080000 3.401256520000 -8.975528420000 -3.177769660000 10.632818710000
C -0.809234530000 -0.093549400000 6.597195640000 -4.524120530000 8.308205100000 9.382663120000
C 2.245176040000 3.651413910000 2.582651880000 2.369794520000 -2.590472930000 1.122437280000
C 0.421958610000 5.817731140000 2.840605050000 3.071791590000 -5.380435760000 -0.366646940000
C -0.441362720000 3.866471300000 4.194472710000 -0.380004020000 -3.094387960000 -3.092039710000
C -0.597733600000 4.984587650000 8.559722380000 -2.151945670000 -0.879021810000 -2.167667270000
C -0.916336450000 7.386400130000 -0.344247360000 2.229122600000 2.659847410000 -0.304021500000
C 1.904665340000 6.617614520000 3.307593320000 -2.928174770000 3.379753770000 4.103040450000
C 0.966809870000 8.498683870000 5.319739940000 8.155053660000 -4.591806580000 -3.575988430000
C -2.304535900000 6.313474660000 7.027338880000 4.291239630000 -1.636015260000 0.526499170000
C 1.975813710000 -0.721062510000 -0.391591100000 5.874351670000 -4.310447930000 -19.341386100000
C 1.750267100000 -0.472422560000 0.632283530000 -8.665470830000 9.693939160000 24.492273230000
C 2.680061240000 1.065234010000 4.937319790000 -0.525925910000 -3.528086200000 0.879849190000
C 1.619739900000 0.839753780000 7.222650750000 7.745544130000 0.332911850000 -0.312970850000
C 3.436128900000 3.653889210000 0.713314150000 -0.941622790000 4.503118120000 -4.299365670000
C 4.213032740000 3.203146900000 1.568384470000 5.606731100000 -4.200311680000 6.131458000000
C 2.230959640000 1.777239380000 3.340654270000 -7.549406800000 -8.523039120000 6.301266950000
C -0.744867160000 0.271230660000 8.022183220000 -0.578443110000 0.903349510000 -1.473169450000
C 3.546682970000 4.856896140000 -1.559801520000 1.584616640000 -0.421806520000 -2.593597800000
C 1.492579490000 4.618754880000 2.736983730000 -3.902996920000 6.101771690000 -1.223090370000
C 4.055381520000 4.122233680000 5.457218850000 0.292778120000 -0.942600680000 3.298733530000
C 4.304230130000 4.263164750000 6.911236720000 -3.812368390000 -1.425333890000 -0.844501990000
C 2.359732320000 8.059436070000 -1.450423460000 -3.234756260000 -5.656192050000 -1.916144770000
C 2.942092490000 6.092489820000 2.628781670000 1.128536920000 2.092567090000 -3.822812830000
C 1.892668180000 7.463428530000 4.577736920000 -1.611738460000 -1.428838470000 -0.097656930000
C 1.009060740000 7.499363110000 7.235890300000 -1.542839460000 -1.041209880000 1.404563110000
C 5.265795390000 -2.610980350000 -0.835021310000 -1.682163850000 4.834120010000 -2.236806960000
C 5.120065460000 -2.032859500000 2.163291860000 1.330264420000 -3.441267390000 -1.386158410000
C 4.910660490000 1.763648920000 4.103796940000 0.986236690000 4.286678300000 -1.829836770000
C 2.670823900000 0.071167340000 6.040290320000 -4.411461630000 4.720410370000 -2.292285150000
C 3.959906890000 2.289171950000 -1.660549210000 7.539075730000 8.567043340000 -0.455715970000
C 3.074601830000 2.669287500000 3.383303460000 5.812466090000 12.277054400000 -1.165544810000
C 4.069882440000 3.154987550000 4.536709480000 -1.717612600000 -1.756602860000 -0.694434170000
C 3.149411000000 1.473972030000 7.787693280000 -11.299143600000 -7.658864380000 -1.768175900000
C 3.436299610000 4.765945340000 -0.217399920000 1.037270350000 -1.264690340000 1.626740840000
C 4.833186340000 2.566225730000 2.689108900000 -4.772658300000 0.810024520000 -2.458457700000
C 6.498107640000 5.507009440000 4.512914320000 -1.233943610000 3.221307040000 -1.756265910000
C 3.051432610000 6.245892240000 5.678715830000 0.627142240000 2.871000380000 -1.644612180000
C 4.183736910000 6.504471350000 0.075975690000 -1.730656670000 -0.279394010000 -0.182263920000
C 3.773604750000 6.907936310000 1.438331460000 4.332386110000 -1.316510280000 3.537938320000
C 5.319047610000 6.315324030000 4.314671920000 -0.678429500000 -0.386697950000 4.324466360000
C 2.421595940000 6.614551220000 8.683800520000 2.282715000000 1.160208800000 -1.479449210000
C 9.064067820000 -0.896439180000 0.698993430000 -1.429256360000 1.438610850000 -3.841453030000
C 6.589959410000 -2.215851750000 2.102111090000 -3.840742380000 6.070045070000 2.973509770000
C 8.211027060000 -0.775367450000 4.828245210000 -1.467026940000 0.567258050000 -0.358876710000
C 7.124805140000 -1.049547600000 5.565022580000 0.719705460000 -0.289211840000 -1.240135040000
C 5.562129990000 -1.584156230000 -1.859199420000 0.553324520000 -6.339672850000 2.775053350000
C 7.400559620000 2.166734530000 3.619690190000 -1.223349100000 -4.486598940000 0.528382360000
C 7.933214560000 3.222788100000 3.173879520000 8.653531800000 5.123488230000 -1.500260690000
C 6.230224800000 2.034301050000 4.035721350000 -2.843047370000 -2.961591320000 1.987398000000
C 9.634990380000 4.020537600000 -0.539767880000 0.588286120000 0.026859910000 0.671446240000
C 8.496815530000 5.147293800000 2.952847260000 4.660926720000 1.210620700000 1.057635370000
C 7.708388730000 5.425115780000 3.987467160000 -4.908197630000 1.086648010000 1.482315870000
C 8.060043040000 5.372015310000 7.510867110000 -0.212652250000 3.777448330000 0.626517300000
C 8.894115950000 7.147263060000 -1.913200870000 4.199480310000 -0.032415560000 4.846266550000
C 6.916983970000 8.477952020000 2.926510410000 -0.345016670000 -4.138807130000 -3.284848660000
C 4.230748710000 6.814586080000 5.359828470000 1.713322630000 -3.029276930000 -3.411622700000
C 6.821006690000 7.503052360000 6.458246720000 -4.736010940000 0.756435140000 3.161908630000
-35.649213000000
9.483921000000 0.000000000000 0.000000000000 0.000000000000 9.483921000000 0.000000000000 0.000000000000 0.000000000000 9.483921000000
C -0.222378980000 0.330552580000 -0.138996350000 -1.231909730000 -2.132525810000 0.828218230000
C 1.298936790000 0.659692060000 1.340381520000 -5.588330160000 3.516377510000 7.472548690000
C 0.655291520000 2.064251280000 3.745257310000 -0.360353510000 0.206943540000 1.218683580000
C 0.206796900000 -0.790579650000 6.678890140000 -3.194453610000 -0.849487620000 -2.295226310000
C -0.869988530000 1.479463220000 2.844844360000 2.840530010000 0.366968400000 -0.327254850000
C 0.570012100000 0.769193410000 2.672265450000 -0.846931690000 3.061360200000 -6.559464860000
C 0.131276430000 0.780649990000 3.989932980000 -0.748030620000 -0.999880550000 1.811328440000
C -0.901911400000 0.415291420000 6.853489120000 2.667189100000 -2.909930800000 -2.292731700000
C 2.695396740000 4.011641680000 2.276928210000 -2.921644050000 0.464986650000 1.414918970000
C 0.654305190000 5.914979270000 3.073994860000 -2.372165420000 -6.527530630000 -4.090465400000
C -0.543305380000 3.605720380000 4.010579480000 -0.609268910000 -1.124529360000 -2.377566170000
C -0.830753540000 5.080498540000 8.609304320000 0.121668780000 -0.039865820000 2.132961460000
C -1.387431250000 7.691099540000 -0.207536640000 0.278656990000 -2.156030930000 -1.410683000000
C 1.937792670000 6.267468160000 3.544776700000 0.486005410000 5.020349080000 2.824715680000
C 1.083794040000 8.690069390000 5.011256440000 0.807414610000 -1.325851780000 3.638317390000
C -2.778665560000 6.365304290000 6.968130760000 1.258802610000 -2.619155610000 2.623997220000
C 1.624633600000 -0.555074930000 -0.518248860000 1.074518160000 2.163455290000 8.780754200000
C 1.966149600000 -0.198280340000 0.790077010000 2.264774080000 -4.472934130000 -5.827068730000
C 3.289716130000 1.089332650000 4.759610080000 1.757900200000 1.599196560000 -4.985573010000
C 2.263404130000 0.185638270000 6.838314850000 3.854455480000 -0.529254120000 2.290278250000
C 3.531650950000 3.926637300000 0.875915980000 -1.647257110000 -0.009794150000 -1.251782460000
C 3.742004320000 2.806481900000 1.678767820000 4.610797190000 -0.522970500000 1.700694710000
C 2.879621900000 1.627469300000 3.614540420000 -2.667470150000 1.789447520000 -0.934576840000
C -0.813559200000 0.348818610000 8.125482090000 0.677537680000 3.314189680000 1.680863870000
C 4.133329870000 5.248269110000 -1.625572510000 -5.843331380000 -2.372724340000 1.620895300000
C 1.572908300000 4.822621250000 2.708901840000 1.743650070000 1.021450020000 -1.500912480000
C 3.990264920000 3.756723370000 5.496643510000 -0.166143710000 -0.462035110000 3.887439790000
C 4.037400010000 3.629648310000 6.886322460000 1.749448060000 0.453928630000 -1.525247590000
C 2.082640600000 8.674126920000 -1.644701580000 0.376854170000 -0.657111470000 -5.847863150000
C 2.365119190000 6.625979340000 2.267918480000 2.335645510000 0.245407650000 -2.313578450000
C 2.117332780000 7.221626480000 4.948709980000 -2.869153000000 -0.929359380000 -3.898662230000
C 1.573088490000 7.118877680000 7.681511300000 0.829690120000 -1.806447000000 -0.495474660000
C 5.007984480000 -2.641328900000 -0.843300770000 -0.993679860000 2.087259580000 -2.404585920000
C 4.774490350000 -2.259477790000 2.215718980000 1.922971610000 -1.231918020000 -0.726899680000
C 5.096346180000 1.958135680000 4.106310180000 -1.169329400000 0.456684930000 -3.851614250000
C 2.709651070000 0.449718050000 5.652966980000 -3.509433600000 -4.166965910000 2.424934700000
C 4.215783080000 2.401812480000 -1.667282800000 -2.353465980000 1.040294350000 -3.988621820000
C 2.963374410000 3.137252620000 3.457666890000 -7.485624340000 -1.880305320000 -12.897342040000
C 3.692441350000 3.092744570000 4.385839270000 9.752063110000 4.209959340000 13.478716970000
C 3.909841270000 1.181649140000 7.259590620000 -0.164237750000 2.597231230000 2.633895040000
C 3.382345590000 4.152733970000 -0.533119650000 2.423000760000 1.724863190000 1.942247270000
C 5.097721340000 2.819968040000 2.705952340000 -1.669816370000 -2.174114840000 0.966275850000
C 6.322105030000 5.749968530000 4.299070870000 19.457014510000 -5.046996710000 -12.440516270000
C 3.286539020000 6.593971110000 5.206046690000 -1.386042680000 4.222948560000 0.614244960000
C 4.086659490000 7.059185890000 0.110089350000 -0.359005240000 -1.715849880000 2.112969780000
C 3.604895280000 6.636753080000 1.354996250000 1.640132570000 2.761117840000 2.657587100000
C 5.538211540000 5.921001560000 5.063247290000 -14.862998100000 7.582403930000 12.023133680000
C 2.615684380000 6.224894840000 7.568510380000 -0.543490940000 -0.104743190000 0.999171570000
C 8.833912020000 -0.956282720000 0.431015760000 -0.385693410000 1.575557740000 -1.043399130000
C 6.644909250000 -2.121553130000 2.280674350000 -3.624117360000 4.149896200000 0.548723450000
C 7.834600750000 -0.392577430000 4.946073450000 -3.444575420000 -1.684350040000 4.352644030000
C 7.032905940000 -1.217384550000 6.035235390000 10.346795790000 15.720765280000 -24.488689790000
C 5.558355390000 -1.757408500000 -1.823539880000 -0.697696510000 -3.609527580000 3.599653520000
C 7.025859390000 2.762229930000 3.773007260000 -0.728651900000 -2.554950550000 -1.990178100000
C 8.139641590000 3.165258630000 2.801455420000 0.945647480000 -3.280523320000 4.341046590000
C 6.299827300000 1.318008950000 4.178283660000 2.792187950000 3.958381230000 -0.141889740000
C 9.460609520000 4.358165180000 0.048718900000 -3.728658030000 3.651888230000 -4.174628610000
C 8.656847220000 5.220471730000 2.492431340000 0.138986910000 2.398335750000 4.332817140000
C 7.993228810000 5.562964570000 4.327001020000 -3.477691950000 -0.773292830000 -3.332439990000
C 7.709982030000 6.153888720000 7.937558200000 4.429155720000 -3.382594880000 2.571031560000
C 9.419942470000 7.490742230000 -1.974884290000 3.929170280000 0.370833550000 -1.577490230000
C 7.111954420000 8.679921600000 2.520532200000 -0.969389420000 -4.380420950000 -0.433274530000
C 4.469297770000 7.157458280000 5.009824360000 3.242307710000 -5.431385080000 1.187333620000
C 6.774326830000 7.751550050000 6.967495340000 -8.134931330000 -7.867123470000 16.712659400000
-41.144955000000
9.483921000000 0.000000000000 0.000000000000 0.000000000000 9.483921000000 0.000000000000 0.000000000000 0.000000000000 9.483921000000
C -0.782499350000 0.252139520000 0.117505780000 3.566595020000 -2.861924880000 1.673689400000
C 0.682102570000 0.572980570000 1.068392150000 2.544767760000 -4.288657260000 -2.659409310000
C 0.379707750000 1.913314670000 4.312234560000 0.205888800000 0.455887650000 -0.689294370000
C 0.987020110000 -0.215768690000 6.337516400000 -0.756848420000 2.700667680000 2.511145160000
C -0.877319600000 1.072678880000 2.566842190000 -6.332865520000 2.667599900000 1.144782120000
C 0.274246540000 0.729323010000 2.345819410000 4.494422110000 -1.163574980000 -0.466245470000
C -0.175689640000 0.537899550000 3.920425330000 -3.090707730000 3.013168900000 -0.205656440000
C -0.045209850000 0.405342780000 7.177801290000 -3.819478150000 -0.412406700000 1.854024610000
C 2.919653530000 4.470530680000 2.446728330000 4.337085610000 -0.341113180000 -11.221870540000
C 0.964704440000 5.956310200000 3.079201530000 4.606881100000 -0.561418260000 -0.139659580000
C -0.136691750000 3.201913990000 4.179763150000 0.007394580000 -2.424277530000 -0.765323810000
C -1.708452500000 5.694193590000 9.015728270000 5.400046520000 0.975293500000 -0.191939620000
C -1.442675090000 7.125469010000 -0.244059220000 2.135510120000 -0.816638540000 1.620674310000
C 2.322574320000 6.601947090000 3.960798380000 0.505955330000 2.544127730000 1.814314080000
C 1.304522820000 8.277044630000 5.442499810000 -0.991849170000 0.741712590000 -0.438440100000
C -3.296070360000 6.353240740000 7.300068000000 1.176791910000 0.822279610000 0.299927350000
C 1.239188090000 -1.081916220000 -0.471692290000 0.571931220000 -0.793268570000 -0.972385610000
C 1.707447200000 -0.375041660000 0.595135010000 -3.392858070000 2.366946300000 0.506064000000
C 3.727901730000 1.854979080000 4.410601780000 0.370800380000 -0.883402150000 -1.284013000000
C 3.215181990000 -0.142780430000 7.246730420000 0.599969490000 3.839834420000 -0.906150390000
C 3.306502670000 3.682312520000 1.163098590000 5.641289040000 -1.256680930000 0.634637780000
C 4.487734510000 2.971957360000 1.678075500000 -0.420281080000 -1.458966950000 3.157763880000
C 2.413534600000 1.319298770000 3.943604030000 -0.264837700000 -1.686152170000 6.141050220000
C -1.153292210000 0.474708180000 8.301370890000 4.900744400000 -1.709932500000 -5.339175030000
C 4.004168350000 5.049220570000 -1.438805650000 -2.023746100000 0.006997120000 -1.339009750000
C 1.776660860000 4.773428150000 2.835436310000 -8.882005140000 5.573895450000 3.823958120000
C 3.648284210000 3.696358210000 5.848468530000 0.424735280000 2.403177560000 -2.005302260000
C 4.492002280000 3.690354890000 6.812243550000 -0.653555850000 -1.524737370000 5.174108380000
C 1.789331380000 8.393573570000 -1.833071220000 1.235411900000 1.448322890000 0.694036000000
C 1.899240540000 7.293334410000 2.686225780000 -0.121024790000 -4.072416650000 0.915728640000
C 2.428063970000 7.838773680000 5.007405960000 -1.460512680000 -3.520267140000 -1.775666560000
C 1.865989910000 6.661468170000 7.584367500000 -1.491538620000 1.890361560000 1.196621790000
C 5.066699440000 -2.697435780000 -0.815218880000 -2.446229770000 2.019903560000 -0.239925750000
C 4.799404610000 -2.181121640000 1.811229750000 1.261749870000 -3.190735950000 0.594752160000
C 5.202338480000 1.653379370000 4.031235460000 -1.773653230000 -1.880251830000 2.420276060000
C 2.112799470000 0.650464210000 5.558194160000 0.515758520000 -1.051651980000 -1.112659920000
C 4.192243990000 2.373417620000 -1.791816160000 0.138698350000 1.567253180000 -1.267070480000
C 3.099743710000 3.766823740000 3.458814440000 -0.228403520000 -0.700639570000 5.629249860000
C 3.585367880000 3.311842120000 4.577509310000 -1.433974640000 -1.251850660000 0.974973620000
C 3.931312870000 1.113279550000 7.609063630000 -2.827330950000 -2.552606360000 -0.412302640000
C 3.185108480000 4.096816770000 -0.913301590000 0.633145490000 -1.777749950000 3.487206980000
C 5.092637960000 2.367765200000 2.979013390000 -4.246327690000 5.419509220000 -10.759381240000
C 6.570602730000 5.140617120000 4.659535740000 0.359994780000 6.143601440000 0.079698460000
C 3.282916160000 6.215439370000 5.152766020000 -1.501522410000 2.252225060000 -2.660223720000
C 4.066970870000 6.772629210000 0.203828430000 3.080764400000 -0.143252150000 1.737109640000
C 3.853165360000 6.331304430000 1.842612040000 -0.801164400000 2.387713340000 -4.000198940000
C 5.494699310000 6.306722110000 4.948378040000 3.715144350000 -3.088988610000 -1.426471590000
C 2.950618530000 6.064265670000 7.998340650000 1.631779050000 -2.322854350000 -0.556204770000
C 9.056935910000 -1.292838630000 0.406082530000 -4.840731590000 -0.317460680000 -3.155101000000
C 6.066608200000 -2.049114940000 2.327192990000 -0.410984320000 3.781393310000 -0.601541570000
C 7.737561270000 0.270272780000 4.565275050000 -0.229105230000 -2.635709670000 3.473874390000
C 7.601599780000 -0.911338420000 5.765247120000 -0.797681860000 4.392095730000 0.671667520000
C 5.402259530000 -1.986189120000 -2.141886650000 -0.260200430000 -1.023298780000 2.594605550000
C 7.322051720000 2.785569860000 3.828289030000 -1.511983830000 -3.506213070000 0.291071310000
C 8.196602020000 3.322464110000 2.910909360000 -0.059552460000 -1.488806990000 3.121526010000
C 6.559364280000 1.581984410000 4.287766040000 6.397175910000 0.047301960000 0.394619300000
C 8.930591110000 4.517447640000 -0.116604810000 -4.302539530000 4.001529020000 -0.480503640000
C 8.428683050000 4.659156390000 2.839685110000 0.556412650000 3.185631430000 2.114606620000
C 8.120474580000 5.423010350000 4.359113580000 -4.507487210000 -2.161735550000 -2.481004390000
C 7.529474560000 6.464638880000 7.578866820000 -0.545908060000 -1.766565450000 2.184485290000
C 9.994876730000 7.200391990000 -1.569086280000 2.945793330000 -0.136962900000 0.237093030000
C 6.811304640000 8.482959530000 2.582016460000 -0.213961730000 -1.491653400000 0.369153760000
C 4.422352360000 7.145745630000 5.087592520000 1.903394980000 -4.662846050000 0.287073060000
C 7.234657390000 8.503805180000 7.250713670000 0.774819650000 0.279239570000 -4.273436940000
-32.867602000000
9.483921000000 0.000000000000 0.000000000000 0.000000000000 9.483921000000 0.000000000000 0.000000000000 0.000000000000 9.483921000000
C -0.583792240000 0.055680100000 0.079958940000 3.329189080000 -0.928761750000 -0.282810060000
C 0.965861480000 0.455266140000 0.658269470000 -4.689663890000 1.198170970000 0.609566390000
C 0.151126280000 1.791503190000 4.594362240000 1.444853850000 -10.988414620000 0.665969720000
C 0.900403460000 0.177738160000 6.209341210000 -1.021856920000 3.198277410000 3.312924930000
C -0.841830760000 1.298187560000 2.651239600000 2.795078410000 -2.220334170000 -0.826818610000
C 0.349188490000 0.650758210000 2.410167810000 -2.365826880000 1.726038300000 0.528356920000
C -0.114774410000 0.396665000000 4.218277350000 -0.469229280000 1.514853400000 -1.346305980000
C 0.070873340000 0.846089040000 7.299204960000 -0.614612690000 -2.968123230000 -1.957959640000
C 2.496623240000 4.618697980000 2.046042150000 0.903793610000 -4.933217020000 0.433900330000
C 1.262034850000 5.898173760000 3.276988710000 2.019985440000 3.374463180000 0.155371870000
C -0.076506790000 2.926377630000 4.425776060000 -2.839365900000 10.208685780000 -1.449911560000
C -1.747080510000 5.831681990000 9.085008310000 4.796286180000 -2.174006450000 -1.754338510000
C -1.333610000000 7.182657050000 -0.490821360000 2.715714800000 1.002702270000 0.830438070000
C 2.412994020000 6.818616750000 4.242707930000 3.055884490000 1.267317060000 0.100968670000
C 1.120714940000 8.696423620000 5.225014530000 1.164110780000 1.280030350000 -0.205020650000
C -3.382061070000 6.088961800000 7.495360900000 -15.295009800000 -0.002975890000 -2.491091100000
C 1.205188230000 -0.998372360000 -0.727056350000 -3.791648450000 -0.594290790000 2.510075060000
C 1.665765370000 -0.522649400000 1.165080730000 0.668959920000 -1.511306410000 -0.368635870000
C 3.794573700000 2.156852280000 4.633881740000 -1.566997640000 -0.505033330000 -0.938318250000
C 3.011201820000 0.053157380000 7.129499680000 0.055980510000 0.149299900000 -1.002533610000
C 3.025380280000 3.498087360000 1.062900960000 1.347461150000 4.182421750000 1.489421220000
C 4.080352690000 3.042593600000 1.985468350000 -2.069019130000 1.223391650000 -3.788473630000
C 2.477816620000 1.168551840000 4.022519740000 1.273503570000 1.100362800000 5.490168290000
C -1.248131420000 0.394777700000 8.029542750000 4.872623050000 -2.717774410000 1.780244600000
C 3.990634790000 5.249843440000 -1.187386910000 -4.896790860000 -1.481411100000 0.019738560000
C 1.254732230000 4.655533530000 2.735124880000 -0.153948130000 2.725096230000 -0.303605030000
C 3.518098430000 3.292181950000 5.910180400000 2.602220560000 -0.969068920000 -4.353526730000
C 4.652157250000 3.590242620000 6.713079670000 -3.756810200000 -2.666311600000 2.353233300000
C 1.910298790000 8.029191840000 -1.702762140000 5.433452630000 3.699812250000 -2.379641480000
C 2.183976300000 7.134914990000 2.770594750000 -0.168429600000 -3.314082630000 0.545088900000
C 2.481135990000 8.082339740000 5.040068590000 -5.918511210000 -1.171655740000 -0.652959390000
C 1.777827380000 6.742109950000 7.438115950000 0.622709030000 -2.562539850000 0.316652060000
C 5.210077360000 -2.579787740000 -0.965396770000 -5.003551920000 0.257585720000 1.581916350000
C 5.006381700000 -2.359400380000 1.774526970000 -6.504248960000 -3.572867880000 -0.945691170000
C 5.232061090000 1.459784090000 3.730102000000 -3.149606130000 5.848455860000 -1.443280520000
C 2.279242280000 0.875195200000 5.443286970000 -1.379488210000 -1.287563470000 -1.271576610000
C 4.328480510000 2.405681920000 -1.682684680000 -1.997524330000 -3.060582920000 -3.396658790000
C 3.181741690000 4.261324870000 3.339193740000 -0.542860390000 -0.074159680000 -2.800032460000
C 3.127256560000 3.556641090000 4.424381920000 2.636739260000 -1.455621940000 3.476439100000
C 3.797684420000 1.044634930000 7.476449960000 1.418712450000 4.717513210000 1.275696000000
C 2.924386010000 4.311200810000 -0.624023030000 3.245727560000 0.953046500000 0.530747630000
C 5.011332310000 2.458554780000 2.600216100000 0.621453510000 -4.226972620000 2.887452800000
C 6.397881560000 4.898625390000 4.463635870000 0.909741500000 4.546179130000 1.481607510000
C 3.804740460000 6.400442220000 5.173535810000 3.451535820000 1.449062740000 -1.179651590000
C 4.070185920000 6.921346580000 0.095038370000 1.996529820000 -1.589949040000 1.215454180000
C 3.739178110000 6.566875550000 1.535323520000 2.103767170000 2.699541610000 -1.618963190000
C 5.523795980000 5.953891800000 5.216289320000 -0.708490480000 -0.286522960000 -2.886265760000
C 2.747046170000 5.838652670000 7.811611730000 -0.400215860000 -1.949583810000 1.658129350000
C 9.216474430000 -1.465189920000 0.589169620000 -3.624241190000 2.181535970000 -3.503228820000
C 6.099745020000 -1.962877650000 2.217805440000 1.459998850000 -0.282454600000 0.325910140000
C 7.303548590000 0.257441040000 4.887491270000 2.204598810000 -2.554734660000 2.939307520000
C 7.821769010000 -0.889828890000 5.789450090000 -2.878505900000 4.456343990000 -1.036571630000
C 5.337351580000 -1.816426940000 -2.059054090000 1.404104910000 -0.757753530000 -2.532245850000
C 7.287075020000 2.590864960000 3.950745420000 1.172606160000 -0.503717710000 -2.001492650000
C 7.773780370000 3.434469220000 2.933035340000 -0.676615430000 -2.618092700000 1.880044580000
C 6.470329230000 1.599984890000 4.384388230000 3.727877800000 -3.436974240000 1.019069320000
C 8.799400030000 4.402919810000 -0.208295360000 -3.652179000000 4.695970020000 -0.338619840000
C 7.512175890000 4.708055480000 3.292580270000 -1.579159390000 2.292594170000 2.606099420000
C 8.129607600000 5.323201570000 4.339368050000 -2.168214150000 0.058963560000 -0.178687320000
C 7.203540650000 6.351239630000 7.650309200000 15.584857510000 -0.807309840000 4.048860940000
C 9.770572510000 7.561919050000 -1.569683760000 1.160520650000 -1.506067720000 1.442901670000
C 6.763676390000 8.553747510000 2.415810740000 2.188811210000 2.545838860000 1.058573360000
C 5.054247050000 7.427873310000 5.522259580000 -1.402389720000 -4.750963580000 0.979427630000
C 7.612392480000 8.582540700000 7.683635700000 0.895621610000 1.877646150000 -2.314840060000
-31.678087000000
9.483921000000 0.000000000000 0.000000000000 0.000000000000 9.483921000000 0.000000000000 0.000000000000 0.000000000000 9.483921000000
C -1.035966630000 -0.174902470000 0.039244470000 1.162047920000 0.912147310000 -2.990374100000
C 1.107029650000 0.478577620000 0.887401000000 -1.167648190000 -1.998131350000 4.793144750000
C 0.296021630000 1.964537330000 4.487506900000 2.180180270000 4.356905410000 -1.409128290000
C 0.719213150000 -0.294248130000 6.718912280000 -0.897792190000 1.204179430000 -3.576979480000
C -0.901778630000 0.794705160000 2.724493410000 5.243567440000 -1.858564790000 0.781705590000
C 0.409610550000 0.539862720000 2.415962490000 -2.609013120000 1.836550130000 -3.801941930000
C -0.161198210000 0.534532760000 4.332131820000 -0.235799240000 1.339484450000 -0.992625020000
C -0.307857560000 0.892142960000 6.571162280000 0.435549610000 -3.331015740000 6.157113710000
C 2.663009150000 4.423869790000 1.917734180000 -1.438352190000 -0.660590030000 1.743981150000
C 1.691134860000 5.971949180000 3.255640400000 -1.687389580000 5.725758360000 -2.464992660000
C 0.474300370000 3.464675500000 4.245334980000 -1.047930220000 -5.235331040000 -0.060954270000
C -1.552593740000 5.737203170000 9.019408030000 0.032525730000 3.188920380000 -1.250409770000
C -1.375140090000 7.289389100000 -0.520686230000 3.170718780000 -2.283261350000 0.449634070000
C 2.152385350000 6.920151600000 4.026057240000 4.992242160000 5.299013490000 1.042809720000
C 0.882488330000 8.916735100000 4.800590100000 -0.092082130000 1.765952440000 4.627154780000
C -3.083924530000 6.410305490000 7.468255850000 -5.037029640000 -0.111136800000 1.896312910000
C 0.704465650000 -1.212225300000 -0.839099390000 4.093127680000 -0.486505000000 1.312208080000
C 1.420416330000 -0.874000220000 0.830886320000 -2.082170460000 -0.386918340000 -1.987612310000
C 3.830005620000 2.221086880000 4.616402870000 3.875736770000 -10.531461430000 -0.146858480000
C 3.212498040000 -0.159111740000 7.307361130000 1.731992520000 3.183545070000 -0.238973430000
C 2.754974730000 3.305962090000 1.077126840000 3.857186810000 2.207854670000 -1.159536170000
C 3.966005050000 3.189708180000 2.397061030000 0.145217380000 -1.149696840000 -1.794211400000
C 2.612213260000 1.151139360000 4.433353710000 0.066246310000 -1.175970870000 2.680648000000
C -0.882886660000 0.292171150000 7.967138550000 -0.819374940000 -1.420221700000 -1.192151640000
C 3.965492920000 5.410188090000 -1.416992640000 -3.459942450000 -1.136204580000 1.532231350000
C 1.705379710000 4.668554950000 3.208382020000 2.307273600000 -5.484619560000 -2.415875080000
C 3.619879870000 3.067090570000 5.630907380000 0.152554830000 3.311599360000 4.136434720000
C 4.200134610000 3.515281710000 7.079690120000 -1.331450970000 -2.949771900000 -1.133761700000
C 1.892658690000 8.128384170000 -1.960307500000 -0.229491250000 6.221670900000 -0.508187120000
C 2.426631900000 6.952150350000 2.275268520000 -1.074893220000 -1.375383830000 3.492393660000
C 2.327619760000 8.191063410000 5.400789520000 -3.427870090000 -1.286469020000 -5.390777860000
C 1.771340380000 6.721491910000 7.267063950000 -1.561613500000 2.327787400000 0.369448910000
C 5.139507500000 -2.826786980000 -1.252133640000 -1.529722210000 -4.141641330000 2.822464640000
C 5.037991610000 -2.617467360000 1.985629570000 -6.756746160000 -4.109841760000 -1.602766120000
C 5.080052800000 1.620849520000 3.882024930000 1.378106640000 3.161407090000 -2.273454960000
C 2.342623330000 0.209205810000 5.495884800000 0.012556140000 -0.788330780000 -2.523180530000
C 4.412308890000 2.251625100000 -1.720079780000 -1.700708120000 -0.115469450000 -2.627803810000
C 3.338359160000 4.551599240000 3.531707860000 -0.570686130000 -3.034002330000 1.738323600000
C 3.160127830000 3.222835520000 4.126994610000 -0.875430690000 7.655911720000 0.000724670000
C 4.135577560000 0.932610860000 7.401422660000 -3.723590590000 -1.360282790000 1.840882530000
C 3.050958420000 3.890958780000 -0.459979650000 0.188590940000 -0.725183670000 1.478625320000
C 5.282420710000 2.391057710000 2.616262900000 -4.772617630000 0.515671790000 1.330862280000
C 6.395501090000 4.884247770000 4.245278070000 -7.114147090000 8.306143030000 12.806715890000
C 4.005496100000 6.016722770000 4.803937920000 -4.273009730000 -1.758541400000 -3.356038840000
C 3.985228960000 6.698834820000 0.161700850000 0.262961040000 -0.949434900000 0.070293740000
C 3.693702710000 6.283752050000 1.634933140000 2.025885170000 3.823196470000 -1.836660860000
C 5.218062820000 6.043021690000 5.175498980000 2.758478900000 1.319948510000 -1.170998050000
C 2.576107980000 6.006138720000 7.938819560000 4.939759500000 -3.850121750000 0.763623520000
C 9.067538930000 -1.369478190000 0.567072090000 -0.824033980000 1.267931410000 -2.025181930000
C 6.214680660000 -2.245327780000 1.818646170000 2.487973990000 -1.409102090000 -0.742208210000
C 7.554872500000 0.386014550000 5.147644700000 1.016897870000 -2.950940600000 -1.641156940000
C 7.448643100000 -1.097337080000 5.436600810000 -1.710896780000 4.560558140000 4.169729360000
C 4.946111380000 -2.123886170000 -2.345753020000 0.178211170000 2.286819180000 -0.097700160000
C 7.114439210000 2.486266790000 3.963245230000 2.792167860000 3.316336990000 -2.577786330000
C 7.779034460000 3.568714120000 3.451151430000 3.248130190000 -6.108581700000 0.117092980000
C 6.522652020000 1.380839930000 4.148826600000 0.106560930000 -4.336056940000 4.987506240000
C 8.766851220000 4.790802690000 -0.311214870000 0.716987150000 -1.559498170000 0.589433660000
C 7.070092390000 4.613092980000 3.296231580000 4.474404740000 1.366539490000 -9.529968280000
C 7.837901160000 5.296523300000 4.462867670000 -1.993040360000 -0.990145460000 -0.100346270000
C 7.643841160000 6.403733140000 7.656359940000 1.651762660000 -0.765919090000 1.500187420000
C 9.497122620000 7.373198510000 -1.630323960000 -1.770612730000 -0.782960200000 1.565016400000
C 6.345890700000 8.388879030000 2.296588370000 1.537665870000 3.957093580000 1.498015240000
C 5.141992290000 7.603401720000 5.910787380000 0.628989630000 -2.385257630000 -4.471383620000
C 7.315062070000 8.777511140000 6.918340180000 1.962827380000 0.563640020000 -3.202733300000
-40.669518000000
9.483921000000 0.000000000000 0.000000000000 0.000000000000 9.483921000000 0.000000000000 0.000000000000 0.000000000000 9.483921000000
C -1.053739490000 0.009739990000 0.200850480000 3.690256630000 -1.308837290000 -1.465003870000
C 0.909659770000 0.112280140000 0.919134200000 -0.403042860000 -2.158552700000 4.242855080000
C 0.664623700000 1.709040500000 4.177610300000 4.858457090000 7.559396230000 2.602294030000
C 0.549726000000 0.060478960000 6.540510250000 0.784442760000 1.336754290000 -3.530574610000
C -0.639927570000 0.959421900000 2.840330020000 -2.669806190000 0.083240790000 1.852228820000
C 0.392150650000 0.588240200000 2.235047210000 3.744389040000 -2.167065170000 -7.688509680000
C 0.147313740000 0.569158550000 3.999170320000 -2.852817550000 -5.415571520000 0.227291500000
C -0.324757910000 1.150143550000 6.353364030000 -0.864517960000 -2.207192700000 0.519002010000
C 3.138324300000 4.246596340000 2.248770440000 -1.925323860000 -1.612572990000 1.442739180000
C 1.698219350000 6.086714110000 2.914456340000 1.030290240000 2.969055650000 3.416513590000
C 0.636722000000 3.408938500000 4.693307990000 2.505302800000 -2.467285690000 -2.698359660000
C -1.049443280000 6.055843950000 9.238628870000 0.738840120000 -4.065808840000 1.479430340000
C -1.072375400000 7.417649650000 -0.255022640000 -0.682907500000 -2.058949820000 3.480314630000
C 2.076153600000 7.250116180000 3.862051790000 0.211024960000 -3.742016660000 -5.758463860000
C 0.674771500000 8.494748040000 5.009549330000 -7.165229290000 6.062733640000 2.468500650000
C -2.602966440000 5.953578830000 7.550443510000 -2.429084030000 -1.934292020000 1.320109460000
C 1.277749710000 -1.371574140000 -0.522858050000 1.323299970000 -0.287142900000 -0.622815520000
C 1.821984520000 -1.141826150000 0.719829600000 -3.415055410000 1.981227780000 0.478497910000
C 3.756969950000 1.926687000000 4.898890940000 -0.613581740000 0.762371850000 -0.693630160000
C 2.814239750000 0.347206350000 7.093109870000 -2.589013800000 -3.230716780000 -3.646653840000
C 3.052779330000 3.333636170000 1.003256580000 -1.103711890000 3.713957920000 -1.353097700000
C 3.559846650000 2.541320960000 1.841388620000 8.110395400000 -3.008129500000 7.003511420000
C 2.446775750000 1.413474100000 4.497227920000 -0.289735990000 -0.023030560000 2.608093970000
C -0.789925260000 -0.118805080000 8.294314850000 -2.141270140000 0.857138370000 -0.730613860000
C 4.128331840000 5.355674510000 -1.493793430000 -4.877878640000 -7.804352430000 -2.742132080000
C 1.871234520000 4.418795890000 3.434241600000 0.075825740000 2.754092930000 -2.993484120000
C 3.763874240000 3.153583930000 5.576232580000 -2.334632190000 -0.432422990000 2.992679330000
C 3.602325130000 3.454812230000 7.134516670000 4.596552340000 -2.394755030000 -0.544157140000
C 1.702382790000 8.017403330000 -1.848786080000 -4.938477380000 17.607141550000 2.753879430000
C 2.437642730000 7.059669570000 2.087098040000 0.476305130000 -1.864168640000 0.966259570000
C 1.832473730000 8.104133790000 4.857977310000 5.193599450000 -3.328300120000 -2.135589320000
C 2.042950390000 6.950414800000 7.494763410000 10.817096850000 -19.740788600000 -1.607841850000
C 5.089536720000 -3.322170110000 -1.188762080000 6.265115380000 5.784405470000 1.508903880000
C 5.003896910000 -2.450531380000 2.188699290000 0.738534360000 -2.113864570000 -3.376873320000
C 5.615391690000 2.300913040000 3.584618650000 0.387012490000 -3.813288550000 1.040273280000
C 2.064516830000 0.479990730000 5.931917550000 -1.547830710000 -0.020858390000 0.629306600000
C 4.207551040000 2.312910200000 -1.494239170000 -4.457133300000 -0.454932140000 -2.114413450000
C 3.328638140000 4.521250690000 3.740980060000 -1.177289190000 -0.800335550000 0.684018880000
C 2.764591420000 3.060006080000 4.335233060000 1.862076610000 1.670561290000 4.155505850000
C 3.711523000000 0.996143640000 7.578373660000 4.821577250000 7.537966180000 3.548194190000
C 2.876643950000 3.583499550000 -0.247018210000 -0.238447600000 0.352687260000 -3.663344080000
C 5.183863800000 2.400285570000 2.361629100000 -6.067572420000 0.757405280000 -1.788642150000
C 6.482990270000 5.107954500000 4.513454910000 3.055030230000 4.650998440000 0.652997000000
C 3.956995330000 5.473891590000 4.771996080000 -2.493840520000 -2.827265770000 -3.160549710000
C 4.038244080000 6.208203140000 0.116604810000 1.784010690000 0.991943850000 -3.472588890000
C 3.910884500000 6.435399950000 1.477158630000 -1.228719040000 2.294998070000 1.076454100000
C 5.147407610000 5.874321700000 5.090779110000 2.910475730000 1.655625580000 -0.917678950000
C 2.966494620000 5.954441860000 7.939929180000 -4.976599420000 4.732951640000 0.152976930000
C 8.432125710000 -1.305689340000 0.861035700000 -2.251030710000 4.319717270000 -0.795447760000
C 6.296507930000 -2.199842900000 1.785718000000 -2.024549740000 5.650684640000 4.559543700000
C 7.355112670000 0.351161140000 5.266658430000 -2.121104840000 -2.719512960000 -1.861895160000
C 7.492174300000 -1.106745130000 5.456365300000 -1.915606120000 5.064595860000 3.308689870000
C 5.365158430000 -2.147112290000 -2.290831630000 0.811346010000 -0.237051800000 -1.310978540000
C 7.289986590000 2.453604170000 4.016174990000 -1.525698280000 -1.184934530000 -1.530180570000
C 7.818098730000 3.438016200000 3.330809960000 -0.689389750000 3.738662130000 0.362365710000
C 6.468385030000 1.322314650000 4.264132110000 5.428133560000 0.848830090000 2.746363690000
C 8.824295330000 4.840858830000 -0.437692440000 0.074779210000 -0.695409570000 0.051363400000
C 7.151104050000 4.720593230000 3.281408210000 0.495962050000 -2.542955440000 3.820247330000
C 7.949157030000 5.592554410000 4.894338660000 -4.448055880000 -1.841807440000 -1.701076640000
C 7.899973420000 6.793484360000 7.633010530000 0.056555680000 6.260932610000 -2.862447640000
C 9.337365970000 7.105770910000 -1.275938280000 -3.088898770000 -1.067388130000 0.846783860000
C 6.462135120000 8.664699900000 2.343666560000 1.141223270000 -4.907826420000 -2.438507390000
C 5.135220770000 7.235074680000 5.848335760000 2.140540680000 -3.134603950000 1.606202130000
C 7.381705590000 8.280705430000 7.045623880000 1.419401000000 -2.386088490000 -1.398839790000
-40.210934000000
9.483921000000 0.000000000000 0.000000000000 0.000000000000 9.483921000000 0.000000000000 0.000000000000 0.000000000000 9.483921000000
C -0.731532760000 0.141993270000 0.130764300000 -0.121207530000 -4.144850810000 0.105028390000
C 0.891393730000 0.357761950000 0.986783010000 -2.602786380000 -4.160897670000 1.111495560000
C 0.866991610000 1.779392230000 4.204392890000 -0.872407950000 2.276780560000 1.417365240000
C 0.913434370000 0.323420670000 6.424189960000 -3.233863510000 -1.063743430000 2.383576180000
C -0.959564160000 0.980817630000 2.550539330000 -10.928314600000 5.008362730000 3.051089520000
C 0.131143660000 0.533736110000 2.389407510000 11.516300500000 -3.842902790000 -1.713595470000
C 0.916345930000 0.469160090000 3.933342430000 -4.396808350000 -2.106867080000 -3.067958310000
C -0.427184250000 0.783400330000 6.811978000000 1.356283960000 -4.144930160000 2.062709320000
C 3.382336100000 4.385858230000 1.957358000000 -3.776919620000 -0.628427060000 0.697000940000
C 1.818902240000 6.493090640000 2.934448450000 0.433028160000 -8.795063100000 -13.493942110000
C 0.914562950000 2.966105780000 4.845003300000 1.488903750000 -0.695336500000 -2.122356250000
C -1.369895480000 5.795785350000 9.323709120000 -0.467645070000 3.079464490000 2.129846090000
C -1.236836070000 7.323777800000 -0.405295360000 -2.015079760000 -2.902223280000 7.183870880000
C 2.003241210000 7.084071690000 3.885752110000 0.057368150000 11.907535890000 16.100290780000
C 0.551129620000 8.770530980000 5.011152110000 -2.771319320000 7.316388680000 -0.392133070000
C -2.666053480000 6.155510470000 7.304847890000 -0.632626230000 -1.311539920000 -1.165471080000
C 1.131830100000 -1.635957400000 -0.769164960000 -2.556022570000 -1.644398510000 4.844719730000
C 1.729165380000 -1.198881420000 0.776126160000 -1.626152210000 -1.016611480000 -1.830132790000
C 3.684095500000 2.042523610000 4.525101160000 2.123750220000 -1.106633140000 0.321046130000
C 3.195512340000 0.275185450000 6.417560690000 9.305601980000 -6.096179560000 5.839307930000
C 3.051081710000 3.321259650000 0.996200550000 4.257200570000 1.584907310000 -2.258442870000
C 4.286646940000 2.645558730000 1.729070540000 -11.503940300000 2.191373120000 -12.533996740000
C 2.327240410000 1.445738400000 4.555354870000 2.938278040000 -2.615295090000 3.978512350000
C -1.074101470000 -0.150984020000 7.747756490000 0.320589420000 1.569582290000 -0.704710730000
C 3.616370820000 5.370023680000 -1.598647660000 3.739081380000 -2.476960240000 2.586221920000
C 1.939651520000 4.521127400000 2.995164510000 3.671843280000 2.745465900000 -0.554020140000
C 3.643181860000 3.164860310000 5.915756950000 -2.468438310000 -0.405080160000 -2.028518350000
C 3.545573350000 3.405533770000 7.386438060000 -1.084659380000 2.844453210000 -0.736771590000
C 1.649007280000 8.414485620000 -1.788781310000 2.325894120000 1.754123140000 -6.476661650000
C 2.809440890000 7.122225510000 1.530467750000 -26.492259430000 10.046825080000 -0.872844960000
C 1.594588540000 8.147835690000 4.887235200000 6.877636920000 -11.011591660000 -5.020187580000
C 2.101978310000 6.946782450000 7.429599390000 -8.213761220000 12.786660490000 -7.230673810000
C 4.909493960000 -3.428807310000 -1.143334100000 -0.654038800000 -0.603078880000 1.307705470000
C 5.051620000000 -2.325438460000 2.334040380000 -4.719314050000 -2.178412180000 -1.024642230000
C 5.184698380000 1.911996410000 3.745029690000 -2.945866540000 -0.096866900000 4.057413510000
C 2.223913090000 0.804558950000 5.995070980000 -11.806592580000 4.808481360000 -6.932948380000
C 4.234921630000 2.327363700000 -1.822638910000 0.838221800000 -7.734604530000 -1.387072130000
C 3.036571310000 4.216096050000 3.979747250000 -2.209819640000 5.265320540000 -0.715054660000
C 2.516577410000 3.019414900000 4.688528090000 2.121579810000 6.406009750000 3.156082370000
C 3.970519400000 1.012664630000 7.049502800000 3.866412100000 6.489728080000 4.595668850000
C 2.802138270000 3.845217830000 -0.433225510000 0.447013960000 -2.218073950000 1.783605010000
C 5.014812910000 2.721581840000 2.596574280000 9.128869000000 -3.140621400000 11.763414950000
C 6.827304020000 5.497563450000 4.513606650000 5.663153490000 -0.651067590000 -1.364689100000
C 3.821508030000 5.609938430000 4.662286080000 -4.178255960000 -6.820080250000 -2.801125920000
C 4.492239380000 6.371146390000 0.063295690000 -0.002262810000 0.630904980000 1.380427470000
C 3.840153420000 6.697156170000 1.590709620000 21.949711390000 -8.161587730000 -2.529741290000
C 4.728322620000 6.138970520000 5.340063980000 -2.846845670000 -7.027987660000 -3.805090830000
C 2.670160020000 6.304114030000 8.190276240000 6.707538950000 -9.876102510000 5.013582150000
C 8.137327510000 -1.140223370000 0.622676320000 2.488448050000 2.010820870000 -3.789447340000
C 6.304227840000 -2.484407950000 2.104785560000 4.517718270000 0.152381020000 -0.018571460000
C 6.850833630000 0.409923520000 5.413374690000 -0.953882510000 -3.634980680000 0.561650700000
C 6.953971270000 -0.896676280000 5.585678560000 1.158386500000 0.849371950000 4.165397410000
C 5.494139760000 -1.581965440000 -2.744457060000 1.622117260000 -0.062039230000 -1.294465090000
C 7.381487460000 2.026600110000 3.916546400000 2.168419760000 2.676309560000 -2.546034980000
C 7.507481350000 3.507296240000 3.566437980000 -0.702550470000 -5.821034720000 0.107260950000
C 6.212195870000 1.362109190000 4.765006430000 1.397650150000 5.160428970000 -7.273501170000
C 8.910219650000 4.847924350000 -0.297074340000 1.435289790000 -2.241976390000 -0.072125300000
C 7.284770430000 4.689523900000 3.156011810000 -1.560420720000 1.556855920000 4.179050180000
C 7.976337950000 5.752804220000 5.232051600000 -4.555923780000 -0.120127790000 -0.399221160000
C 8.038002400000 6.766948340000 7.654908900000 -5.289969560000 3.154936350000 -4.984603200000
C 9.253034940000 7.060646410000 -1.377558490000 6.208770760000 1.097126400000 4.467071900000
C 5.749541750000 8.278514640000 2.021478790000 1.235750050000 1.535554190000 0.732290730000
C 5.171705410000 7.208197250000 5.631912680000 4.488660590000 9.036045530000 6.153735350000
C 7.446139350000 8.100349700000 7.242329880000 0.334482680000 4.615975670000 -4.095686210000
-44.912581000000
9.483921000000 0.000000000000 0.000000000000 0.000000000000 9.483921000000 0.000000000000 0.000000000000 0.000000000000 9.483921000000
C -0.594034880000 0.220055420000 -0.054276480000 1.951810400000 3.093589650000 -1.242396610000
C 1.051349550000 0.012148900000 1.030352150000 -2.843612310000 -2.291681250000 3.835288060000
C 0.694592890000 1.297485750000 4.197052340000 2.085941710000 6.929678430000 1.081161280000
C 0.934545580000 0.209272200000 6.183611330000 -6.285978010000 -3.589603100000 4.907806470000
C -1.257567920000 1.308724190000 2.341096410000 3.078317920000 -0.871428950000 4.727696420000
C 0.318375230000 0.679978170000 2.304450540000 -2.470886990000 -2.446700440000 0.735327380000
C 0.733752000000 0.096470440000 3.809169450000 -2.590147060000 -4.006308990000 -5.260069900000
C -0.183276770000 0.624298070000 6.807966300000 -4.681267780000 -0.323881790000 3.282254760000
C 3.888170510000 3.998734060000 1.750380910000 2.893918030000 11.373587380000 7.895472580000
C 1.766835510000 6.056337110000 2.675508950000 0.021251410000 5.657903020000 -1.841914220000
C 1.028597620000 2.483431100000 4.654708430000 2.732401640000 0.314957590000 0.983651950000
C -1.040528390000 5.799351300000 9.227428360000 0.474166600000 -0.939235820000 3.726154380000
C -1.217754420000 7.362472200000 -0.211311240000 -2.411018970000 -5.689025190000 -0.767631760000
C 2.107251370000 7.099359780000 4.236865840000 4.898035830000 -4.675804480000 -0.637850180000
C 0.561969740000 8.524925880000 5.392405740000 -3.725618700000 2.497870890000 0.515779400000
C -2.194247380000 5.836670530000 7.385897480000 -1.753374700000 -5.342384980000 -4.751160380000
C 1.037787540000 -1.809835610000 -0.775699380000 -0.134451430000 -1.390317830000 -4.134990420000
C 1.569427700000 -1.335999950000 1.319194440000 0.425781090000 -0.305509450000 -3.132622560000
C 3.996448440000 2.063634820000 4.674852280000 -8.942372370000 2.242345090000 7.364743070000
C 3.275414380000 0.365045600000 6.566970390000 3.224305250000 1.194451930000 5.163007240000
C 2.954810430000 3.493525590000 0.965491610000 -6.506042370000 3.689001760000 -9.995875740000
C 3.975982140000 2.846210050000 1.332500380000 9.566932360000 -14.599224230000 2.496184740000
C 2.323427870000 1.370303290000 4.786297830000 0.520662830000 1.661672560000 -0.079874640000
C -1.229400680000 0.211007760000 7.652462050000 4.947764550000 0.737744240000 -1.871678750000
C 3.716293410000 5.396142400000 -1.289377000000 -11.067810650000 -10.681090350000 2.451218530000
C 1.990105980000 4.858707570000 2.937037560000 -1.099111050000 -2.860338690000 -0.234143950000
C 3.570971290000 3.079505020000 5.983424730000 -2.463792470000 0.529009560000 -1.909691470000
C 3.540063190000 3.272578680000 7.409559860000 2.150362040000 -2.807747960000 -0.761560440000
C 1.495453120000 8.230630320000 -2.182335580000 -1.047563070000 -0.473240870000 3.143146320000
C 2.209241460000 6.776413300000 1.550734890000 0.086482650000 4.335202680000 0.247205340000
C 1.649557350000 8.130480120000 4.851831720000 3.336516580000 -4.458077220000 -4.022067410000
C 1.640452780000 6.869687660000 7.494241790000 6.367349250000 -1.746065160000 -0.098451680000
C 4.726198220000 -3.421495210000 -1.406939680000 12.074434530000 7.395483340000 3.953209390000
C 4.974496760000 -2.424213500000 1.796444320000 3.627929760000 0.665670800000 1.503343770000
C 4.721626970000 1.544873830000 3.776535280000 7.427488890000 0.352628000000 -2.372717570000
C 2.141545230000 0.633819920000 5.952070880000 5.869622640000 3.710161020000 -3.124434050000
C 4.819226000000 2.354023000000 -1.738431170000 -5.096944360000 -3.197249330000 -0.641176480000
C 2.558686010000 4.386360880000 3.989231170000 2.496167530000 2.482071500000 2.476835780000
C 2.580100710000 3.342294990000 4.815830760000 -0.705318200000 -0.872189050000 2.179914010000
C 3.923602440000 1.181582750000 7.424990200000 2.493621490000 1.562742890000 -0.483362730000
C 2.810095280000 4.118544440000 -0.394265560000 1.164469050000 -0.453872310000 -1.620153690000
C 5.100405290000 2.742361110000 2.560592280000 -3.745608460000 -1.765324390000 -2.564868720000
C 7.138158500000 5.405645290000 4.481816550000 3.548000160000 -3.553788980000 0.470870000000
C 3.428219310000 5.978445670000 4.627062800000 -2.451927790000 -1.135886050000 0.965914610000
C 4.724595440000 6.396392580000 -0.072608900000 -2.259408560000 -0.138658310000 1.319311990000
C 3.933702820000 6.500393260000 1.171501340000 -1.154367800000 0.382947300000 -3.876907000000
C 4.525110650000 5.884678140000 5.534806810000 -4.180187560000 -1.329117510000 -4.436749520000
C 2.940641450000 6.097383520000 7.458307220000 -7.572408270000 3.292479140000 -3.061461650000
C 8.392767440000 -0.881274390000 0.191565720000 -1.637519990000 -3.833584790000 1.871453050000
C 6.285487610000 -2.576174360000 2.312673100000 -1.880124690000 1.600834780000 -0.522151800000
C 6.548211190000 0.186027110000 5.416390570000 -2.005242190000 0.674284090000 -2.394681320000
C 7.067901610000 -0.954357490000 5.862296090000 -2.291945960000 2.106237690000 -0.643188330000
C 5.131616880000 -1.586128880000 -2.992603850000 1.449597470000 1.941008910000 0.367871370000
C 7.562563960000 1.636744570000 3.635120530000 -0.469877950000 3.071525090000 -4.026773600000
C 7.089961210000 3.398553610000 3.645012260000 1.955882450000 1.107359450000 -3.001435540000
C 5.940547920000 1.138573170000 4.700003630000 1.662113080000 -1.083278770000 -3.391860830000
C 8.862790560000 4.534954960000 -0.521037140000 -0.569214750000 1.662014890000 0.593637960000
C 7.332408170000 4.663812990000 2.952505830000 -1.243010700000 -1.540041260000 6.228807260000
C 8.263264500000 5.166242670000 5.937418230000 -5.505944640000 1.758279480000 -1.020786020000
C 7.886126890000 6.918453980000 7.760607200000 4.081538580000 9.588206150000 0.096242120000
C 9.332529170000 6.513158620000 -1.187263620000 1.075796980000 4.326301140000 -0.304916120000
C 5.970374850000 8.188132870000 1.897495490000 0.174516120000 -2.018405560000 0.745051630000
C 5.246590450000 6.949637110000 5.620788040000 1.100185000000 0.892110330000 0.683497380000
C 7.643234190000 8.540631250000 7.063425200000 1.828735910000 -2.410297710000 2.217546850000
-45.057184000000
9.483921000000 0.000000000000 0.000000000000 0.000000000000 9.483921000000 0.000000000000 0.000000000000 0.000000000000 9.483921000000
C -0.299511710000 0.101677120000 -0.153459330000 2.321957520000 -0.077939550000 -1.835945140000
C 1.076804390000 -0.145986000000 1.180615390000 -1.268740440000 -0.351422760000 -1.654154280000
C 0.435681850000 1.378051660000 4.653731580000 2.613514790000 1.881335190000 -3.414038400000
C 0.744117930000 0.003452150000 6.236569550000 4.017612630000 6.915074600000 4.519833570000
C -1.066571240000 0.975838570000 2.555015740000 -0.517240820000 2.627932040000 1.800455560000
C 0.720427090000 0.752862100000 2.184213390000 -2.166133080000 -2.776423240000 2.520972160000
C 1.145980110000 0.301617140000 3.485113350000 -0.998019100000 -0.052560990000 4.016031760000
C -0.574166060000 0.826428880000 6.508900340000 0.621541880000 -2.855507580000 1.388374090000
C 3.796176480000 4.188611650000 1.954882700000 -1.436360320000 -0.997748620000 -1.336531700000
C 1.700874840000 6.422094010000 2.621175570000 1.896888240000 -3.094016530000 -1.120170470000
C 1.631623250000 2.441938950000 4.559717470000 -4.244542960000 -7.156951820000 0.042890200000
C -1.146122370000 5.849549700000 9.415096190000 2.581582410000 0.254713760000 0.002419980000
C -1.501778890000 7.524438600000 -0.614102850000 1.091496080000 -2.985272530000 5.864005270000
C 2.180419830000 7.125478490000 4.151453640000 -0.351429360000 -1.295421770000 -3.821343250000
C 0.307127300000 8.515328150000 5.527248130000 2.084142490000 -6.728794710000 -5.836359760000
C -1.936702020000 5.540354910000 7.165329930000 1.409671780000 0.131123220000 -4.107696070000
C 1.093752160000 -1.306220440000 -0.689376730000 -1.313914910000 -2.894439350000 -2.154780290000
C 1.673627540000 -1.455004190000 0.808001620000 -3.785239500000 8.467702200000 -4.415881660000
C 3.817164400000 2.039526690000 4.969953960000 0.628458920000 -0.240604500000 -0.609061000000
C 3.111854670000 0.920480920000 7.376764460000 -4.864910410000 -3.246809700000 -5.086221690000
C 2.758294100000 3.509762060000 0.864905140000 5.559656030000 -0.931291720000 -2.092092400000
C 4.086830210000 2.667295880000 1.000895090000 -1.731822320000 1.312358190000 3.420955880000
C 2.554484640000 1.302426870000 4.991956660000 -0.388733280000 0.316795440000 -0.380404550000
C -0.834689370000 -0.033781730000 7.956639850000 -1.655096750000 3.354228480000 -2.845159380000
C 3.889156840000 5.364712690000 -1.746520960000 -1.221674700000 -0.271672630000 -0.103720000000
C 1.765090470000 4.744359930000 2.911364580000 -0.371284010000 4.156449870000 -1.863769370000
C 3.487228270000 2.808501980000 6.114625290000 0.282619060000 2.260503120000 -0.559678650000
C 3.547308910000 3.612311700000 7.281631250000 0.540905650000 0.418987300000 1.713668970000
C 1.281448440000 8.163503130000 -2.291599830000 -0.275247260000 -1.161680550000 3.621470230000
C 2.180732790000 6.936615690000 1.250426530000 3.536858010000 -5.393743270000 5.766140820000
C 1.599368440000 8.366857370000 4.420958230000 -2.760685710000 0.581594250000 -0.517659310000
C 1.552717030000 6.589172240000 7.711727070000 -1.695274130000 3.182260670000 -1.525445450000
C 5.165891770000 -3.337221090000 -1.380555410000 -2.063104290000 -1.711958360000 -0.700402800000
C 5.103345310000 -1.917781600000 1.847742840000 0.336651040000 -2.831294930000 -1.428863010000
C 4.961190820000 1.542977040000 4.193021670000 -6.291209790000 6.964210100000 -3.465802490000
C 2.304545380000 0.631923140000 6.153869750000 -2.319730670000 -1.260131100000 4.792482780000
C 4.623971040000 2.712382440000 -1.918445480000 1.227195600000 -4.046275400000 1.706335760000
C 2.437016790000 4.652650420000 4.098571300000 2.256670680000 0.666405670000 0.407283980000
C 2.600054880000 3.318073050000 4.684222390000 1.361871630000 4.739002850000 -0.197929080000
C 4.215346820000 1.106735650000 7.870478420000 3.470300520000 4.985320900000 0.859262180000
C 2.908272830000 3.720286140000 -0.899151580000 0.228039650000 1.819880630000 2.197750280000
C 4.879012640000 2.589736370000 2.805248990000 -0.973449820000 -0.181973860000 -2.375574150000
C 7.839029740000 5.262684670000 4.082448630000 -2.133363530000 -3.143448450000 2.999873670000
C 3.045287030000 5.992500840000 4.386123780000 0.944750290000 0.585816040000 4.891521700000
C 4.793704770000 6.338000080000 -0.180886830000 -3.842360240000 0.051671740000 4.397831450000
C 3.879995370000 6.446372850000 1.086278830000 1.702159440000 2.036187330000 -1.784261280000
C 4.226528360000 6.124526500000 5.343610960000 -3.544460840000 -0.851754730000 -3.359083340000
C 2.719770410000 6.088791090000 7.550614220000 0.991303600000 -1.596859970000 0.843784990000
C 8.515034150000 -0.905657550000 0.346030340000 -4.711489200000 -4.482559850000 -0.284076710000
C 6.131620480000 -2.793631190000 2.134688360000 0.465950460000 3.789341780000 -0.462254470000
C 5.964068040000 0.081229780000 5.570077510000 7.132444320000 0.065915740000 -1.158325310000
C 7.360651280000 -0.459002810000 5.840407200000 -2.881483840000 2.605577840000 3.463061850000
C 4.833802790000 -1.765308600000 -3.011239760000 0.847209620000 0.940527470000 0.820374730000
C 7.342660280000 1.783460830000 3.177758440000 2.516807900000 -1.285565430000 2.065700850000
C 7.229204140000 3.381994680000 3.911643220000 0.188241780000 1.626190750000 -5.699024330000
C 6.117252340000 1.190516600000 4.566318280000 3.776927120000 -4.459161900000 -0.083439950000
C 8.432694740000 4.627081760000 -0.632975860000 -0.899832850000 2.148923570000 0.050684390000
C 7.057336520000 4.422390300000 2.836678710000 2.383211670000 -0.438512000000 6.800302580000
C 7.693830910000 5.122777860000 5.822217040000 -0.589662540000 1.634740480000 -1.040569490000
C 7.901528780000 6.846755540000 7.658389500000 0.284465790000 3.211352860000 -2.015478650000
C 9.494637830000 6.902359770000 -0.834670400000 0.661684930000 -1.180955720000 -0.864523020000
C 6.249609940000 8.435340760000 1.651738650000 -1.490889050000 -3.413459140000 1.006700890000
C 5.277934810000 6.683357060000 5.771572900000 0.393025130000 0.460233500000 -1.013221050000
C 7.706378140000 8.647913360000 7.191372780000 2.431569090000 -0.796144950000 -0.767228610000
-33.687104000000
9.483921000000 0.000000000000 0.000000000000 0.000000000000 9.483921000000 0.000000000000 0.000000000000 0.000000000000 9.483921000000
C -0.166442810000 -0.206237350000 -0.133998320000 -4.152214370000 -3.062465710000 -1.891509300000
C 0.922851900000 0.157091670000 0.690704480000 0.570285680000 -0.185875200000 5.903567510000
C 0.584531990000 1.318672830000 4.185557820000 0.954007640000 2.285194770000 -0.502621120000
C 1.028607100000 0.247814860000 6.805149580000 -2.188939790000 -4.029100370000 -1.878532900000
C -1.034904430000 0.901930370000 2.622029120000 1.187365920000 3.210210690000 2.233206300000
C 0.549100060000 0.603224800000 2.221305010000 -2.551476610000 -1.280756840000 -1.739006800000
C 1.311370210000 0.253268110000 3.644443230000 -2.602793990000 -4.657277670000 -3.218324230000
C -0.627930410000 0.605605260000 6.493764000000 4.196936840000 0.053353380000 3.004622040000
C 3.989544140000 3.824002300000 1.978108820000 2.425406110000 1.006431940000 3.379777910000
C 1.884578390000 6.395406250000 2.785418110000 1.931175950000 2.555847840000 -3.465657170000
C 1.682030290000 2.134716810000 4.413740960000 3.689840490000 2.984499570000 1.006779010000
C -0.599582970000 5.873989760000 10.150450970000 -0.419997510000 -1.263872200000 -3.947343670000
C -1.809513160000 7.499144980000 -0.581999780000 -0.747974960000 -2.092936480000 -3.221366830000
C 2.193004990000 7.025517970000 4.003836410000 -0.380846840000 2.722504170000 -0.684619370000
C 0.317417350000 8.511762190000 5.851256800000 0.846722890000 0.809014930000 0.059214580000
C -2.000064100000 5.465725930000 7.178446190000 0.701675940000 2.592617630000 -4.280435870000
C 0.693957470000 -1.530951430000 -0.743738570000 0.399183300000 3.162390500000 5.482376200000
C 1.587712700000 -1.645962940000 0.788597520000 -4.681676660000 7.074303510000 -6.147330060000
C 4.028162670000 2.064374570000 4.955917760000 0.969237370000 -1.285379710000 0.452491960000
C 3.134331570000 0.832422710000 7.469621530000 4.162001290000 -0.073699590000 -2.320761040000
C 2.924054070000 3.599783440000 0.829748250000 -0.130201660000 -0.419579760000 -3.382420990000
C 3.971031530000 2.750005150000 1.227048670000 -0.305435650000 -2.865352000000 -0.951141420000
C 2.850013100000 1.489250630000 5.256662380000 -7.968921130000 -2.894034040000 -0.241703400000
C -0.977355990000 0.248099370000 7.932664490000 -0.688337630000 -0.200517370000 -2.773372620000
C 3.375782710000 5.358026520000 -1.717566540000 7.836369110000 -8.393677870000 3.003924150000
C 2.067371490000 5.092524160000 2.551535140000 -0.960622860000 -1.190648740000 0.716818340000
C 3.560055300000 2.991712360000 5.884260850000 0.320584510000 -1.255440910000 -8.472158800000
C 3.328173430000 3.610187300000 6.901667440000 0.152208420000 4.463086370000 10.973154880000
C 1.287442280000 8.444170290000 -1.920901810000 -1.461088300000 7.074552940000 -2.667125590000
C 2.209127650000 7.104462120000 1.522653000000 1.856449810000 -3.650534420000 4.167081740000
C 1.619407960000 8.413850190000 4.016971640000 1.045778980000 -1.254729870000 2.331579040000
C 1.557961640000 7.190064000000 7.642750510000 6.344224620000 -10.749787370000 -3.662917910000
C 4.865241990000 -4.081282110000 -1.188610340000 -3.231155650000 3.644961070000 1.863659980000
C 4.888809530000 -1.552138510000 1.134864950000 1.072312030000 -1.041234690000 1.587139680000
C 5.081304680000 1.517882590000 4.306771820000 -1.124208540000 4.180064250000 -1.577027030000
C 2.239940910000 0.388499340000 6.120486350000 6.248237910000 4.913792960000 2.777326010000
C 4.900635980000 2.730762280000 -2.010136020000 -1.793472720000 -2.632386300000 0.211466990000
C 2.537508420000 4.685692400000 3.813968310000 1.951422690000 17.983121850000 -5.767831270000
C 2.559928410000 3.657815550000 4.237159840000 -3.332247120000 -23.351170770000 10.819002440000
C 4.506854100000 1.393140580000 7.549229570000 -4.567806690000 0.928553240000 0.194793390000
C 2.660837330000 3.388690330000 -0.887979520000 1.488571820000 1.146754430000 0.291372570000
C 4.887756820000 2.812399870000 3.066777600000 -0.114755040000 0.835994070000 -2.032669850000
C 8.213957590000 5.106750040000 4.400966120000 -4.158616780000 -0.785531810000 0.148983170000
C 3.274447020000 5.795994000000 4.660341880000 -2.215760920000 1.446896810000 -2.011850720000
C 4.677014610000 6.477252490000 -0.262600290000 0.350587020000 -5.664631580000 -3.149823270000
C 4.092226560000 6.557363170000 0.979053620000 2.765460430000 5.005796630000 1.164109240000
C 4.449286700000 5.967652970000 5.209005670000 -0.666748240000 0.734107440000 -0.451158430000
C 2.716621750000 6.255746030000 7.322829410000 -8.281720240000 9.472746830000 -1.453184150000
C 8.307819960000 -1.293417150000 0.242048630000 -0.597329730000 2.637054040000 1.660162430000
C 5.783446770000 -2.619373620000 1.769500500000 -1.257940250000 -1.756971640000 0.184985320000
C 5.986971710000 -0.296742400000 5.296997490000 -0.009561270000 3.849738160000 -2.288427350000
C 7.129727290000 -0.547212760000 5.706683910000 2.770476700000 -0.757055710000 5.241488810000
C 4.537316450000 -2.085789260000 -2.936999620000 -9.664517380000 8.856981240000 8.447685000000
C 7.274660570000 1.813638660000 3.082720070000 2.756877560000 -3.526759900000 1.662262230000
C 6.933675680000 3.633413430000 4.040937510000 -0.167066460000 -1.704424440000 0.067624240000
C 6.288617300000 1.135102050000 4.620291280000 0.653044560000 -2.842668180000 -3.544301300000
C 8.543836810000 4.239862750000 -0.569006810000 -0.234608020000 4.688172820000 0.392319390000
C 7.282285640000 4.382187960000 3.043911860000 2.479562500000 2.518840660000 0.390909330000
C 7.525946540000 5.351046360000 5.511552240000 2.479897230000 -1.006037410000 3.072690510000
C 7.967679130000 7.378604350000 7.359295080000 0.007537630000 -6.599510080000 6.941527180000
C 9.707153530000 6.739226840000 -1.159997350000 -0.511143370000 -2.238495420000 -1.007778700000
C 6.310288060000 8.087356730000 1.744406040000 -2.250162830000 0.341832680000 -1.280939720000
C 5.265141000000 6.748473670000 5.955892900000 8.522764920000 -10.034809060000 -8.340503360000
C 7.831404670000 8.716804570000 7.016005590000 0.283141320000 1.567935650000 -1.480257350000
