5
10 1 
12 1 
12 1 
12 1 
8 1 
-37.12625274 -7.55215 -8.03976 -7.34515 0.42377 -0.0 0.0
0.00000000e+00 0.00000000e+00 4.83126000e+00 4.36940000e+00 2.49391000e+00 0.00000000e+00 -1.46766000e+00 7.65630000e+00 0.00000000e+00
Pd   4.33637000e+00   2.48108000e+00   0.00000000e+00  -2.33708000e-01   2.89697000e-01   0.00000000e+00
Pd  -3.45700000e-02   5.07053000e+00   0.00000000e+00   1.30862000e-01  -3.48895000e-01  -0.00000000e+00
Pd   1.42392000e+00   7.60788000e+00   0.00000000e+00  -3.08130000e-02  -1.64720000e-02   0.00000000e+00
Pd   1.48432000e+00   8.53340000e-01   2.41563000e+00  -1.30916000e-01   3.48903000e-01   1.00000000e-06
Pd   1.48277000e+00   5.93670000e+00   2.41563000e+00   2.33708000e-01  -2.89698000e-01  -0.00000000e+00
Pd   2.92756000e+00   8.46620000e+00   2.41563000e+00   3.08440000e-02   1.62210000e-02   0.00000000e+00
Ag   1.43112000e+00   2.45984000e+00   0.00000000e+00  -3.48420000e-02   4.71031000e-01   0.00000000e+00
Ag   2.83740000e+00   5.07284000e+00   0.00000000e+00   3.96834000e-01  -2.70457000e-01  -1.00000000e-06
Ag   2.98175000e+00   3.34494000e+00   2.41563000e+00  -3.97039000e-01   2.70588000e-01   0.00000000e+00
Ag   1.86300000e-02   3.46403000e+00   2.41563000e+00   3.50720000e-02  -4.70919000e-01  -1.00000000e-06
-51.72583192 -12.69005 -12.69087 -10.02166 -0.76021 -0.10029 0.10043
-1.79880000e+00 1.79880000e+00 5.65661000e+00 1.02846000e-01 6.01732000e+00 -3.13444000e-01 -6.01732000e+00 -1.02846000e-01 -3.13444000e-01
Pd  -5.86979000e+00   5.86979000e+00  -4.28640000e-01   3.42980000e-02  -3.42030000e-02  -3.17081000e-01
Pd  -1.63003000e+00   1.63003000e+00   1.58281000e+00  -3.43490000e-02   3.42350000e-02   3.16993000e-01
Pd  -3.16750000e+00   6.13112000e+00   3.40539000e+00   7.88690000e-02   7.90150000e-02   6.40000000e-05
Pd  -6.13112000e+00   3.16750000e+00   3.40539000e+00  -7.88870000e-02  -7.90050000e-02   7.00000000e-05
Ag  -2.98100000e+00   2.98100000e+00   3.62498000e+00  -5.82062000e-01   5.82392000e-01   1.26400000e-01
Ag  -4.77790000e+00   4.77790000e+00   5.21692000e+00  -1.74759000e-01   1.74878000e-01   3.41533000e-01
Ag  -4.52073000e+00   4.52073000e+00   1.59386000e+00   1.74856000e-01  -1.75030000e-01  -3.41701000e-01
Ag  -6.31763000e+00   6.31763000e+00   3.18580000e+00   5.82068000e-01  -5.82387000e-01  -1.26486000e-01
Ag  -7.71654000e+00   4.74224000e+00   5.17124000e+00   8.06260000e-02   3.30200000e-03   1.39371000e-01
Ag  -1.58208000e+00   4.55638000e+00   1.63954000e+00  -8.06590000e-02  -3.30600000e-03  -1.39252000e-01
Ag  -4.74224000e+00   7.71654000e+00   5.17124000e+00  -3.01800000e-03  -8.05910000e-02   1.39144000e-01
Ag  -4.55638000e+00   1.58208000e+00   1.63954000e+00   3.01800000e-03   8.07000000e-02  -1.39053000e-01
-51.9739174 -10.03085 -10.02883 -14.63111 -1.73455 0.19607 0.196
-5.22710000e-02 -5.22720000e-02 3.15544000e+00 5.12070000e+00 5.12070000e+00 1.72506000e+00 -6.48300000e+00 6.48300000e+00 0.00000000e+00
Pd   4.66150000e+00   4.66150000e+00   1.71518000e+00   9.38490000e-02   9.40710000e-02  -9.21600000e-03
Pd  -2.83457000e+00   3.64843000e+00   3.16532000e+00  -9.40220000e-02  -9.43060000e-02   9.20100000e-03
Pd  -1.05888000e+00   5.42412000e+00   1.63831000e+00  -3.30940000e-02  -3.32600000e-02   4.84000000e-03
Pd   2.88581000e+00   2.88581000e+00   3.24218000e+00   3.32840000e-02   3.34460000e-02  -4.81700000e-03
Ag  -1.64688000e+00   1.59461000e+00   1.57772000e+00  -1.75000000e-04  -7.60000000e-05  -8.00000000e-06
Ag  -4.88838000e+00   4.83611000e+00   1.57772000e+00  -1.52000000e-04  -1.36000000e-04  -8.00000000e-06
Ag   1.23560000e+00   1.23560000e+00   1.61575000e+00  -1.07797000e-01  -1.07793000e-01  -1.05080000e-02
Ag   3.43100000e-02   3.29979000e+00   3.20422000e+00   1.32680000e-01  -3.30381000e-01  -4.12000000e-03
Ag  -3.18321000e+00   6.51730000e+00   3.20422000e+00  -3.30438000e-01   1.32784000e-01  -4.11600000e-03
Ag   1.79262000e+00   5.01013000e+00   1.67627000e+00  -1.32709000e-01   3.30657000e-01   4.13600000e-03
Ag   5.91330000e-01   7.07432000e+00   3.26475000e+00   1.07739000e-01   1.07813000e-01   1.04820000e-02
Ag  -1.47287000e+00   8.27562000e+00   1.67627000e+00   3.30835000e-01  -1.32819000e-01   4.13400000e-03
-47.89648793 -4.9078 -5.34171 -4.09669 0.7535 -0.0 -0.0
0.00000000e+00 0.00000000e+00 4.72878000e+00 5.67905000e+00 4.91454000e+00 0.00000000e+00 -2.89138000e+00 5.11734000e+00 0.00000000e+00
Pd   2.75743000e+00   9.99063000e+00   0.00000000e+00   7.70890000e-02   4.25320000e-02  -5.00000000e-06
Pd   2.74275000e+00   4.92329000e+00   0.00000000e+00  -3.12390000e-02   6.95230000e-02  -0.00000000e+00
Pd   1.33194000e+00   7.51061000e+00   0.00000000e+00  -3.01710000e-02  -8.69750000e-02   0.00000000e+00
Pd  -1.38925000e+00   5.98402000e+00   2.36439000e+00   3.12270000e-02  -6.95770000e-02   2.00000000e-06
Pd   4.27511000e+00   5.83121000e+00   2.36439000e+00  -7.70400000e-02  -4.25540000e-02   2.00000000e-06
Pd   2.15600000e-02   3.39670000e+00   2.36439000e+00   3.02060000e-02   8.69020000e-02   0.00000000e+00
Ag   1.35308000e+00   2.46100000e+00   0.00000000e+00  -4.02100000e-03   3.20260000e-02  -0.00000000e+00
Ag   4.18322000e+00   7.42879000e+00   0.00000000e+00   1.10337000e-01   1.85384000e-01  -0.00000000e+00
Ag  -8.97500000e-02   4.99452000e+00   0.00000000e+00   1.22561000e-01   8.02210000e-02  -0.00000000e+00
Ag   2.89180000e+00   3.32896000e+00   2.36439000e+00   4.05000000e-03  -3.18230000e-02   0.00000000e+00
Ag   1.44325000e+00   5.91279000e+00   2.36439000e+00  -1.22615000e-01  -8.02620000e-02   0.00000000e+00
Ag   2.84933000e+00   8.39306000e+00   2.36439000e+00  -1.10384000e-01  -1.85395000e-01   2.00000000e-06
-31.52077958 -9.70552 -9.70559 -8.94145 0.0 0.0 -0.0
0.00000000e+00 0.00000000e+00 4.86746000e+00 2.95381000e+00 -5.11615000e+00 0.00000000e+00 2.95381000e+00 5.11615000e+00 0.00000000e+00
Pd   5.90668000e+00  -5.50000000e-04   0.00000000e+00  -1.48382000e-01  -8.56840000e-02   0.00000000e+00
Pd   4.43072000e+00  -2.55699000e+00   0.00000000e+00  -9.00000000e-06   1.71352000e-01  -0.00000000e+00
Pd   2.95475000e+00  -5.50000000e-04   0.00000000e+00   1.48399000e-01  -8.56870000e-02  -0.00000000e+00
Pd   1.47691000e+00   8.52690000e-01   2.43373000e+00  -9.00000000e-06  -2.20000000e-05   0.00000000e+00
Ag   1.47691000e+00  -2.55808000e+00   0.00000000e+00  -7.00000000e-06   3.00000000e-06  -0.00000000e+00
Ag   2.95700000e+00   3.40892000e+00   2.43373000e+00   1.36494000e-01  -7.87760000e-02   0.00000000e+00
Ag   4.43072000e+00   8.56380000e-01   2.43373000e+00  -1.00000000e-05   1.57592000e-01   0.00000000e+00
Ag   2.95062000e+00  -1.70723000e+00   2.43373000e+00  -1.36475000e-01  -7.87790000e-02  -0.00000000e+00
