ilp_nep_gr_hbn 4 C H B N
0
3.2058    7.5111    1.2353    0.0000153    37.5304    15.4999    0.7954    3.6814    25.7145    1.0    2.0    16.0
2.6429    12.9141   1.0203    0.9750       25.3410    15.2229    0.8116    3.8873    5.6875     1.0    2.0    16.0
3.3037    10.5441   2.9267    16.7200      0.3572     15.3053    0.7002    3.0973    30.1629    1.0    2.0    16.0
3.2536    8.8259    1.0595    18.3447      21.9136    15.0000    0.7235    3.0131    19.0631    1.0    2.0    16.0
2.6429    12.9141   1.0203    0.9750       25.3410    15.2229    0.8116    3.8873    5.6875     1.0    2.0    16.0
3.9745    6.5380    1.0806    0.6701       0.8334     15.0224    0.7491    2.7672    1.6160     1.0    2.0    16.0
2.7187    9.2146    3.2731    14.0157      14.7605    15.0848    0.7768    3.6409    7.9642     1.0    2.0    16.0
2.7535    8.2267    3.1064    0.8074       0.3944     15.0332    0.7451    2.7336    3.8462     1.0    2.0    16.0
3.3037    10.5441   2.9267    16.7200      0.3572     15.3053    0.7002    3.0973    30.1629    1.0    2.0    16.0
2.7187    9.2146    3.2731    14.0157      14.7605    15.0848    0.7768    3.6409    7.9642     1.0    2.0    16.0
3.1437    9.8251    1.9364    2.7848       14.4960    15.1993    0.7834    3.6829    49.4980    1.0    2.0    16.0
3.2953    7.2243    2.8727    1.3715       0.4347     14.5946    0.8044    3.7657    24.6700    1.0    2.0    16.0
3.2536    8.8259    1.0595    18.3447      21.9136    15.0000    0.7235    3.0131    19.0631    1.0    2.0    16.0
2.7535    8.2267    3.1064    0.8074       0.3944     15.0332    0.7451    2.7336    3.8462     1.0    2.0    16.0
3.2953    7.2243    2.8727    1.3715       0.4347     14.5946    0.8044    3.7657    24.6700    1.0    2.0    16.0
3.4432    7.0845    1.7473    2.9140       46.5086    15.0204    0.8008    3.5518    14.8102    1.0    2.0    16.0