     4.92177    15.65218 
     4.97646    13.45359 
     5.03114    11.42878 
     5.08583     9.54906 
     5.14051     7.81329 
     5.19520     6.21083 
     5.22255     5.50460 
     5.24989     4.77789 
     5.27723     4.08031 
     5.30457     3.41083 
     5.33192     2.76824 
     5.35926     2.21616 
     5.37020     1.97520 
     5.38113     1.73848 
     5.39207     1.50550 
     5.40301     1.27643 
     5.41395     1.05122 
     5.41942     0.94004 
     5.42488     0.83001 
     5.43035     0.72071 
     5.43582     0.61234 
     5.44129     0.50489 
     5.44676     0.39836 
     5.45223     0.29274 
     5.45770     0.18802 
     5.46317     0.08420 
     5.46863    -0.01854 
     5.47410    -0.12059 
     5.47957    -0.22176 
     5.48504    -0.32205 
     5.49051    -0.42148 
     5.49598    -0.52005 
     5.50145    -0.61777 
     5.50691    -0.71447 
     5.51238    -0.81050 
     5.51785    -0.90570 
     5.52332    -1.00006 
     5.53426    -1.18633 
     5.54519    -1.36919 
     5.55613    -1.54901 
     5.56707    -1.72568 
     5.57801    -1.89923 
     5.60535    -2.28690 
     5.63269    -2.69068 
     5.66004    -3.07664 
     5.68738    -3.44517 
     5.71472    -3.79700 
     5.74207    -4.13282 
     5.79675    -4.74767 
     5.85144    -5.31633 
     5.90612    -5.83092 
     5.96081    -6.29534 
     6.01550    -6.71302 
     6.07018    -7.08720 
     6.12487    -7.40525 
     6.17956    -7.70306 
     6.23424    -7.96580 
     6.28893    -8.19600 
     6.34361    -8.36407 
     6.39830    -8.53909 
     6.45299    -8.68780 
     6.50767    -8.81216 
     6.56236    -8.91394 
     4.92177     9.03302 
     4.97646     7.87346 
     5.03114     6.79245 
     5.08583     5.75344 
     5.14051     4.79278 
     5.19520     3.87855 
     5.22255     3.44271 
     5.24989     3.00837 
     5.27723     2.58622 
     5.30457     2.19769 
     5.33192     1.79798 
     5.35926     1.43077 
     5.37020     1.27808 
     5.38113     1.12729 
     5.39207     0.97810 
     5.40301     0.83065 
     5.41395     0.68490 
     5.41942     0.61266 
     5.42488     0.54098 
     5.43035     0.46958 
     5.43582     0.39859 
     5.44129     0.32803 
     5.44676     0.25787 
     5.45223     0.18813 
     5.45770     0.11879 
     5.46317     0.04986 
     5.46863    -0.01854 
     5.47410    -0.08666 
     5.47957    -0.15439 
     5.48504    -0.22171 
     5.49051    -0.28864 
     5.49598    -0.35518 
     5.50145    -0.42132 
     5.50691    -0.48696 
     5.51238    -0.55233 
     5.51785    -0.61731 
     5.52332    -0.68190 
     5.53426    -0.80995 
     5.54519    -0.93637 
     5.55613    -1.06141 
     5.56707    -1.18497 
     5.57801    -1.30705 
     5.60535    -1.58937 
     5.63269    -1.88021 
     5.66004    -2.16247 
     5.68738    -2.43618 
     5.71472    -2.70163 
     5.74207    -2.94831 
     5.79675    -3.44044 
     5.85144    -3.90279 
     5.90612    -4.33668 
     5.96081    -4.73322 
     6.01550    -5.11525 
     6.07018    -5.47275 
     6.12487    -5.80700 
     6.17956    -6.11908 
     6.23424    -6.41004 
     6.28893    -6.67048 
     6.34361    -6.91248 
     6.39830    -7.14791 
     6.45299    -7.35558 
     6.50767    -7.55778 
     6.56236    -7.74408 
     4.92177     3.87128 
     4.97646     3.42893 
     5.03114     3.02212 
     5.08583     2.60070 
     5.14051     2.19042 
     5.19520     1.80128 
     5.22255     1.60521 
     5.24989     1.41199 
     5.27723     1.24352 
     5.30457     1.05499 
     5.33192     0.86916 
     5.35926     0.68617 
     5.37020     0.61372 
     5.38113     0.54177 
     5.39207     0.47019 
     5.40301     0.39905 
     5.41395     0.32835 
     5.41942     0.29316 
     5.42488     0.25814 
     5.43035     0.22317 
     5.43582     0.18831 
     5.44129     0.15355 
     5.44676     0.11891 
     5.45223     0.08437 
     5.45770     0.04994 
     5.46317     0.01561 
     5.46863    -0.01854 
     5.47410    -0.05265 
     5.47957    -0.08665 
     5.48504    -0.12055 
     5.49051    -0.15433 
     5.49598    -0.18801 
     5.50145    -0.22159 
     5.50691    -0.25500 
     5.51238    -0.28836 
     5.51785    -0.32161 
     5.52332    -0.35476 
     5.53426    -0.42075 
     5.54519    -0.48625 
     5.55613    -0.55139 
     5.56707    -0.61612 
     5.57801    -0.68042 
     5.60535    -0.83931 
     5.63269    -0.99041 
     5.66004    -1.14452 
     5.68738    -1.29603 
     5.71472    -1.44504 
     5.74207    -1.58067 
     5.79675    -1.86700 
     5.85144    -2.14377 
     5.90612    -2.41115 
     5.96081    -2.66948 
     6.01550    -2.91898 
     6.07018    -3.15988 
     6.12487    -3.39254 
     6.17956    -3.61719 
     6.23424    -3.83408 
     6.28893    -4.04355 
     6.34361    -4.23483 
     6.39830    -4.43065 
     6.45299    -4.60954 
     6.50767    -4.79320 
     6.56236    -4.96546 
