
 -0.74025797 -0.0527306 -1.31652946 -4.58724857 -2.73855 4.72902572
 0.91345334 0.69375831 2.22683413 2.98599235 1.49026441 -3.93745519
 0.36296862 0.71151221 4.55783017 4.50083761 7.51368181 -4.09790589
 -0.32124886 -0.2054407 5.13478451 -4.87488378 -5.3205245 4.07680592
 0.532323 2.98087224 0.90659646 -2.03775279 -1.88069672 3.9616356
 0.38673533 1.8849862 1.80433494 0.10854749 0.53634985 -2.58376344
 -0.56610473 1.80064569 4.20656471 3.25377602 1.17633519 -0.81165051
 0.13183599 2.24686418 7.00628457 4.36183507 -2.50431255 2.19070583
 0.20409398 4.11285408 1.88201774 5.69874064 -2.09908368 -0.16605335
 -0.84548207 4.8697184 1.77519085 -4.98540819 4.80751601 -0.18167356
 0.25342934 4.11397319 4.17543848 0.74134674 -1.31298354 -1.55428584
 -1.00018379 4.38944316 8.99347899 0.21310605 1.21108979 -0.24906957
 -0.55377563 7.98125062 -0.98938161 -1.97469003 0.26517027 2.42113269
 1.59633358 6.32815577 2.77861814 2.63925648 -2.34031386 2.51808151
 1.1662757 7.41069793 5.11486827 3.61546295 -2.42648136 0.94652891
 -1.60974385 6.33581878 7.02385828 0.41885783 -0.36081159 2.22319719
 1.4871452 -0.78850268 -0.24699924 1.81350158 -2.65225059 1.69198604
 1.93245323 0.40282006 1.19449037 -3.51887621 -3.10481478 0.23822956
 1.93664512 1.42761463 3.97500529 2.05771579 -1.5623463 0.70373446
 2.9445014 1.07513522 7.65693846 -1.35352655 2.38490752 1.00811487
 2.95402326 3.49650354 1.39030488 -3.66792053 0.8781443 -3.15033064
 4.26176113 3.20944422 1.58962845 1.80320908 1.81623134 2.90234648
 3.2429604 1.70828179 3.85662699 -4.32679561 0.36213096 1.63483315
 1.5369263 1.52137267 7.66558779 1.244149 0.33525409 -2.33574869
 3.16561902 3.52366549 -0.24118559 1.41516095 -0.36112259 2.93040501
 1.50374206 4.56159529 2.3441123 -0.6684643 1.04828011 1.25979733
 2.81167909 4.74611446 5.48208569 1.77189132 3.18804408 4.9741553
 3.77447727 3.93652903 7.04881048 -0.48715864 1.53056127 0.8206826
 2.00795472 7.03206187 -0.58876182 -1.49404121 5.52469734 -0.41061277
 2.30890799 7.14108903 1.91335261 4.98205088 -0.30413965 0.49705663
 1.76642771 6.49188618 4.29881481 -3.42034979 2.29998883 -2.91245494
 2.21078734 7.17902471 6.73464611 -0.58437186 -1.41333026 -0.20635471
 5.09953277 -2.36173343 0.02591007 -1.69104907 -4.99854876 -2.77222101
 5.3097344 -1.88485343 2.60518568 -6.62726044 -1.38795983 -3.51233747
 5.14675322 1.74611315 5.07836466 3.01720423 -0.95267179 4.87365868
 4.60158899 0.78638776 6.04511763 2.18650535 3.22594282 -4.2061315
 4.14364838 2.18557908 -1.14599908 -3.38974386 1.02986123 0.236938
 4.64720665 3.59036591 3.42014849 1.88468182 7.87350262 -2.5334429
 4.60391255 2.75747848 4.3779771 -4.88585902 -8.09704283 -0.03118288
 4.56264801 0.83747764 7.3335652 -3.47551237 0.14405028 2.477235
 4.05051627 4.43733696 -0.62826235 1.52743156 4.98309429 -5.01017805
 4.49613727 4.59002809 2.02825031 0.38909925 -2.02645345 1.08516864
 5.0749789 4.94569409 3.79973295 1.04425213 -1.15759271 1.10260125
 2.81700905 6.00059062 6.43459382 0.55078926 -2.25198397 -1.57924246
 4.84028031 5.77580273 -0.67888752 -2.43812851 2.70105735 1.48139675
 4.01142355 7.15268786 2.02220906 1.4639325 2.18308848 1.05965827
 5.02181204 5.63949033 5.03358159 0.27121846 0.18957793 -1.3286537
 4.60805702 7.02695004 7.20477356 -0.91505298 -2.39174967 2.13965201
 7.50332739 0.24866841 -0.31466701 4.73885182 -1.50702229 -3.5413524
 8.11324783 -1.56681014 1.97619307 -5.0533863 -1.86577392 0.21752671
 7.73035349 0.53849703 5.35389153 -1.25077566 -0.96326645 -0.26637616
 8.19619421 -1.16639899 5.61332419 -1.83276814 3.78553022 -0.54967968
 5.40760846 1.94737143 -0.79856512 -0.55766696 -1.73022508 -1.30766207
 7.32875686 2.30778888 2.78265829 1.15876949 -2.22070667 2.32474784
 7.51554268 1.54652403 4.14093597 -0.18034849 2.02263133 -2.08809967
 6.84753322 2.14545261 5.34001656 -1.82284874 -4.2126943 0.56255291
 8.33472584 5.40146288 0.53773832 0.44367752 0.21992555 -3.82042475
 7.19023471 6.00472561 2.97631048 8.39860437 4.67057432 -14.05868997
 6.63332938 5.75820057 3.96404188 -6.76852969 -1.45051837 12.92327973
 8.32947175 4.23030296 7.72320261 0.27091253 0.26369557 -0.02424156
 8.04749581 6.80189659 -0.17284446 2.20244039 1.41382958 0.50873014
 6.61997602 7.4290588 2.40275139 5.6296359 -0.63874855 -0.9724671
 6.51152738 6.9490586 4.93031117 -2.06247984 -3.49577891 1.8945744
 7.12937639 7.17539237 6.27667705 2.1294537 0.65549078 -4.4164327