nep4 2 C H 
cutoff 4
n_max 6
l_max 4
ANN 50 0
  4.5834891e-02
 -2.1584255e-01
 -1.2165284e+00
 -1.3821563e+00
  1.3533536e-01
 -1.7682270e+00
 -5.8260991e-04
 -2.8760915e+00
  1.5164313e+00
 -1.1918114e+00
 -4.0446424e-01
 -4.4786595e-02
  3.7454736e-01
  3.7738462e-03
 -1.1784752e-01
  1.6226745e+00
  2.1023007e-01
 -1.2797467e+00
 -8.6821789e-01
 -2.2402787e+00
  1.6624421e-02
 -1.8708798e+00
 -2.3819242e+00
 -9.7217888e-02
 -2.9802921e+00
  1.8236595e+00
 -3.3363786e+00
  4.3504569e-01
 -1.8791316e-01
  4.4813624e-01
 -2.3474607e+00
  1.2203900e+00
 -2.6392397e-01
 -4.7931954e-01
  1.9639108e-02
  4.3801520e-02
 -1.3015659e-01
  1.1100578e+00
 -1.1487248e+00
  2.7063625e+00
  3.1499904e-01
 -4.4771880e-03
  1.3729882e-01
  8.4773064e-01
  9.0856844e-01
 -2.2301557e+00
 -8.2342666e-01
 -1.0157166e+00
 -5.0397539e-03
 -1.8143830e+00
 -8.7939709e-02
  1.5936010e-02
 -7.9068512e-02
 -2.6935699e+00
 -4.6408477e-01
 -2.7609243e+00
 -1.1088982e+00
 -2.7319841e+00
  2.2254398e+00
 -7.9479679e-02
  4.7409604e-04
  1.7037137e+00
 -4.1579553e-03
 -9.9992365e-01
  1.3806231e-01
 -3.3012987e-04
 -3.0488899e-01
  1.9806855e+00
  3.1982619e-01
 -1.6349494e-02
 -3.1463191e-04
 -5.2999437e-02
  1.9402908e+00
 -1.2907885e-01
 -1.6414663e-01
 -2.9357154e+00
  1.8530595e-04
  9.9218130e-02
  1.7010497e+00
  7.5784677e-01
 -6.4869153e-01
  6.7851055e-01
  1.5353729e-03
 -3.6093026e-02
 -1.9564351e-01
  9.0797263e-01
 -8.6688297e-03
  1.3779946e-01
 -1.1987817e-01
 -1.0638399e-01
 -1.3057383e+00
 -1.6265385e-01
 -1.5225400e+00
  9.8069340e-02
 -9.7139359e-02
  2.7232196e+00
  1.3588344e-01
 -1.2581159e+00
  4.9642600e-02
 -8.4598094e-02
  1.5173142e+00
 -5.2214980e-01
 -8.3767414e-01
  1.3268670e-01
 -2.1151628e+00
  9.8898280e-01
 -2.3670890e+00
 -9.9517995e-01
 -1.8722725e+00
  8.4689099e-01
 -2.2243154e+00
 -1.4462979e+00
  1.0289558e-03
 -2.4652376e-03
  1.1009513e-03
 -1.4657700e-03
  1.8988131e-03
  1.1760315e-03
  4.4789322e-04
 -2.0056057e-03
  5.5938069e-04
 -9.1948506e-04
 -4.2744775e-04
  2.3823259e-04
 -3.9716379e-05
  1.5169204e-03
  1.8278771e-04
 -4.6418022e-04
  5.6008244e-04
  3.0448197e-03
  5.5448991e-01
  8.0332573e-04
  2.4274729e-04
  2.0107062e-04
  6.5760670e-04
  7.6656703e-05
 -3.5817621e-03
  7.8249868e-04
 -9.0520829e-04
  2.6923490e-03
  1.9298015e+00
 -3.7191132e-01
  5.8175664e-04
 -7.9559203e-04
  5.4127121e-01
 -6.1501354e-01
 -6.3616949e-01
 -2.8777519e-01
 -8.1806320e-01
 -2.4304468e-02
  2.1939084e-03
 -9.6581459e-02
 -1.3129822e+00
 -3.0147447e-04
  9.6876973e-01
 -1.7481210e+00
  6.6257805e-01
 -3.1868315e+00
  1.2486468e-03
  5.2575137e-02
  1.5799901e-03
 -5.9163874e-01
  6.1757015e-03
  6.4960730e-01
 -3.9490330e+00
  4.8303801e-01
 -7.4877465e-01
 -3.4080059e-04
  5.9921738e-02
  8.7236732e-02
  5.0206246e+00
 -1.2465551e+00
 -4.4503570e+00
 -2.3278174e+00
  8.5013163e-01
  4.8734979e-03
  6.5644884e-01
  2.7870948e+00
  1.2831287e+00
 -2.1534898e+00
  8.2304150e-01
  3.8507998e-01
  6.5196323e-01
  1.3402003e+00
  7.2047716e-01
  2.8518326e+00
 -2.8482137e+00
 -4.2719868e-01
 -3.0107152e+00
 -6.2515423e-02
 -1.4786832e-02
  1.1647407e-01
  2.1867068e+00
  1.6012573e+00
  5.4952437e-01
 -5.2027589e-01
 -2.3759480e+00
  2.0828788e+00
 -3.0733354e+00
  1.2855269e+00
  2.4247701e+00
  3.4788784e-02
 -7.7906156e-01
  1.1771664e-01
  1.3100232e+00
  7.9820102e-01
  1.4036857e+00
  2.7029030e+00
  8.2335150e-01
 -1.4995205e+00
  2.9410887e+00
  1.5075225e+00
  3.4397175e+00
  8.4040409e-01
  1.8371949e+00
  7.3406436e-02
 -5.9425700e-02
  5.2647132e-02
  8.6518556e-02
 -1.3881258e-02
  1.8328153e+00
  5.5264843e-01
 -5.4857051e-01
 -6.8586779e-01
  3.6212581e-01
 -4.5702123e-04
 -1.0590757e-03
 -2.8379064e-04
 -4.3056107e-01
 -2.5333008e-01
  3.3428814e-04
  1.0202003e-04
  2.3205695e-03
 -1.1328664e-02
  8.0374250e-04
 -6.6580152e-04
  2.6232887e-03
  1.4763321e-04
 -5.5245718e-04
 -1.1433710e-03
 -2.0770610e-03
  5.0488166e-03
  3.0880651e-04
 -3.1163841e-03
 -4.6506371e-05
  1.2155335e-04
 -8.6436071e-04
  3.2329818e-04
 -4.1100715e-04
 -4.5929037e-04
  3.6835138e-04
  1.1406600e-03
  7.8416491e-01
 -4.8510587e-01
  3.4037545e-05
  3.0955323e-03
 -8.8253175e-04
 -7.3029817e-04
  4.9340469e-03
 -2.2576051e-04
  7.4539506e-01
 -2.2109208e-01
 -8.0735244e-02
 -5.9597824e-02
  1.6705137e-03
  2.9963744e-01
  2.9458851e-01
 -1.4424276e-02
  3.0022202e-02
  2.5523520e-01
  1.2917671e-01
 -1.4984337e-02
  9.4586417e-02
 -9.6152755e-05
 -4.7883845e-04
  1.3330331e-01
 -1.7473288e-02
 -9.4847761e-02
 -2.3683380e-01
  6.3501275e-01
 -5.4180634e-01
 -1.4709375e+00
  3.2490021e-01
 -6.5348476e-01
  4.6469150e+00
  7.3586345e-01
  1.8729197e-02
 -8.5855168e-01
 -1.2020018e+00
  2.3643007e+00
 -7.4736297e-02
 -2.1895936e+00
  2.7013016e+00
 -5.1220502e-03
 -1.2039404e+00
 -4.9271935e-01
  1.6956366e+00
  3.8102004e-01
  1.3350863e+00
 -2.6253679e+00
 -7.5137476e-05
  1.4721171e+00
 -1.3239002e+00
  1.1375278e+00
  7.3191530e-01
 -1.1569872e-01
  9.4587004e-01
 -7.4745811e-05
  3.2783642e-03
  2.6918458e-05
 -1.8720733e-05
  6.7715923e-04
  3.1431433e-04
  1.1658607e-04
 -4.7666315e-05
 -8.4005040e-04
 -6.7031251e-05
  4.4203823e-04
 -2.0893980e-03
  3.0038098e-04
 -1.9871872e-03
 -1.9109200e-04
 -1.2846164e-04
  6.5293978e-05
 -8.3903136e-04
 -2.3909402e-04
  4.5176756e-05
 -6.7412044e-04
 -6.3319859e-04
  2.3582668e-04
  3.1173028e-04
 -1.3022340e-04
 -1.6870795e-04
 -1.2057399e-04
  1.5395801e-03
  2.9777168e-04
 -4.2849049e-01
 -5.1379699e-02
 -1.7600703e-01
 -2.2665523e-02
  3.5106233e-01
  2.1309948e+00
 -1.8498438e-03
 -4.5113702e+00
  1.4702532e-01
 -6.9306719e-01
 -9.4043243e-01
 -4.8732030e-01
 -2.4575314e-02
  1.7018335e-01
 -2.1054513e+00
 -8.7531847e-01
  3.4552872e-01
 -5.8375186e-01
  9.3638647e-01
 -1.0329905e+00
 -1.7429425e-01
  1.3752348e+00
  1.1475826e-01
  3.4330988e-01
 -2.7225082e+00
  9.4402099e-01
 -4.9809155e+00
  1.9670306e+00
  1.7584220e-03
  2.0274136e-03
  6.5545860e-04
 -3.3096017e-04
 -7.3871890e-04
  1.3164892e-03
 -6.3891523e-05
  1.6080887e-03
 -8.8308087e-05
  7.2801963e-04
 -1.5398345e-03
 -1.8845354e-04
  5.7038473e-04
 -1.8158625e-03
 -5.4973637e-04
  2.1383597e-04
  5.2670058e-04
 -1.9452519e-04
 -2.1152484e-04
  8.7116001e-04
  9.6794509e-04
  3.3648298e-04
 -5.3469877e-04
  7.5503386e-04
 -1.9892515e-04
  1.5763213e-03
  4.2106379e-03
 -1.9928522e-03
 -2.1370011e-04
 -2.6218226e-04
 -4.5682126e-04
 -6.5946946e-04
 -1.9988640e-04
 -1.3467735e-04
  6.8680855e-04
 -8.1391260e-04
 -7.6441327e-04
  1.0836792e-04
  3.7538831e-04
 -2.5983760e-04
  6.9063244e-05
  2.0864252e-03
 -1.3447372e-03
  1.5869782e-03
 -6.5694022e-04
 -2.7230999e-06
  1.0692717e-03
 -2.5442502e-04
 -1.1429908e-04
 -4.0753357e-04
  3.9699080e-04
  1.9938145e-04
 -5.0373643e-04
  3.5707396e-04
 -1.7219386e-04
  2.9846109e-04
  1.7662412e-03
  4.2697130e-04
  1.8160442e-03
 -1.1702483e-03
 -2.5231298e-03
 -9.6273492e-04
  1.1297272e-03
  1.8149482e-03
 -7.1633462e-04
  1.8385520e-04
  2.5783917e-03
  8.3017920e-05
  2.8071011e-04
 -7.8503491e-04
  7.6378812e-05
 -2.7568894e-06
  9.9089218e-04
  6.4023776e-04
 -3.6217883e-04
 -1.7986201e-04
 -7.8979338e-04
 -3.4129561e-04
 -4.9574664e-05
  6.0312339e-04
 -8.0376526e-04
 -2.3687576e-04
  9.6702628e-04
 -1.1545582e-03
  1.5579070e-03
  7.3163531e-04
 -4.7186602e-04
  2.5262678e-04
  2.1871091e-03
 -1.1960915e-03
 -8.3143142e-04
 -1.8752758e-04
  7.9717734e-05
 -5.2782983e-05
  5.1999494e-04
 -6.7937054e-04
 -5.8683997e-04
  4.6061393e-04
 -4.1240419e-04
  1.2305009e-03
 -6.8087352e-04
 -6.4713240e-06
 -5.4390455e-04
 -2.3053910e-03
 -5.3486647e-04
 -2.0730276e-04
  3.7440931e-04
  1.1504638e-03
 -1.8778840e-03
 -8.5639709e-05
 -8.6019130e-04
 -9.4932987e-04
  2.7064072e-02
  2.3944949e-01
  1.0236751e+00
 -9.9448830e-01
  6.4541134e-03
 -8.3792245e-01
  1.5787235e+00
 -8.3165907e-04
  2.4486284e-01
 -2.3796327e+00
 -7.1025068e-01
  2.2556379e-02
  3.9481785e-02
  3.2619822e-01
 -2.2944264e+00
  2.7478285e+00
 -1.1244398e+00
  6.8120986e-01
  4.0740815e-01
  9.4518876e-01
  2.0828292e+00
 -3.1680298e+00
  9.7584671e-01
  6.7082453e-01
  2.3758488e+00
  3.0901682e-01
 -1.5398643e+00
  9.3027198e-01
 -2.1748319e+00
 -3.1183324e+00
  6.0289558e-02
 -6.4042002e-01
 -3.5287905e-02
  2.0626670e-02
 -5.6290418e-01
 -1.9617599e+00
 -7.9455513e-01
 -7.4354612e-04
 -9.9892926e-01
  5.5854648e-01
 -5.8691949e-01
 -1.3930094e+00
 -1.0954319e+00
 -5.8465332e-01
 -3.8572320e-01
  1.3094811e+00
 -8.3273053e-01
  5.4203200e-01
 -1.2585980e-01
 -1.4276663e+00
  4.2659166e-01
  3.8142877e+00
 -1.3864464e-01
  5.3478438e-01
  5.2927505e-02
 -2.4866509e+00
 -1.7914617e-03
 -7.7749617e-05
 -1.9975715e-04
 -8.4948726e-04
  7.1801682e-05
  5.9697606e-05
  1.5662808e-03
  3.3880342e-04
  9.0260117e-05
  5.7270273e-04
 -7.3745666e-04
  1.1356483e-03
 -1.9246434e-03
 -1.0705236e-03
  6.6178961e-04
 -8.7168541e-05
 -1.3703686e-03
  2.6358471e-03
  9.7427459e-04
  1.0480513e-04
 -1.8107340e-03
 -5.6013983e-04
  2.0851090e-04
 -7.3460280e-05
 -5.0193835e-03
  7.3769578e-04
 -2.6459037e-04
  4.8252006e-04
  3.2611659e+00
 -3.9617660e+00
 -3.4225042e+00
 -2.5635254e+00
 -4.2964342e-01
  1.4646861e-01
 -2.7584376e+00
  5.4654455e-01
  2.5705664e+00
  2.4884341e+00
 -1.0691808e-02
 -2.3542485e+00
 -1.3283955e+00
 -3.1579182e-01
 -1.4383583e-01
  2.5296965e-01
 -7.9060964e-02
 -6.0483646e-01
 -1.6840087e+00
  2.0457306e+00
 -8.3002543e-01
 -3.0302093e-03
 -1.6823446e+00
  2.4628495e-01
  4.2432718e+00
 -1.8057273e-01
 -3.6962056e+00
  2.0139080e-01
  1.3609166e-02
  1.1319377e+00
  3.2508475e-04
 -1.9954782e+00
  5.9197956e-01
 -2.4839731e-01
 -9.3879598e-01
 -2.1260275e-02
 -1.3252022e+00
  7.1532059e-01
  3.9297888e-01
  4.8128256e-01
 -1.2366924e+00
 -1.1324490e+00
  3.6644122e-01
 -1.0960499e+00
 -1.2702445e+00
  8.2139648e-02
  1.4830526e+00
 -9.4840944e-01
 -2.9821101e-01
 -2.0326226e+00
  2.0220623e+00
 -2.2072312e-03
  7.2365940e-01
  4.5876764e-04
 -3.2318220e+00
 -2.7020779e-01
 -4.0682961e-04
 -1.6031899e-04
 -5.0481237e-03
  1.6376972e-03
 -8.2646067e-05
 -2.1754757e-05
  1.8424890e-03
  3.7611988e-03
  2.3630587e-04
  1.6840285e-03
 -6.7201431e-04
  3.2101467e-05
  5.6707929e-04
 -6.1632751e-04
  1.0109066e-03
 -7.4557902e-06
  6.5543153e-03
  9.4486482e-04
  2.2197352e-04
 -1.4759315e-03
 -4.8948987e-04
 -5.5336952e-04
 -6.0157850e-04
  5.1885226e-04
  1.8062374e-03
  1.4149378e-03
 -1.5135112e-03
  2.3483997e-04
  1.1683134e-01
  6.9509656e-04
 -1.4222209e+00
  2.1244349e+00
  1.1548361e+00
  1.5125786e-01
  4.0517611e-04
 -3.6612761e-04
  1.5485383e+00
  3.1462225e-01
  7.4624616e-01
  1.9629463e+00
 -2.3138964e-01
 -1.6018033e-03
  7.3092663e-01
  1.1181631e-01
  3.3584777e-01
 -4.5340714e+00
 -9.8885858e-01
 -2.7311134e-01
  2.0015345e+00
  1.2335330e-01
 -1.9696496e+00
 -8.3829367e-01
 -1.1357767e-01
 -6.5062499e-01
 -2.0886965e+00
 -3.7868880e-02
 -2.4633532e+00
  2.9744840e+00
 -1.0637392e+00
  2.9774806e-01
 -1.5779079e+00
 -3.1213248e-01
 -2.1992667e+00
  1.7295400e+00
  2.9653373e+00
  4.7461009e-01
  4.1018870e-01
 -2.1935446e-02
  1.6324044e+00
  2.6805236e-03
  1.1859398e+00
  2.6514394e+00
 -1.7093761e+00
 -7.6077324e-01
 -1.6778785e-01
 -1.6187476e+00
  5.2292435e-04
  2.5463183e+00
  1.2282150e+00
 -6.8314654e-01
  5.1439400e-03
 -1.0345838e+00
 -8.7732434e-01
  5.6753725e-01
 -9.5339160e-04
 -1.7948952e-04
  2.9083714e-04
  2.1960976e-04
 -5.3707545e-04
 -1.0417640e-04
 -6.3509768e-04
  2.3519716e-03
  2.2223299e-04
 -1.0949125e-03
  6.5763365e-04
  5.0833449e-05
 -1.7926801e-04
 -6.0304103e-04
 -1.0285237e-03
 -4.0799624e-04
 -2.2742806e-03
 -8.6185755e-04
  4.6405528e-04
 -1.0318051e-03
  1.2028217e-04
 -1.1056168e-04
  6.0131686e-04
 -1.5492861e-03
  1.3125039e-03
  1.9455007e-04
  9.1280614e-05
  4.1208378e-04
  1.1083876e+00
 -1.9591486e-02
 -3.7944651e+00
 -3.1021047e+00
  2.2333274e+00
  1.7657317e-01
 -3.0594580e-02
  2.8849547e+00
 -4.6883292e+00
 -1.5918869e+00
  1.2756319e+00
 -3.5084806e-02
 -5.2533498e+00
  3.7791166e-01
  8.0760896e-01
 -3.0798981e-01
  4.8575011e-01
  1.3374615e-02
 -3.5379633e-01
 -4.3925333e-01
  2.4415920e-02
  5.2697772e-01
 -2.6033995e-01
  1.2993822e+00
  3.9163786e-01
  5.0649554e-01
  8.9566320e-01
  4.3961916e+00
 -3.9514902e+00
 -5.3178775e-01
  6.1971956e-01
  2.1070985e-01
 -1.1746486e+00
 -6.5841502e-01
 -2.7985609e+00
 -2.8824546e+00
  7.0373118e-02
  3.4179695e+00
 -5.5404053e+00
 -1.4323598e+00
  9.3091935e-02
  3.1352201e-01
 -1.4492057e-02
 -2.7230706e-02
 -1.5127793e-01
  6.9803154e-01
 -9.0918976e-01
  3.1417567e-01
  5.5966818e-01
 -1.2209357e-01
 -1.2369441e+00
  6.0071188e-01
  2.6761749e+00
  5.8097798e-01
  4.9975183e-02
  3.9196391e-02
  2.9119074e+00
 -2.0763464e-02
  4.7019899e-01
  8.1719321e-01
  1.2393852e-01
 -6.8366379e-01
  3.9104131e-01
  2.6847902e-04
  1.9339159e+00
 -6.3049853e-01
 -8.1587154e-03
 -6.1160976e-01
 -2.1241655e+00
  1.0660439e+00
  8.5649151e-01
 -4.4250255e+00
 -7.3064619e-01
 -1.8379583e+00
  1.1018266e-01
 -3.6971608e-01
  4.5903139e+00
 -1.2729716e+00
  1.5782270e-01
  5.9491079e-02
 -1.1211367e-01
  2.2751881e-01
  2.8359851e-01
  1.9375162e-01
  2.0554237e+00
 -1.5896271e+00
  1.5034350e+00
  9.3158460e-01
 -7.8464232e-02
 -3.0401161e-02
 -3.3110470e-01
  2.5339472e+00
  1.1951791e+00
  9.8492004e-02
  1.5405430e+00
 -1.2778093e+00
 -1.4549323e+00
  3.7856579e-02
  6.0747379e-01
 -4.5718303e-01
  1.0852311e+00
 -6.9327883e-02
 -2.6109773e-01
 -2.1452322e+00
  1.0448583e+00
  2.8505514e+00
 -2.6890287e+00
  7.1423310e-01
 -3.1894264e-01
  1.1703178e+00
  5.4406697e-01
  1.5415732e+00
  8.9188939e-01
 -6.0306317e-01
 -8.9120990e-01
  5.4553592e-01
 -3.3312762e+00
  7.4138075e-01
 -3.4125376e-01
 -7.1335495e-01
  2.1366117e+00
 -2.3588197e+00
  1.4652056e+00
  2.8940800e-01
  9.2465011e-03
 -7.7098809e-02
 -2.4341249e+00
  9.1552997e-01
 -1.7639688e-01
  3.1775832e-01
 -8.4436321e-01
  3.8004892e-03
 -1.6291029e+00
  2.9339778e-01
  3.5246659e-02
  2.3579154e+00
  3.6987810e+00
 -1.3450317e+00
  3.9438050e+00
  2.9892722e-01
 -1.2185980e+00
  2.7840459e+00
 -8.4397286e-01
  1.6720966e+00
 -9.0601099e-01
  9.1590710e-02
  1.5085515e+00
 -9.9972542e-04
  2.8349297e+00
  1.8023385e+00
 -2.7241142e-02
 -6.1721051e-01
 -3.5142228e-02
  1.2638311e-01
 -1.8505592e+00
  4.0251961e+00
  1.1190202e+00
  1.9171342e-01
 -1.5593511e+00
 -1.5397151e-01
 -2.7246913e-01
 -1.0921480e-01
  3.1383464e+00
 -3.7316507e-01
  1.5805140e-01
  3.2972535e-01
 -1.0197201e+00
  6.5747790e-02
  2.9835057e+00
  1.2613335e+00
  1.0295645e+00
 -2.3945102e-01
  2.7609737e+00
 -2.5702388e+00
 -1.0042887e+00
 -5.4781675e+00
  2.9840279e+00
  4.3310976e-01
  2.9485947e-02
 -1.3656905e+00
 -1.1258612e+00
 -1.5805923e+00
  4.0728822e-02
  2.2568446e-01
 -2.1049209e+00
  1.4312814e+00
  1.9667149e-02
  1.3765217e+00
 -6.6071592e-04
  3.3690748e-01
 -6.7955786e-01
  1.2572464e+00
 -3.5043478e-01
 -1.1832834e+00
 -1.0091382e+00
  1.1168919e+00
  9.3154925e-01
  3.2728484e-01
  1.3582555e+00
  1.5870602e+00
  5.9945438e-02
  2.6300766e+00
  2.5015478e+00
 -8.6715335e-01
  2.7800479e+00
  2.3866193e+00
 -1.1777016e+00
 -2.0902603e+00
 -3.5583997e+00
  1.0199217e+00
 -6.6469711e-01
  1.8116405e+00
 -5.2091775e+00
 -3.5110261e+00
  6.7490630e-02
 -1.5539643e+00
 -1.5317655e+00
  9.7175920e-01
 -2.3616021e+00
 -1.2647796e+00
 -2.9267278e-01
  1.0004838e+00
 -3.0947261e+00
  2.0369767e-01
  5.5110622e-02
  9.6245087e-04
  4.9963233e-04
 -1.4222155e-03
 -4.6975887e-03
 -3.8159790e-04
 -1.8418157e-04
  9.1814995e-04
 -1.3321271e-03
 -4.6708263e-02
  8.1961585e-04
 -2.3094611e-03
  1.1832363e-04
  4.8163757e-03
  6.3570688e-04
 -1.9574575e-03
  2.4932346e-01
  1.6453834e-02
  1.1377386e-05
 -2.0508695e-01
  4.2379336e-03
 -2.4509910e-03
  2.0356281e-02
 -8.3267056e-05
 -4.4221403e-03
 -1.7317734e-04
 -5.7298795e-04
  3.0760665e-03
 -4.7990117e+00
 -1.6888337e+00
  8.0436282e-03
  5.8572409e-03
  6.6723800e-01
 -4.8343733e-01
  2.6409669e+00
 -9.7251987e-01
  5.7463989e+00
 -2.0758640e-04
  2.6486552e+00
 -2.9188957e+00
 -3.1403604e+00
  9.3775493e-01
 -1.0993617e+00
  1.3838221e+00
  3.4438121e-01
 -1.1858227e+00
  7.2657031e-01
  9.1063678e-01
  2.7314296e+00
  7.0746499e-01
 -1.1544019e+00
 -6.7202342e-01
  2.1778116e+00
  1.3888688e+00
  2.1098371e+00
  2.5800929e+00
 -1.3662998e-01
  1.9172773e+00
 -1.4961209e+00
  2.2064033e+00
  1.1639719e+00
 -2.9001997e+00
  1.5330378e-03
 -5.9903305e-02
 -1.2640629e+00
  1.4000919e-01
 -1.7188393e-01
 -7.7009294e-04
  9.1008538e-01
 -8.5437605e-03
  3.9360258e-01
  1.6392823e-01
 -1.4779311e+00
 -1.1124384e+00
 -1.3988593e+00
 -4.5199689e-02
 -3.1614423e+00
  1.3262063e+00
  5.6307268e-01
  3.3939010e-01
  6.8842757e-01
  6.2166297e-01
  2.4777677e+00
  2.1013844e+00
  1.1305672e-03
 -1.1163938e-03
 -1.0773955e-03
 -1.1873984e-05
  1.1796649e-03
  1.6919480e-04
 -8.4038742e-04
 -2.4181312e-04
 -1.1774290e-03
  3.1434081e-04
  8.6310133e-04
 -1.5015255e-03
 -4.0250755e-04
 -6.6782872e-04
 -5.5029104e-04
  2.5639171e-04
 -1.9615813e-04
  9.7445812e-04
  3.2477116e-04
  7.3999341e-05
 -6.0617120e-04
  3.3440441e-04
  5.9540253e-05
 -2.1036884e-03
 -4.2760576e-04
  4.1981219e-04
  1.6845976e-03
 -1.1241065e-03
  1.1427416e-03
  1.9801939e-04
 -3.6819374e-06
 -1.7803127e-04
 -7.8355800e-04
  4.2769779e-04
 -3.0392569e-03
 -7.9465262e-04
  3.1097411e-04
 -2.6673439e-04
 -7.3530641e-04
 -1.9956033e-03
 -1.8784853e-04
  7.9404260e-04
  7.3913659e-04
  7.6158030e-06
  2.1773955e-04
 -1.1210516e-04
  3.7285691e-04
  1.2900501e-04
  3.0560535e-04
  1.2339742e-04
 -1.7353240e-03
  2.4807837e-04
 -1.0441754e-04
  1.7400135e-04
 -1.2681123e-03
 -1.0747740e-03
  9.3929648e-01
 -9.4350481e-01
 -5.6383079e-01
 -6.3480191e+00
 -1.5617952e-01
 -3.9047408e-01
 -6.9766277e-01
  2.4087589e+00
  1.2760016e-01
  3.4421876e-01
  6.6003364e-01
 -1.2062001e-01
  1.6438272e+00
  1.6111427e-04
  3.3444014e+00
 -3.1034205e+00
  4.9152529e-01
  1.1048502e-01
  5.7859749e-01
  3.9864862e+00
 -2.9855859e-03
  1.9025345e+00
  7.7526748e-01
 -5.6792909e-01
 -1.6464239e+00
  1.2977663e+00
  3.9960253e-01
 -2.6285499e-01
 -3.3488357e-01
 -4.4239584e-01
 -1.3589737e+00
 -3.1617358e-01
 -2.2099286e-03
  1.4345204e+00
 -8.0533171e-01
 -1.3264533e-03
 -5.5132663e-01
  9.6135116e-01
  5.2214289e-01
  4.2707231e-02
  1.6632966e+00
 -9.6120912e-01
 -9.9669844e-05
 -3.1904951e-01
  2.3733760e-01
  9.3809098e-01
 -4.5557739e-03
  9.4353199e-01
 -5.8087897e-03
  4.4908081e-04
  6.6633874e-01
  2.0415905e-01
  4.0118557e-01
  4.3231633e-02
  2.0514733e-01
 -1.1691794e-01
  3.9382753e-01
  5.7451284e-01
  1.4135997e-03
 -1.6442461e+00
  1.0488573e-02
 -2.9382029e+00
  8.2230603e-05
  3.5633931e-01
 -5.3092772e-01
  1.6113229e+00
  1.3545567e-01
  2.6129702e-01
  7.8289610e-01
 -1.7629279e-04
  1.1945737e-02
 -1.1136895e-02
 -1.1306916e+00
 -5.9249395e-01
 -5.4037189e-03
  4.9509495e-01
 -1.1995838e-01
  9.5541638e-01
  6.1484706e-01
 -1.9218153e-01
 -3.1981647e-01
 -1.2019093e-03
  7.9770945e-02
 -2.4724953e-02
 -1.4759638e+00
 -2.7194645e+00
  1.3808600e+00
  9.0900261e-04
  1.1660735e-02
  1.2627972e-03
 -1.3547688e-02
 -1.1758315e-01
 -4.6554487e-02
  7.0866451e-02
 -1.3517453e-02
 -2.3986271e-03
 -9.0345316e-02
 -3.6020804e-02
 -2.4808794e-03
  9.1551256e-01
  1.5148872e-01
 -1.6966297e-01
  1.3254868e+00
  1.7804451e+00
 -1.2848481e+00
  1.3884108e+00
  3.2272613e-01
 -6.2918645e-01
 -1.4967535e-01
 -2.5788295e-01
  3.7556583e-01
 -5.0377264e-04
 -1.8321017e+00
 -2.6532245e+00
  3.1086850e+00
  2.3531634e-04
  1.7833436e+00
  3.5261703e-01
  1.6551952e+00
 -2.0322751e-01
 -5.2629405e-01
 -1.3393420e-02
  2.2554374e+00
 -1.5391233e+00
 -7.5272149e-03
  4.6254099e-06
 -2.8472617e+00
 -1.8448002e+00
 -2.2131302e+00
  4.5574743e-01
 -1.6641270e+00
 -1.5085671e+00
 -3.2979875e+00
  6.1985094e-02
 -6.5521795e-01
 -1.1682441e+00
  6.0977530e-01
 -1.4030126e+00
 -2.8225858e+00
 -8.1759828e-01
  4.2728729e+00
  2.2836491e-02
  1.3334543e+00
 -2.0196930e-02
 -1.7540930e-01
  7.1762764e-01
 -2.0748641e+00
 -1.7500188e+00
 -1.5257031e+00
  2.0390787e+00
 -1.0898454e-01
 -3.2001704e-01
  2.2236803e+00
  5.4904670e-01
 -1.2804686e-01
  8.9898407e-01
 -1.3173808e+00
 -8.5459220e-01
  9.2046249e-01
  2.7631955e+00
  1.8907031e-03
 -6.5327489e-01
 -1.6466552e-01
  4.7189826e-01
  8.7236422e-01
 -4.8460490e-01
 -5.7185757e-01
 -7.3135144e-01
 -4.8244873e-04
 -2.0523179e-04
 -1.6201253e-04
 -1.1689810e-03
 -9.3402996e-06
 -2.4086203e-04
 -9.3175936e-04
  1.8066712e-04
 -5.5198424e-04
 -7.8851212e-04
  2.5640220e-05
  2.4442218e-04
  8.3026575e-04
  4.9579283e-04
 -3.7043996e-05
  1.4573818e-03
  2.4899852e-04
  1.8719354e-01
 -5.8919739e-04
 -5.5287813e-04
 -5.9868774e-04
  1.4583013e-03
 -6.4694505e-05
  4.9260288e-04
 -1.2052122e-04
  2.1309343e-03
  1.1963383e-03
 -1.1843276e-04
 -7.9737622e-01
 -9.8539853e-01
  6.5713364e-01
 -3.2003722e+00
  3.5780686e-01
 -6.0804927e-01
  1.8254092e+00
  5.3932816e-01
  2.5793014e-02
 -2.3812063e-01
  3.0571774e-01
  1.2318050e-01
  4.5133972e+00
  6.3491246e-04
 -5.1408821e-01
 -3.6797140e+00
 -1.2785261e+00
  4.6520777e-02
 -1.2379506e+00
  1.2826791e+00
  1.0769249e+00
  2.1252837e+00
  1.1415508e-02
 -1.4055929e+00
 -1.7674291e+00
 -5.4782194e-01
 -3.2529840e-03
 -1.7781538e-03
 -2.7793376e+00
 -4.7529582e-02
 -9.3086779e-01
  2.6514134e+00
 -4.8291725e-01
  7.7322829e-01
 -1.5899955e+00
 -1.4029969e+00
 -4.8175842e-01
  2.4319570e-01
  3.3434396e+00
  1.2348870e+00
 -1.0873888e+00
  2.9275945e-04
 -1.7830659e-01
  2.2280934e+00
  5.9769911e-01
 -4.3346834e+00
 -2.3233461e-01
  3.3183223e-01
  3.0545926e-01
  1.4438561e+00
  5.4137403e-01
  1.5138371e+00
 -1.5000598e+00
  6.1639917e-01
  1.3016027e+00
 -1.2265607e+00
  2.3526508e-01
 -1.1411626e-04
  6.0130673e-04
  4.2923668e-01
  6.8915039e-03
  1.6927984e-02
  3.9218564e-04
  6.3265563e-04
  1.1322425e-01
 -9.5868014e-02
 -1.6594367e+00
 -2.0487406e-04
  5.0909340e-04
  4.2135152e-04
 -2.6783019e-03
 -2.1551948e-03
  5.4379719e-01
 -3.3791405e-01
  3.0411661e-03
 -1.4504552e+00
  3.3684507e-02
  1.1940044e-02
 -7.8663207e-04
  1.4490785e-01
 -3.5340868e-02
  9.1689549e-02
  5.5719155e-04
  1.1152696e-03
 -1.8612474e+00
 -5.4305094e-01
  1.3331852e+00
 -1.4296186e+00
 -1.3189545e+00
  1.1217830e+00
 -6.6261606e+00
  1.7191253e+00
 -9.1891259e-01
  1.5885748e-01
 -1.2035027e+00
 -5.4689334e-03
  7.8803134e-01
 -2.7180834e+00
  6.9836354e-01
 -1.9621018e-02
 -4.1126251e-01
 -2.0297511e+00
 -2.5372674e+00
 -1.9850657e+00
 -3.2626584e-01
  1.5511080e+00
  2.6177445e-01
 -4.1465175e-01
 -1.0230011e+00
 -9.2321581e-01
  2.7363846e+00
 -2.1535892e+00
 -1.0087301e+00
  5.6769758e-01
  3.8225573e-01
 -1.2591060e+00
  1.4586543e-04
 -5.4435748e-01
 -7.7231646e-01
  1.7725580e+00
  2.7257964e-05
  4.6330923e-01
  7.4539012e-01
  8.8800193e-04
 -6.4715320e-01
  2.1149745e-04
  1.3144484e-03
 -1.6303945e-03
  6.4046256e-04
  1.0357428e+00
 -6.1142866e-02
  4.7402762e-05
 -6.5461439e-01
 -7.3646122e-01
 -2.9164614e-05
  2.5217693e-02
 -1.1756376e+00
  3.0984959e-04
  9.6052575e-01
 -1.9335700e+00
  4.3637048e-02
  1.3628837e+00
 -8.6070269e-01
  6.9336641e-01
 -6.6581279e-01
  8.1544089e-01
 -5.6456488e-01
  1.0550181e+00
  8.5927558e-01
 -2.0014679e-04
 -2.1680947e-03
  6.1671174e-01
  1.1217190e+00
  4.5639506e-01
 -4.4458306e-01
  9.2837363e-02
  1.9881587e+00
  1.4622787e-04
 -1.2366970e+00
  5.1226652e-01
 -4.9377063e-01
 -1.1924720e+00
  5.8417237e-01
  3.1986885e+00
 -4.7550419e-01
 -7.4822700e-01
  1.0158529e-01
  4.7591376e-01
 -2.8459110e+00
 -7.5591671e-01
  1.9449821e-01
  7.3419660e-01
 -1.0257205e+00
 -3.9895441e-02
  7.9048532e-01
 -6.2972948e-02
  7.3526206e-04
 -1.4886778e-03
  7.4324739e-04
  5.6432712e-01
 -5.6096798e-01
  1.3777459e-03
 -9.7196478e-01
 -6.5345407e-01
 -9.0470694e-02
  1.0944798e+00
  8.6933857e-01
  2.3611025e-04
  2.7739606e+00
  1.5011162e+00
  8.2334960e-01
  1.6588584e+00
  2.5944462e+00
  1.2080566e+00
 -1.8678858e+00
 -3.8701932e+00
  2.5819388e-01
  9.3066561e-01
 -8.6296701e-01
  6.3782680e-04
 -3.8080395e-04
 -5.0671440e-01
 -5.4295790e-01
 -7.4194217e-01
 -5.4692054e-01
 -2.1615491e+00
  1.4482887e+00
 -6.2223747e-02
  9.4987971e-01
  2.4361243e+00
  2.4587768e-01
 -9.7375017e-01
  1.9905502e+00
  6.6270369e-01
  5.7077724e-01
 -4.9731803e+00
  1.2256856e+00
 -1.9437340e+00
  8.0054748e-01
  1.0848795e+00
 -1.0072221e-01
  8.1591539e+00
  2.8397868e+00
 -2.0944195e+00
  1.1101925e+00
 -6.7418075e-01
 -5.8900464e-01
  3.7867591e-01
  6.7542595e-01
 -5.4531771e-01
  1.0006064e-01
 -9.8680145e-01
 -1.7463383e-01
 -1.0002775e-01
 -1.0000811e-01
  4.0791085e-01
  2.1927179e-01
 -2.1861675e+00
 -6.3408065e-01
  8.6034685e-01
 -8.9330471e-01
  1.0728632e+00
 -6.4157885e-01
 -1.0060951e+00
 -1.0000809e-01
 -9.6081591e-01
  3.6442855e-01
 -3.9624250e-01
 -1.3830897e+00
 -3.5212600e-01
  7.9328614e-01
  1.1497258e+00
  4.8958877e-01
  3.3951369e-01
 -2.6172841e+00
 -6.8872833e-01
 -1.0075733e-01
 -6.9695373e+00
  1.0482534e-01
  1.5026346e+00
  5.4079902e-01
 -4.0376365e-01
 -8.5870868e-01
  1.0002099e-01
 -1.1252229e+00
 -3.6064047e-01
  2.5904220e-01
 -5.7497507e-01
 -5.1385915e-01
 -2.0688083e+00
 -2.3234081e+00
  1.8969066e+00
  1.3055344e+00
 -1.2749400e+00
 -1.6479553e+00
 -1.8464178e-01
  1.2499074e+00
  1.8904132e-01
 -1.7572773e+00
  2.7073124e-01
 -4.1950974e-01
  1.0924872e+00
  1.0000164e-01
  1.0660673e+00
  5.1775283e-01
  3.2608950e-01
 -8.7205672e-01
  2.0025292e-01
  9.9502355e-01
  1.0002490e-01
  1.6830378e+00
  1.4646927e+00
  1.0015063e-01
 -3.5828223e+00
  1.6665455e+00
  1.0001227e-01
 -1.6697955e-01
  6.4535332e-01
  1.8394594e-01
 -2.7785087e+00
 -8.6293489e-01
 -6.4702411e+00
 -1.7963492e+00
  1.0194432e+00
  9.1352457e-01
 -4.0446541e-01
 -1.0929072e+00
 -1.9235798e+00
 -1.3230159e+00
  1.9767809e+00
 -1.2223819e-01
  5.9348470e-01
  1.3394507e+00
  1.3391166e+00
 -1.0000517e-01
  9.0148979e-01
 -1.6388332e+00
  1.0003530e-01
 -2.1110581e-01
  1.9443855e+00
  2.0329976e-01
 -2.9622477e-01
 -1.2833016e-01
 -1.6642740e+00
 -3.4792727e-01
 -3.2863958e+00
 -1.0083439e+00
  1.0000209e-01
 -9.3451780e-01
  4.6450539e+00
  3.9639554e+00
  1.0707556e+01
  4.9728103e+00
 -3.5629031e-01
 -4.6768200e-01
  1.9383559e-01
 -1.7614825e+00
 -7.6425833e-01
 -1.4859786e+00
 -6.4869642e-01
  1.0019973e-01
  1.0001927e-01
 -2.7113676e-01
  3.6810079e-01
  1.9042915e+00
 -1.0000069e-01
  1.1086513e+00
  8.7542969e-01
  8.2543391e-01
 -2.6107392e+00
  1.3237651e-01
  8.7375194e-01
  2.0181670e+00
  2.1847190e-01
 -9.8250240e-01
 -4.0393928e-01
  2.2668302e-01
 -5.7371670e-01
  1.0002366e-01
 -2.0881371e-01
  1.2417798e+00
  2.7841778e+00
  2.9276898e+00
  6.8574518e-01
 -1.4099866e-01
  1.0007365e-01
 -4.8389163e+00
 -1.8432710e-01
  1.3478942e+00
  1.0003145e-01
 -9.9168724e-01
 -2.4956408e+00
 -1.0931374e-01
  1.9091446e+00
 -1.4265332e+00
  2.0867331e-01
  1.0109445e-01
 -3.8800926e+00
 -1.9952484e+00
 -1.0000616e-01
  1.2534184e+00
 -9.1489524e-01
 -2.7931199e+00
  9.5182669e-01
 -4.8478469e-01
  3.3168876e-01
 -1.1778146e+00
 -4.2616973e+00
  6.6531396e-01
 -6.4354652e-01
  8.8561809e-01
  8.2469267e-01
  1.0005408e-01
 -6.5927303e-01
 -1.9237437e+00
  4.7978455e-01
 -3.6226612e-01
 -3.6577835e+00
 -1.6657562e+00
 -1.6931962e+00
 -1.0007460e-01
 -1.0000695e-01
  2.1593070e+00
 -1.0012344e-01
 -1.0011367e-01
  1.7151753e+00
 -1.2867270e+00
 -1.0001227e-01
 -4.3491980e-01
 -2.1021302e+00
 -5.9147948e-01
 -1.3822751e-01
  7.4729300e-01
  2.4795108e+00
  1.0039039e-01
  3.5445116e+00
 -8.2679039e-01
  1.0010894e-01
  1.0000052e-01
  3.1263297e+00
 -1.0001066e-01
 -1.9853631e-01
  5.0007081e-01
  2.2733512e+00
  1.2117081e+00
 -1.5684695e+00
 -1.0000970e-01
 -1.5709140e+00
  1.0003795e-01
  1.0745190e+00
 -5.6218857e-01
  1.7350295e+00
  1.1762032e-01
  1.7183177e+00
 -2.5379663e+00
 -9.8721921e-01
 -8.3754116e-01
 -2.7792952e+00
 -8.2496870e-01
  1.2146767e+00
  2.5838284e+00
  1.0006479e-01
  2.5093870e+00
  6.4612252e-01
 -1.7645655e+00
  2.3780744e+00
  1.2246472e+00
  1.0000667e-01
  8.8043112e-01
  1.8162698e+00
 -3.5501903e-01
 -6.6235000e-01
  1.9972116e+00
  1.0002182e-01
 -1.8227609e+00
 -1.0002156e-01
 -1.3565099e-01
 -1.4805138e+00
 -5.5612117e-01
  1.3257899e+00
  1.0003101e-01
 -2.1393728e+00
  1.0000160e-01
  1.0000448e-01
 -3.6604658e-01
  2.1252120e-01
  3.6047304e-01
  2.0942017e-01
 -3.5936826e-01
  1.3706329e-02
  1.3706329e-02
  1.3706329e-02
  1.3706329e-02
  1.3706329e-02
  1.3706329e-02
  1.3706329e-02
  4.0729977e-03
  4.0729977e-03
  4.0729977e-03
  4.0729977e-03
  4.0729977e-03
  4.0729977e-03
  4.0729977e-03
  4.7328230e-03
  4.7328230e-03
  4.7328230e-03
  4.7328230e-03
  4.7328230e-03
  4.7328230e-03
  4.7328230e-03
  4.2956322e-03
  4.2956322e-03
  4.2956322e-03
  4.2956322e-03
  4.2956322e-03
  4.2956322e-03
  4.2956322e-03
