64 4 3 0 0 0 0
1 1 1 10.868 10.868 10.868
0 0 0 0 28
0 0 2.717 2.717 28
0 2.717 0 2.717 28
0 2.717 2.717 0 28
0 1.3585 1.3585 1.3585 28
0 1.3585 4.0755 4.0755 28
0 4.0755 1.3585 4.0755 28
0 4.0755 4.0755 1.3585 28
0 0 0 5.434 28
0 0 2.717 8.151 28
0 2.717 0 8.151 28
0 2.717 2.717 5.434 28
0 1.3585 1.3585 6.7925 28
0 1.3585 4.0755 9.5095 28
0 4.0755 1.3585 9.5095 28
0 4.0755 4.0755 6.7925 28
0 0 5.434 0 28
0 0 8.151 2.717 28
0 2.717 5.434 2.717 28
0 2.717 8.151 0 28
0 1.3585 6.7925 1.3585 28
0 1.3585 9.5095 4.0755 28
0 4.0755 6.7925 4.0755 28
0 4.0755 9.5095 1.3585 28
0 0 5.434 5.434 28
0 0 8.151 8.151 28
0 2.717 5.434 8.151 28
0 2.717 8.151 5.434 28
0 1.3585 6.7925 6.7925 28
0 1.3585 9.5095 9.5095 28
0 4.0755 6.7925 9.5095 28
0 4.0755 9.5095 6.7925 28
0 5.434 0 0 28
0 5.434 2.717 2.717 28
0 8.151 0 2.717 28
0 8.151 2.717 0 28
0 6.7925 1.3585 1.3585 28
0 6.7925 4.0755 4.0755 28
0 9.5095 1.3585 4.0755 28
0 9.5095 4.0755 1.3585 28
0 5.434 0 5.434 28
0 5.434 2.717 8.151 28
0 8.151 0 8.151 28
0 8.151 2.717 5.434 28
0 6.7925 1.3585 6.7925 28
0 6.7925 4.0755 9.5095 28
0 9.5095 1.3585 9.5095 28
0 9.5095 4.0755 6.7925 28
0 5.434 5.434 0 28
0 5.434 8.151 2.717 28
0 8.151 5.434 2.717 28
0 8.151 8.151 0 28
0 6.7925 6.7925 1.3585 28
0 6.7925 9.5095 4.0755 28
0 9.5095 6.7925 4.0755 28
0 9.5095 9.5095 1.3585 28
0 5.434 5.434 5.434 28
0 5.434 8.151 8.151 28
0 8.151 5.434 8.151 28
0 8.151 8.151 5.434 28
0 6.7925 6.7925 6.7925 28
0 6.7925 9.5095 9.5095 28
0 9.5095 6.7925 9.5095 28
0 9.5095 9.5095 6.7925 28
