nep3 2 C H 
cutoff 4 4
n_max 6 6
basis_size 8 8
l_max 4 0 0
ANN 50 0
 -6.3008589e-01
 -1.2346122e+00
  3.0677396e-01
  2.9443157e+00
 -2.0426865e+00
  2.1279627e-01
 -1.6912103e-01
  7.2225660e-02
 -1.7101963e+00
  9.7916698e-01
  9.4456559e-01
 -2.4796931e-01
 -5.8231050e-01
 -4.4357209e+00
  3.0706606e+00
  3.2847357e-01
  4.6830446e-01
 -9.7296143e-01
 -3.2956018e+00
 -2.7884865e-01
  3.9685280e+00
  2.7509763e+00
 -9.5022929e-01
  1.1745077e+00
  1.0960838e+00
 -3.5293782e-01
  1.1901202e+00
 -2.0898826e+00
 -7.1173018e-01
 -6.3940912e-01
  9.4518954e-01
 -5.3966832e+00
  1.2681088e+00
 -5.6983769e-01
  1.8213991e+00
  4.5020464e-01
 -5.9992105e-01
 -1.5893393e+00
 -7.3088139e-01
  2.0337944e+00
  2.9722971e-01
  7.4721330e-01
  1.1874193e-01
  2.4877818e+00
  8.0309165e-01
  6.8528730e-01
  1.4478049e+00
  2.5378661e+00
 -1.0743146e+00
 -7.3668337e-01
 -2.2963231e+00
  5.1876253e-01
 -2.4315454e-01
 -2.5414608e-02
 -1.6601208e+00
 -6.4394623e-01
  7.8225821e-01
  6.1323053e-01
  4.3527737e-01
 -2.3837379e-01
  1.6567823e+00
  1.3855685e+00
  3.4487963e-01
 -3.7430069e-01
 -8.6568516e-01
 -5.0610662e-01
 -1.2000101e+00
  1.5812677e+00
 -3.1921774e-01
  9.2033201e-01
 -5.3621805e-01
  2.0162854e+00
  1.4597141e+00
 -9.3985593e-01
 -2.1932704e+00
 -1.1530027e+00
  2.6162693e-01
  4.4752252e-01
  8.1739175e-01
  5.9454612e-02
 -4.6571654e-01
  9.1852760e-01
  1.0398290e-01
 -6.4013141e-01
 -2.5433257e+00
 -7.8651470e-01
 -1.1537741e+00
  8.0711526e-01
  5.6600195e-01
 -3.1077024e-01
  9.4103670e-01
 -7.2311169e-01
 -5.6182873e-01
 -5.7159395e+00
  7.8381360e-01
  1.2839755e+00
 -1.1335469e+00
  2.3270531e+00
 -1.7591932e-01
 -1.8010955e-01
 -7.0538133e-02
 -1.8488764e+00
 -2.1359871e-01
  9.3323603e-02
  2.3270553e-01
  3.4753780e+00
  1.2355847e+00
  7.1614593e-02
  3.1847887e+00
  2.0415597e+00
 -2.0792665e-01
  2.2132716e+00
  1.5848254e+00
  1.0341574e+00
  1.0102988e+00
 -1.1928675e+00
 -1.0555611e+00
  7.2499263e-01
 -1.4932406e+00
  7.9227680e-01
 -9.0197098e-01
 -1.2265346e+00
  3.3340914e+00
  3.3980877e+00
 -1.5152881e+00
 -7.6346405e-02
 -8.3553243e-01
  3.5577765e-01
 -9.5819443e-01
 -5.8068424e-01
 -4.7837013e-01
  1.9959157e+00
  1.2056789e-01
 -1.1138646e-01
  1.0573360e+00
  4.1038674e-01
 -1.2155409e+00
 -1.6081747e-01
 -6.4155042e-01
  3.3183384e+00
  1.7700353e+00
  1.2692153e-02
  1.0709272e-01
 -3.1964188e+00
 -4.3281272e-01
  2.2841878e-01
 -2.7181869e+00
 -2.3223159e-01
 -8.0275345e-01
  5.4003268e-01
 -1.3374732e+00
  3.3834836e-01
  1.1063645e+00
 -2.3045151e+00
 -3.6682707e-01
 -1.0585623e+00
 -4.5810500e-01
 -1.6920562e+00
 -1.0935323e+00
  5.5703980e-01
 -4.9977973e-01
  1.6935481e+00
  8.2775593e-01
 -4.7657177e-01
 -1.7723471e+00
  4.8419327e-01
 -1.0507381e+00
  7.4867052e-01
  3.0972204e-01
 -2.7087238e-01
  3.1306550e-01
 -1.1529515e+00
 -5.8157539e-01
  2.2842972e+00
  3.6388073e+00
 -2.7194102e+00
 -1.2407850e+00
  3.7482369e-01
 -1.6718714e+00
  2.0996816e-01
  6.4601105e-01
  5.4100531e-01
 -4.0599176e-01
  1.1132036e+00
  9.7821635e-01
 -9.6358335e-01
  3.5368711e-01
 -2.1440470e+00
  1.3513927e-01
 -1.7299066e-01
 -2.0848446e+00
 -1.0112740e-01
 -3.9863595e-01
 -3.8477612e-01
 -9.4751585e-01
 -8.6340392e-01
 -5.4171354e-01
 -2.9250958e+00
  4.4358331e-01
 -2.8997898e+00
 -7.1209514e-01
  1.7798632e+00
  1.9127810e+00
  6.1137587e-01
 -1.0465081e+00
  1.2430824e-01
  2.0033543e-01
  3.7853932e-01
 -4.6401626e-01
 -1.8962389e+00
  1.7788610e+00
  8.3720171e-01
 -1.7908674e+00
 -1.0739045e+00
  2.3988049e+00
  2.3418460e+00
  7.8167689e-01
  1.7542796e-01
  7.2290099e-01
 -1.1155878e+00
 -2.4384741e-02
  1.1548651e+00
  5.4515868e-01
  3.3245463e+00
 -3.2288754e-01
  4.4072267e-01
 -2.6943845e-01
 -1.3387179e+00
 -3.1029751e+00
  1.4829303e+00
  5.5378842e-01
  1.3139635e+00
 -1.0894874e+00
  3.1775739e+00
 -2.8685074e+00
  2.5839958e+00
 -9.3211633e-01
 -2.4873719e+00
 -1.3202229e-01
  6.7880207e-01
  3.1705859e+00
  6.0076094e-01
  2.0399134e+00
 -4.1725731e-01
 -1.3910651e-02
  9.3781698e-01
 -8.8668323e-01
 -1.0475981e+00
 -9.2987126e-01
 -9.4189489e-01
 -8.8221675e-01
 -1.4953710e+00
 -1.4014590e+00
 -8.1918144e-01
  7.6899219e-01
  3.4270352e-03
  3.9452320e-01
 -3.1186545e-01
 -2.4937923e+00
 -1.0520140e+00
 -3.3779516e+00
  3.1391747e+00
 -3.1893249e+00
 -6.1102171e+00
 -3.4508469e+00
  2.0977926e+00
 -3.3176598e-01
  1.8594822e+00
 -7.7614045e-01
 -1.0901622e-01
  1.4576577e+00
  8.4306687e-01
 -2.3917806e+00
 -7.9514593e-01
 -6.5072191e-01
 -3.1628096e+00
  2.1245787e+00
 -7.5949478e-01
 -8.8956106e-01
  1.1446991e+00
  5.8078784e-01
  2.2730937e+00
 -1.5240408e+00
  2.9513083e+00
 -1.4844936e+00
 -9.2782515e-01
 -5.6523412e-01
  1.3986621e+00
  5.5478776e-01
  1.4469602e+00
 -3.0137224e+00
 -2.3581116e+00
 -3.0376172e-01
 -7.0856756e-01
  2.0787226e-01
 -8.8332605e-01
  2.1367931e+00
  3.1576851e-01
 -4.3087468e-02
 -1.2305191e+00
  3.1520888e-01
  4.0189300e+00
  2.4584701e+00
  3.3606347e-02
 -6.8403620e-01
  1.2974560e+00
 -1.6989292e+00
  7.3991418e-02
  2.2149122e+00
  1.5027094e+00
 -2.2557526e+00
  3.1392176e+00
 -9.7280586e-01
  1.0731208e+00
  2.8508827e-01
 -1.0903566e+00
  3.8948879e+00
  5.4162048e-02
  1.6092280e+00
  1.1795770e+00
 -8.8047929e-02
 -7.6294309e-01
  7.6853806e-01
  2.5784090e-01
 -1.9747101e-01
  4.8492500e-01
  1.8900858e+00
  3.1629953e-01
  1.3812359e-01
  4.3857974e-01
 -2.1786532e+00
  3.1708660e+00
  9.1162580e-01
 -7.0693672e-02
 -1.6384871e+00
  6.3332200e-02
 -1.4080348e+00
  1.2979213e+00
  1.3190478e+00
  5.2866089e-01
 -1.0969527e+00
 -1.9755318e+00
  9.3181282e-01
  5.2197659e-01
  1.9076906e+00
  3.4334861e-02
  5.1252174e-01
 -3.3436880e-01
  1.2680422e+00
 -3.4376651e-02
 -3.6880699e-01
  4.5833945e+00
  5.7823223e-01
 -1.5611317e+00
  1.0215780e+00
  8.7135988e-01
 -1.8467578e+00
 -2.1941361e+00
 -7.0561123e-01
  1.4266498e+00
  2.8543024e+00
  2.7762773e+00
 -1.8529335e+00
 -2.4959573e-01
  9.4252640e-01
 -1.7730485e+00
 -1.1017501e+00
 -5.2047601e+00
  2.6741495e+00
 -4.9764895e-01
  1.4147038e+00
 -2.5223976e-01
 -2.3278873e+00
  1.2051986e-01
  1.9055958e+00
  2.8305264e+00
 -7.2549379e-01
  3.3869352e+00
 -6.8443161e-01
 -1.7261329e+00
 -8.1632972e-02
  8.7557268e-01
  2.5664017e-01
  2.9125881e+00
  1.5909240e+00
 -5.2685153e-01
  1.0496961e+00
  1.6862186e+00
 -1.1957076e+00
  1.8289665e+00
 -2.9268682e-01
 -9.0940394e-02
  2.6885672e+00
 -2.9659424e+00
 -1.6168855e+00
 -6.5724663e-02
 -1.0692464e+00
 -1.5848422e-01
 -1.9287033e-01
  2.5746913e+00
 -3.9526026e+00
 -1.4346149e+00
  2.4448504e-01
  2.0529001e+00
  1.4946730e-01
 -5.5049133e-01
 -3.8815209e-01
  9.7605675e-01
  4.7667855e-01
 -1.2773852e+00
  1.1091024e-01
 -7.5840354e-01
 -2.4314380e+00
  1.9428745e-01
 -6.3776803e-01
 -2.7518179e+00
 -1.4591663e+00
 -6.3776946e-01
  1.3993108e+00
 -3.2908282e-01
 -5.0570661e-01
  7.4247664e-01
 -2.1550889e+00
  1.1005597e+00
  1.3856237e+00
 -3.2162492e+00
 -2.4312873e+00
 -9.0752637e-01
  1.2375721e+00
 -2.2351243e+00
  3.1001618e+00
  4.0214858e+00
 -1.5308093e-01
 -7.2038102e-01
  1.3675253e+00
  1.2068619e+00
  5.3161401e-01
  1.2267905e+00
 -2.7742388e+00
 -8.6249322e-01
 -1.6745038e+00
  2.3749800e-01
  1.5724112e+00
 -2.1305242e-01
 -1.0278926e+00
 -1.6192691e+00
 -3.5775948e-01
  1.2404515e+00
  2.4792356e+00
 -1.4102399e-01
 -6.4742702e-01
 -2.3404906e+00
  2.5347301e-01
 -9.9849796e-01
 -7.5801682e-01
  9.8271453e-01
  1.6581687e-01
 -1.7972147e-01
  8.4107697e-01
  7.5855166e-01
 -1.0949408e+00
  3.7535253e-01
  1.4106346e-02
 -8.8432544e-01
  9.2732835e-01
  7.3874849e-01
 -9.7525513e-01
  5.4994578e+00
  4.8384973e-01
  2.9316669e+00
 -3.0447679e+00
 -9.0692580e-01
 -6.6542321e-01
 -7.7448201e-01
 -6.5296553e-03
  1.0396788e-01
 -4.2098933e-01
 -7.1538992e-02
  5.2640092e-01
  2.5110583e+00
 -5.8648086e-01
 -1.7574134e-01
  1.7994347e+00
 -1.4143538e+00
 -3.3389988e+00
  1.4925566e-01
  1.6393541e+00
 -2.9272172e+00
  2.5508564e+00
  6.6306162e-01
  5.5013603e-01
 -6.9559664e-01
 -9.2939597e-01
  1.8916116e+00
  1.6269885e+00
  6.8395936e-01
  1.2701484e+00
 -3.7633643e-01
 -2.6717656e+00
  1.7577668e+00
 -9.8919511e-01
  2.6448777e-01
 -7.8093290e-01
 -5.2389872e-01
 -1.8741115e+00
 -2.7175969e-01
  5.2615535e-02
  2.3415675e+00
 -2.8631160e-01
 -8.8427049e-01
 -1.4340815e-01
 -5.1962495e+00
  4.8240265e-01
 -8.5544840e-02
  1.4890119e+00
  1.0633163e+00
 -9.5158070e-02
 -1.6883533e+00
 -2.2156288e-01
 -4.8447108e-01
 -3.8246129e+00
  9.9067897e-01
 -1.2924241e+00
 -1.4761958e+00
 -4.7780168e-01
  1.3991287e-01
  7.1237441e-03
  2.6747513e-01
  4.3313065e-01
 -1.4964709e-01
  2.7605610e+00
  3.4258275e+00
  6.9266939e-01
  5.1656023e-02
  1.8473104e-02
  5.1710385e-01
 -1.1881832e+00
  1.8207352e+00
  8.6934710e-01
 -1.4996603e-01
 -8.0430186e-01
 -2.7515447e-01
 -2.2485761e-01
  7.8045540e-02
  3.9021248e-01
  2.6847570e+00
 -2.5202949e+00
 -2.3546159e+00
  2.2041738e+00
 -3.3794298e+00
 -2.4596260e+00
  1.4518299e+00
 -5.9866589e-01
 -1.6305326e+00
 -6.3572431e-01
  8.3889097e-01
 -7.7960354e-01
 -1.3577014e-01
 -6.6401172e-01
 -8.2256623e-02
 -1.7376418e+00
  2.7258594e+00
  3.4031618e+00
 -7.2483569e-02
  9.8437774e-01
  1.8076748e+00
 -4.6871048e-01
  5.3745788e-01
 -1.6656123e+00
 -5.0350803e-01
  1.0205523e+00
  1.5229156e+00
  7.7951682e-01
 -3.7460747e+00
 -1.5761639e+00
  1.5191226e+00
 -2.1884364e-01
 -1.4206016e-01
  3.3289099e+00
  2.5958437e-01
  6.2775612e-01
  4.5429245e-02
  3.1448610e+00
  2.4231210e+00
  1.7971838e-01
 -2.5412309e-01
 -5.9113830e-01
 -5.8859132e-02
  6.0504780e+00
  3.1589425e+00
  1.2109997e-01
  1.8517544e+00
 -2.1767225e+00
 -9.0863667e-02
  1.4504832e+00
  1.3553950e+00
 -1.0132658e-01
  1.2433661e+00
 -3.5498607e-01
  1.3923852e+00
 -5.0797425e-03
  3.1438396e+00
 -1.2079201e+00
 -3.4511745e-01
 -6.1792299e-02
 -6.9378597e-01
 -8.5720670e-01
 -5.0196093e-01
  2.5825214e-01
  4.7351605e-01
  3.9287496e-01
 -1.5450412e+00
 -5.6476188e-01
 -1.9517790e+00
 -5.8706887e-02
  3.2224104e-01
 -1.2287843e+00
  5.5388540e-01
  1.7915922e+00
 -3.6029452e-01
 -7.8994447e-01
  1.1460012e+00
 -1.7963160e+00
  1.1825949e+00
  2.1583405e-01
  2.4107013e+00
  1.7498586e+00
 -1.0456699e+00
  1.0516838e+00
 -2.9333699e-01
  9.6198434e-01
 -1.9041954e+00
  7.7598476e-01
  2.1499240e+00
 -2.2180774e+00
 -1.9171613e+00
 -1.8933725e+00
 -4.0358882e+00
  8.8493043e-01
 -8.3448607e-01
  5.8061230e-01
  3.1704016e+00
 -1.9949797e-01
  1.2103610e+00
  3.6403060e-01
  1.0381063e+00
 -2.4738519e+00
 -7.5049710e-01
 -4.2853239e-01
  9.8062623e-01
  9.3643230e-01
  1.5906416e-02
 -2.2687488e+00
  7.3564744e-01
 -8.8010561e-01
  1.4622764e-01
 -5.6590515e-01
 -4.8459747e-01
 -3.7738461e+00
  1.7327046e+00
  3.1246505e+00
  4.5331547e-01
 -5.3322153e+00
 -2.3214090e-01
 -1.2509682e+00
 -1.5410705e+00
  3.1586998e+00
  3.4015770e+00
 -5.2308969e-02
  1.5652466e+00
 -1.3517909e-01
 -1.0989960e+00
 -2.2475338e+00
  9.7851491e-01
  2.7965835e-01
 -3.5921121e-01
 -1.8691274e+00
 -2.8621948e+00
 -1.8758602e+00
 -1.1534249e+00
  3.2515302e-01
 -1.6654227e+00
 -1.6422601e+00
  2.1787746e+00
  9.7831279e-02
 -3.3858481e-01
 -1.0858696e+00
  3.7522444e-01
  2.0121707e-02
 -1.0316837e+00
 -2.1304280e-02
  5.6597561e-02
  9.5296401e-01
  2.4691164e-01
  4.8711905e-01
 -2.0380673e+00
  1.9175889e-02
  1.2919683e+00
  1.6243747e+00
  9.8156554e-01
 -1.0916147e+00
  1.3722050e+00
  2.0621195e+00
 -6.4760619e-01
 -2.6658869e+00
  3.4869859e-01
  2.2930570e+00
 -2.3925176e+00
  1.1787183e+00
  4.1405354e+00
  1.5744414e+00
 -4.4524673e-01
  1.2959005e+00
  4.7209215e+00
  1.7815692e+00
  1.9882690e+00
  2.3820844e+00
  5.6475443e-01
 -2.1654476e-01
 -4.1887400e-01
 -2.5719726e+00
 -1.5684763e+00
  2.4192877e-02
  3.2421815e+00
 -2.2021673e+00
  3.0624241e-01
 -1.0901107e+00
 -6.6937321e-01
  1.0881215e+00
 -1.7219875e+00
 -3.3886571e+00
 -2.3429294e+00
 -9.3305129e-01
  3.2671705e-01
 -1.6980574e+00
 -2.5935004e+00
 -2.4794698e+00
  3.3718434e-01
  8.3659029e+00
  1.6514033e+00
  4.8323351e-01
 -2.3351378e+00
 -1.9426609e+00
  3.0096430e-01
  3.9698741e+00
  3.4222062e+00
  9.9989235e-02
 -4.0590647e-01
  1.6780900e+00
  5.0498468e-01
  1.4170659e-01
 -2.0932522e+00
  1.8965944e+00
  1.1463592e+00
 -1.0354011e+00
  1.3940463e+00
  1.8119006e+00
  2.8024632e-01
  1.0165719e+00
 -1.2344609e+00
 -3.1403208e-01
  8.4764844e-01
  3.0981891e+00
  2.5493079e-01
 -5.6271129e+00
  2.7683029e+00
  1.4969474e+00
  4.7738142e-02
  4.3394079e+00
 -1.3462970e+00
 -5.4172337e-01
 -1.4506087e+00
  8.9197326e-01
  4.8124361e+00
 -4.7056848e-01
  1.7385553e+00
 -2.6976242e+00
 -9.8382652e-01
  1.1690242e-01
  9.1928244e-02
 -2.1641641e+00
  3.1200388e-01
 -8.1907052e-01
  6.3711777e-02
  6.7873240e-01
  2.8073413e+00
 -1.8201287e+00
 -1.1519626e+00
 -1.8464067e+00
  1.0212561e+00
  5.7365555e-01
  2.5385696e-01
  3.3571918e+00
 -2.4464772e+00
  1.0008152e+00
 -7.6228416e-01
  1.8266641e+00
 -2.6378256e-01
 -1.2656426e+00
  4.0404171e-01
 -1.2569578e+00
 -3.9435096e+00
 -2.2388909e+00
 -2.9658432e+00
  7.3005694e-01
 -6.3254797e-01
 -7.6640731e-01
 -2.2454395e+00
 -1.0766404e+00
  7.4156487e-01
 -2.8419188e-01
 -3.3223978e-01
  2.3948672e-01
 -2.4909155e-01
 -8.4425367e-02
 -8.0438745e-01
  6.2362647e-01
 -4.5071191e-01
 -8.7785774e-01
 -1.0220124e+00
  6.2186325e-01
  1.1666375e+00
  5.5331979e-02
 -6.4986926e-01
 -9.5206583e-01
 -2.5871605e-01
 -9.3955934e-01
 -8.7869602e-01
 -1.1147600e-01
  2.1136062e+00
  1.8130505e-01
 -3.4446335e+00
 -1.3182274e+00
 -1.2743844e-01
 -3.9002290e-01
  1.6641138e+00
 -2.4128257e-01
  1.0769126e+00
  9.3089116e-01
  1.8145476e-02
  5.5497378e-01
 -1.3021609e-01
 -8.3758420e-01
 -4.4738781e-01
  1.8126327e-01
 -2.1477709e+00
  5.1576740e-01
 -1.7082479e+00
  5.0691051e+00
 -1.5065098e+00
 -2.7504373e+00
  6.9154841e-01
 -5.4972750e-01
 -4.4517958e-01
 -1.9549414e+00
  1.8678148e+00
 -1.3867244e-01
 -1.4874527e+00
  8.8268739e-01
  5.1352674e-01
  2.5893718e-01
 -2.1055195e+00
 -7.5359625e-01
 -4.4200915e-01
 -9.1855180e-01
 -5.4924947e-01
  1.0093561e+00
 -6.3311758e+00
  6.3850772e-01
 -5.4153433e+00
  4.8573482e-01
  3.2393509e-01
  4.7996962e-01
  1.2464892e+00
  1.4740435e+00
 -3.6769843e-01
 -5.8109558e-01
  5.6869693e-02
 -1.1989378e+00
 -2.6045363e+00
 -3.2496216e+00
 -3.6038327e-01
  7.9173887e-01
  2.5647233e+00
  1.4111303e+00
  5.1685154e-01
 -3.4275782e-01
  7.1298510e-02
  2.4778542e-01
  1.5103000e+00
  1.3108720e+00
  8.1070799e-01
 -1.2924400e-01
  4.9216774e-01
  2.3356378e-03
 -1.5879545e+00
  9.9870038e-01
 -3.3346698e+00
 -2.2764904e+00
  4.9268084e+00
 -8.0737579e-01
  1.1807430e+00
  2.7327197e+00
  5.8672035e-01
  1.5881480e+00
 -8.0450034e-01
 -5.7651275e-01
 -1.9641939e+00
 -3.6381714e+00
 -4.3863425e-01
  2.3387341e+00
  3.2035768e+00
  6.8671399e-01
  7.9053104e-01
  1.8380069e+00
  8.2712477e-01
  3.4672904e-01
 -6.2714279e-01
  2.0218945e+00
  5.8929598e-01
  4.9928033e-01
 -1.5860459e+00
 -1.8511015e-01
  7.0942932e-01
 -1.5385814e+00
  3.4392154e+00
 -7.2140211e-01
  1.9362528e+00
  3.7618661e-01
  2.3714252e-01
  3.5293102e+00
  3.8038850e-02
 -8.9943595e-03
  8.7881160e-01
 -7.4924272e-01
  8.0683008e-02
 -2.6720982e+00
  1.5586883e+00
  8.7345183e-02
 -1.6344768e+00
 -1.4262061e+00
  3.8358575e-01
 -2.7537284e-02
 -2.1016707e-01
 -1.5141619e+00
 -1.5933321e+00
  9.1494638e-01
 -3.8519180e-01
 -1.5021032e+00
  1.7389957e+00
  7.3749703e-01
  2.4589489e+00
 -1.4493313e+00
  4.1378039e-01
  1.4489185e+00
  1.3834851e+00
 -1.1066364e+00
  3.8531933e+00
 -4.2575338e-01
 -1.8309232e+00
 -3.3009930e+00
 -1.6891867e+00
  2.7339966e+00
  2.7383587e-01
  4.9324470e+00
 -6.3444883e-01
 -3.2838523e-02
  5.6239790e-01
 -1.0771474e+00
  1.1364678e-01
 -4.5511246e+00
  3.6190152e-02
 -1.0266237e-02
 -1.4008967e+00
 -4.5743185e-01
  1.6358652e+00
 -1.2174011e-01
 -1.0947106e+00
  4.1017479e-01
 -9.8622060e-01
 -1.2962238e+00
  2.5845015e+00
 -2.2850976e+00
  7.3717618e-01
  2.2723122e+00
 -2.5510540e+00
  3.1103415e+00
 -7.0472568e-01
  1.3274827e+00
  2.0346224e+00
 -1.7516943e+00
 -2.5591144e-01
  1.6643651e+00
 -2.3827088e-01
  1.1074891e+00
  3.8891411e+00
 -6.0048845e-02
  1.7170866e+00
 -7.9654640e-01
  2.9877691e+00
  1.0251808e-01
 -1.0982596e+00
 -1.5107380e-01
 -1.6315693e+00
 -2.1297240e+00
  4.0148655e-01
 -5.0952810e-01
  1.9346717e-01
 -5.1169670e-01
  2.4006078e+00
 -1.1562287e-01
  8.1841129e-01
  2.2745150e-01
 -5.6425488e-01
 -6.2153190e-03
 -1.6326971e+00
 -1.7176362e+00
 -3.4667771e+00
 -1.0971861e-01
 -8.0450577e-01
  6.8648762e-01
 -2.9583046e-01
  6.5309364e-01
 -1.1685222e+00
  7.6543234e-02
  1.3689463e+00
  2.5468369e+00
  4.9184334e-01
  1.4881500e+00
 -6.0671026e-01
 -3.9941013e+00
  1.5092683e+00
 -8.5681528e-02
  1.1378921e-01
  1.2593347e-01
 -2.1705632e+00
 -2.0947349e+00
 -3.3039396e+00
  6.6057372e-01
 -2.0564537e+00
  4.2744923e+00
 -1.7893040e+00
  2.6214104e+00
 -7.5729805e-01
  2.0250547e-01
  1.0875015e+00
  5.7318997e+00
 -1.0926724e-01
 -7.2302312e-02
 -1.0699981e+00
  5.0196648e-01
  9.4130409e-01
  1.2554663e-01
  7.7284598e-01
 -8.0811352e-01
  7.2448832e-01
  3.0101809e-01
 -7.6649410e-01
 -4.1952950e-01
 -2.2799666e-01
 -2.0496068e+00
  6.0814369e-01
 -8.9417458e-01
 -1.2707382e-01
  7.4811682e-02
 -5.4810863e+00
  1.4079348e+00
  4.6496376e-02
  7.0290643e-01
  3.3706197e-01
  4.4423473e-01
  1.7052054e+00
 -5.4540211e-01
  1.9258605e-03
 -1.5558526e-03
 -5.1984763e-01
 -7.9825953e-02
 -4.1569364e-01
 -4.4626030e-01
 -1.8548288e+00
  1.3975879e+00
  4.4466443e-02
  7.5565964e-01
 -3.4028667e-01
 -3.2524450e+00
 -8.3567590e-01
  1.6997665e+00
 -1.2531234e+00
  2.8313468e+00
 -1.4011432e+00
  7.8956306e-01
 -1.5413260e+00
 -4.5571417e-01
  3.3738658e-01
 -1.7612090e+00
  1.2531117e-02
  9.9890757e-01
  3.0326331e+00
  1.6565356e-02
 -4.6690283e+00
 -7.4661338e-01
 -1.6629652e+00
  6.2800670e-01
  2.3854766e+00
  1.3762686e-01
  1.7859837e+00
 -2.0217285e+00
  3.6381760e+00
  2.3716364e+00
  2.9514666e+00
  5.5233568e-01
 -7.6661813e-01
 -1.5738106e-01
 -6.9943272e-02
 -3.1107523e+00
  6.7367274e-01
  2.9570830e-01
 -2.6756012e+00
  5.7093453e-01
 -5.8283848e-01
  1.4208853e+00
 -3.3051926e-01
  3.5582161e-01
  2.3606886e-01
 -4.6141734e+00
 -3.8048222e+00
 -2.4840174e+00
  1.8162034e+00
 -3.4614059e-01
 -1.6868907e-01
  1.6050043e+00
 -8.0532342e-01
  2.2345006e-02
 -1.4418406e+00
  7.7832311e-01
  1.5221596e-01
  9.4565201e-01
 -1.4924802e+00
 -1.2231901e+00
 -3.2384677e+00
  1.6756060e+00
  4.0758458e-01
  3.5986298e-01
  9.2899525e-01
 -2.1007957e+00
 -2.6264267e+00
 -5.9881574e-01
 -5.8864075e-01
 -2.6636457e+00
 -1.3687840e+00
 -9.6645844e-01
  1.6401497e+00
  9.1126865e-01
 -1.9192555e+00
 -1.4185185e+00
 -9.3600833e-01
  1.5847651e+00
 -1.3504004e+00
 -4.1521378e+00
  4.0246425e+00
  1.5032321e+00
 -5.0112832e-01
  5.2764130e-01
  1.2894557e+00
  7.1902722e-01
 -1.2632579e+00
 -8.7629658e-01
 -8.9068037e-01
  2.7895279e-02
  8.1744277e-01
  1.0755260e-01
 -1.3723291e+00
 -8.4167802e-01
 -9.9341261e-01
  2.9584634e-01
 -1.1881733e-01
 -2.4150770e+00
  1.4284575e-01
  1.8484120e+00
 -6.2051791e-01
 -1.8655607e+00
  4.2685847e+00
  2.9270437e-01
  8.0396442e+00
 -8.0173206e-01
  3.1243794e+00
 -3.0110207e+00
 -5.0608563e-01
  9.3433279e-01
 -1.3592789e+00
 -4.9389821e-01
 -2.0525777e+00
  2.3120921e+00
  1.0820152e+00
 -1.4799852e+00
  1.5199811e+00
 -2.8790860e+00
 -2.3003747e+00
  3.3728607e+00
 -4.9329016e-01
  1.9266918e-01
  1.0462787e+00
  5.6468689e-01
 -1.4934263e+00
  2.9551439e+00
  1.0187726e+00
 -1.3018525e+00
  4.7677821e-01
  1.1046106e-01
 -2.3449346e-01
 -4.0557086e-01
  7.7680558e-01
  2.5250797e+00
  3.9351895e-01
  7.6509166e-01
 -1.1546715e+00
  2.6506553e+00
  1.5259539e+00
  7.8723550e-01
 -6.5378869e-01
  8.9467502e-01
 -4.5640361e-01
  2.6797738e+00
 -1.5830499e-01
 -1.8504732e+00
  1.8055027e+00
 -3.6240211e-01
  7.7211803e-01
 -2.3616099e+00
 -1.5950151e-01
 -1.1941258e+00
 -1.2247012e+00
  1.8727835e-01
  1.2544326e+00
 -2.0136736e-01
 -2.3983067e-01
 -1.0120853e+00
 -1.0384855e+00
  1.4305477e-01
  9.7551122e-02
  1.5872606e+00
 -8.9812303e-01
  2.7143404e-01
  2.6695509e+00
 -1.3732697e+00
 -3.7656206e-01
 -2.6638224e+00
  1.1856744e+00
 -1.2713977e+00
  9.1160107e-01
 -3.2304354e+00
  9.3114877e-01
  1.6869594e+00
  2.2968334e-01
  1.6342940e+00
 -2.4903843e+00
 -1.0466042e+00
  2.1400254e+00
 -7.0360935e-01
 -1.6191282e+00
 -1.0939151e+00
 -2.0537775e+00
 -1.2986405e+00
 -1.1228440e+00
  6.4385641e-01
  2.3645307e-01
  5.5342317e-01
  6.4289159e-01
 -3.3101888e+00
 -1.1168849e+00
 -1.2818946e+00
  2.9232481e+00
  1.7752532e+00
 -3.1584017e+00
 -2.5788373e-01
  4.8428422e-01
 -1.1506957e+00
 -2.1225386e+00
  3.8742418e+00
  1.1502817e-01
  1.0243489e-01
 -8.4384632e-01
 -7.7605915e-01
 -2.2048585e+00
  5.5837154e+00
  1.5422077e+00
 -5.1631182e-02
 -2.2186746e-01
 -1.1652272e+00
  1.7182212e+00
 -1.1811544e+00
 -1.1714883e+00
  1.2948488e-01
 -1.4484417e+00
  2.9413931e+00
  2.3854975e-01
  3.7909031e-01
 -7.5723118e-01
 -4.2279401e+00
  7.7416807e-01
 -1.5955775e+00
  5.2741051e-02
 -6.6637337e-01
  7.2424132e-01
 -1.2528682e-01
 -1.2937549e+00
  1.8022089e+00
  6.7736089e-01
  3.1244245e-01
 -5.0431597e-01
  6.3723260e-01
  2.5391102e+00
  1.5658653e+00
 -1.8486245e+00
 -8.2153732e-01
 -5.9587187e-01
  6.5301412e-01
 -1.7797730e+00
  7.9039747e-01
  7.2145700e-01
 -6.2434995e-01
 -1.0003240e+00
  2.9209435e-01
 -2.7074710e-01
  4.5390147e-01
  2.3808846e+00
 -5.6657672e+00
 -8.9399791e-01
 -1.0973010e+00
 -3.7341334e-02
  7.0706755e-01
 -8.1277734e-01
  8.5910261e-01
 -3.8553092e-01
 -1.4468621e+00
 -8.5088801e-01
 -2.3268777e-01
  8.8520598e-01
  1.0273463e+00
 -3.0820179e+00
 -3.8336320e+00
 -7.2963881e-01
  1.1053856e-01
  1.3552297e+00
 -8.8558584e-01
  2.6936285e+00
  4.2336349e+00
 -5.9583038e-01
  1.3504241e+00
 -5.9325194e-01
 -1.3480351e+00
 -8.4942716e-01
  4.1266484e+00
  3.5455718e+00
  1.5860193e+00
 -7.5695679e-02
  4.7291045e+00
  7.2035885e-01
  3.7798321e-01
 -1.2693453e+00
  3.1834512e+00
  4.1094145e-01
  6.7346144e-01
 -1.2103446e+00
  2.5467205e+00
  1.9895613e+00
 -3.4805872e+00
 -1.1593651e+00
  1.5038384e+00
 -1.1126411e+00
 -2.2411551e-01
  2.7509587e+00
  2.9031301e-01
  6.3678759e-01
 -1.5337862e+00
 -4.3677562e-01
  2.0690775e+00
 -2.3000295e-01
 -1.8279340e+00
  4.4325152e-01
  4.1515276e-01
  2.3330469e+00
 -1.1019483e+00
  1.0118628e+00
  1.8379550e+00
  6.7560810e-01
  4.4576514e-01
 -1.7883730e+00
 -1.7096114e-01
 -1.7302078e-01
 -2.1502513e-01
  2.5132185e-01
 -1.0263556e+00
  1.9916544e-02
  2.3755234e-01
 -5.1252890e-01
  9.9220109e-01
  2.4854152e+00
 -2.7503172e-02
 -1.0400306e-01
 -2.7255848e-01
 -1.9378662e-01
 -3.9391088e-01
  7.4808979e-01
 -8.1265414e-01
 -2.4456515e+00
  6.3939047e-01
 -7.0487535e-01
 -7.1069205e-01
  1.6777129e+00
 -4.0438585e+00
 -2.3955343e+00
  8.5099900e-01
  6.7075557e-01
  3.2062776e+00
 -2.3143651e+00
 -6.9033521e-01
 -3.0415199e+00
  5.9182630e+00
  8.4449899e-01
 -1.3368828e+00
 -8.3974731e-01
 -8.3417249e-01
  2.5087204e-03
  1.9132878e-01
  5.5659018e+00
 -2.7050829e+00
  6.3130540e-01
 -3.5116036e+00
  1.6054292e+00
 -2.1682537e+00
  1.8133500e+00
 -7.1251944e-02
  1.2638642e+00
  1.3581516e+00
  7.4208766e-02
  1.1935222e+00
  1.7784259e+00
  1.0096339e+00
  1.2169853e+00
 -2.4852161e+00
  1.6713575e+00
 -3.5844278e+00
  7.4252713e-01
 -5.6612653e-01
  3.4581646e-01
  1.0688757e+00
 -6.7610258e-01
  1.0715983e+00
  1.7366225e+00
  1.3941973e-01
  1.2276350e-01
 -3.8142967e+00
  3.5679296e-02
 -2.1665940e+00
 -1.4536879e+00
 -3.7896404e-01
 -8.8461989e-01
 -1.5893201e+00
  1.8384526e+00
 -1.4057833e+00
 -4.5334300e-01
 -1.5649198e+00
 -3.2392743e-01
 -6.5494575e-02
  3.4212053e-02
 -1.2473077e-01
 -8.1462604e-01
  7.2415841e-01
  3.2685274e-01
  2.3921690e+00
 -7.2691309e-01
  7.6291549e-01
  3.0684692e-01
  2.1457694e+00
 -3.2091446e+00
  1.2602783e+00
  2.4644181e-01
  3.6291778e+00
  3.0973664e-01
 -9.4644725e-05
  4.6277094e-01
  6.2995899e-01
  1.5688983e-01
  1.0001705e+00
  1.2725573e+00
  1.3898056e+00
 -9.7370750e-01
 -7.8013062e-01
 -7.2542846e-02
  3.0429471e-01
  3.3978689e-01
  1.4081200e+00
 -1.0990757e+00
  5.8673531e-01
  1.1060853e+00
 -2.5878043e+00
  3.9714181e-01
 -5.2759743e-01
  1.7405483e+00
  2.2075415e-02
  5.1048094e-01
 -2.2507443e+00
  1.8048233e+00
  3.4518535e+00
 -1.0124481e+00
  3.0896549e+00
  2.9956133e+00
  1.4316944e+00
  6.3632268e-01
  3.5930210e-01
  2.0035415e+00
  3.7165949e+00
 -3.4407172e+00
  6.7868906e-01
  6.9381386e-01
 -1.2418799e+00
  3.6880944e-02
  5.7470851e+00
  4.2311964e+00
  3.4961667e+00
 -8.4102213e-01
 -5.3067601e-01
  1.6240528e+00
 -1.1219223e+00
 -1.7869027e+00
  6.3505423e-01
 -2.8962722e+00
 -1.1334611e+00
 -1.6481091e+00
 -4.8244157e-01
 -2.2484024e+00
 -1.5008223e+00
 -9.7102654e-01
 -8.4977263e-01
  2.2557145e-02
  2.6348689e-01
 -1.3554034e-01
 -1.5075991e+00
 -1.9854053e+00
  4.5451552e-01
 -5.9503245e-01
 -5.5432416e-02
  8.4445375e-01
  8.9121950e-01
  4.4106865e-01
  2.0991678e+00
 -3.1593122e+00
 -6.7352444e-01
 -2.4746639e-01
 -2.9613825e-02
  2.6233211e-01
  2.0077971e-01
  1.9121054e-01
 -2.8511783e-01
  6.9269663e-01
  3.2350314e+00
 -1.6169500e-01
 -9.4024563e-01
  1.3103843e+00
 -1.7364017e+00
 -6.6342020e-01
 -2.8495261e-01
  1.3192880e-01
 -7.5744969e-01
 -2.9119713e+00
 -1.2069279e+00
  3.3874912e+00
  7.6211649e-01
 -9.1368085e-01
 -3.0902026e+00
  1.3996494e+00
  9.8906845e-01
  2.3439262e+00
 -6.6709769e-01
 -5.8275385e+00
 -1.4516505e+00
  3.8605833e+00
 -7.2787297e-01
  7.0767277e-01
 -2.4882894e+00
 -8.6688340e-01
  1.5484004e+00
  1.3196731e+00
 -4.7897109e-01
  3.3154693e+00
  1.4196930e+00
  3.2701066e+00
  8.2092047e-01
  1.8553075e+00
 -4.5688763e-02
 -5.5554638e+00
  2.6732957e-01
  9.6410501e-01
 -1.0519801e+00
  3.8504725e+00
  3.7684959e-01
 -2.7032392e+00
 -4.9406478e-01
  5.7054651e-01
  4.8210838e-01
  1.4857209e+00
  2.8018198e+00
  1.7925813e+00
 -7.4762720e-01
 -1.4175017e+00
  5.8794904e-01
  2.9718488e-01
 -2.8512044e+00
 -6.8091971e-01
  9.3081588e-01
 -2.6619780e+00
  1.0640098e+00
  2.8178701e+00
 -6.7329901e-01
 -1.5303553e+00
  8.6970627e-01
  1.3914461e+00
 -3.4832507e-01
 -9.7688788e-01
 -6.7490923e-01
  1.7659204e+00
  1.3490912e-01
  1.6081740e+00
  2.2105539e+00
 -1.1965685e-01
  8.9006990e-02
  2.3411089e-01
  1.1873111e+00
  1.1086383e+00
 -2.2483721e+00
  4.1559663e-01
  1.2798461e+00
  1.6065253e+00
  1.8110850e+00
  5.8085358e-01
  1.5121432e-01
 -9.2716789e-01
 -2.2313454e+00
 -1.0285457e+00
  6.5207821e-01
 -9.4866341e-01
 -2.3023570e+00
  2.0289185e+00
 -1.9797021e-01
  4.7132170e-01
  1.5180362e+00
  1.4720219e+00
  2.8231888e+00
 -2.2231400e-02
 -1.8528239e+00
  2.5242689e-01
  2.4092825e-01
 -2.8402469e-01
  5.6233209e-01
  3.2007291e+00
  1.5161742e+00
 -3.2211068e-01
  4.3604416e-01
  9.7273004e-01
 -1.4123912e+00
  8.3635527e-01
 -1.1778944e+00
 -1.6021244e-03
  8.1395566e-01
  1.7717072e+00
 -2.9177940e+00
 -1.1572245e+00
  1.5718708e+00
 -2.3551196e-01
 -3.6111468e-01
 -5.5191779e-01
 -1.6050853e+00
 -2.0182576e+00
 -1.1829944e+00
 -9.2175889e-01
 -9.7448319e-01
  3.8825291e-01
  1.0109731e+00
 -6.3325632e-01
  1.1285118e+00
  7.4279350e-01
 -9.3466848e-01
 -3.9605460e+00
 -3.7169325e-01
 -1.2586309e+00
  9.8884070e-01
  1.2070128e+00
 -1.4883680e+00
 -2.2682101e-03
  5.9395981e-01
 -8.3771294e-01
 -2.1909959e+00
  1.1543982e+00
 -9.2094529e-01
  4.9907452e-01
 -2.3171833e+00
  2.7676865e-01
  1.7276129e+00
 -4.3412843e+00
  3.1612592e+00
  1.3812401e+00
 -1.1869081e+00
  1.5220298e+00
 -1.0738247e-02
 -5.5128381e-02
  2.7693069e+00
  3.9966629e+00
  3.1568983e+00
 -3.2355398e-01
  5.5768597e-01
  2.1791117e+00
  3.2344963e-02
 -1.6100765e+00
  1.2113637e+00
  4.5873553e-01
 -2.1702073e+00
 -2.8422282e+00
  1.9489869e+00
  8.2651424e-01
  6.7422068e-01
 -1.4189088e+00
 -2.1375701e-01
 -2.7177272e+00
 -1.0413216e+00
 -2.1308827e+00
  5.6164777e-01
 -1.0000057e+00
  5.7463756e+00
 -1.2734337e+00
  1.0325633e+00
  1.9972035e-01
  4.1624479e+00
  2.1499693e+00
  6.1027062e-01
  2.6102540e+00
  1.8790364e+00
  1.7234603e-01
  5.0959355e-01
 -4.7201607e-03
  3.5532254e-01
 -1.2431871e+00
  4.6387544e+00
  6.7076719e-01
 -2.1487193e+00
 -3.0395806e+00
  1.8136466e-01
 -9.7752124e-01
  2.5574322e+00
 -2.8264756e+00
  1.8825138e-02
  6.5378594e+00
  2.0696967e+00
 -1.7923838e+00
  1.0047839e+00
  2.9002175e+00
  9.2018306e-01
  1.8727648e+00
  1.8440921e+00
  3.6838546e-01
  1.4448518e+00
 -7.8448033e-01
 -1.4204789e+00
 -2.3409753e+00
 -1.3169073e+00
 -3.6537645e+00
  5.0929260e+00
  3.9199659e-01
 -1.9514081e+00
  1.9549916e+00
  3.7211978e-01
 -1.0621650e-01
 -8.3045125e-01
 -8.5037833e-01
  1.6162581e+00
  8.8827497e-01
 -5.5591100e-01
  4.6009830e-01
 -2.1176667e+00
  8.4620184e-01
 -2.2069442e+00
  2.0400105e+00
 -5.8236212e-01
  7.6957607e-01
 -6.2478316e-01
  2.3301594e-01
  1.5536834e-01
  5.1773500e-01
  1.1199282e+00
 -1.5406382e+00
  9.7592360e-01
  1.9635797e-02
  2.7719347e+00
 -1.3459208e+00
  8.3153319e-01
 -2.6911018e+00
 -1.5796677e+00
  3.5936019e-01
  3.6574626e-01
 -1.3542736e+00
  5.5961049e-01
  1.8394193e-01
  2.5172663e-01
  8.1152931e-02
  2.6958656e-02
  2.3130574e+00
  9.1220379e-02
 -1.9012059e+00
  2.7936399e-01
  7.9786539e-02
 -2.2381964e+00
  3.8185811e-01
  1.6896923e-01
  4.1239347e-02
 -5.7912976e-01
  1.2151130e-01
 -9.4766930e-02
  2.1299131e-02
 -1.2088846e+00
 -8.2674330e-01
 -5.7775205e-01
  2.0014344e-01
 -3.5799667e-02
 -7.5435090e-01
 -4.8680571e-01
 -1.9668272e-01
 -7.4824013e-02
  2.1492662e-02
  1.1432292e-01
 -6.6559605e-02
 -7.7525508e-01
 -1.4290617e-01
 -4.8457071e-02
 -1.8613024e-01
 -9.5079809e-02
 -9.5927316e-01
  2.6318559e-02
 -5.2686967e-02
 -1.1662974e+00
 -1.6416379e+00
 -2.7173927e-01
  9.3492463e-02
  2.0267856e+00
  2.1454185e-01
 -4.1846581e-02
 -2.9684025e-01
  4.3766183e-01
 -2.5074605e-02
  5.4497635e-01
  2.8701596e+00
  6.4967976e+00
  2.3658118e-01
  1.8101515e+00
  6.6034639e-01
  7.5354707e-01
  9.2035699e-01
 -3.0594131e-01
 -7.3437119e-01
 -1.1372237e+00
 -1.3902724e-01
 -2.8814514e+00
 -2.0534863e+00
 -4.2772990e-01
 -9.9811363e-01
 -9.0694422e-01
  1.2450832e+00
  1.7712510e-01
  2.6107857e-01
 -2.6701683e-01
  2.9546118e-01
 -4.9653420e+00
 -2.0886168e+00
 -1.4886039e+00
 -6.0051167e-01
  7.4779773e-01
  8.0732882e-01
  2.2364837e-01
  2.2548798e-01
 -8.5911125e-01
  1.8874460e+00
  9.2327642e-01
 -5.9565437e-01
  2.4194772e+00
  8.4236002e-01
 -3.0273688e-01
 -3.0850275e+00
 -7.2400713e-01
 -1.0247577e-01
  1.6148722e-01
 -8.1933522e-01
 -5.6564105e-01
 -3.4031448e-01
  5.5936778e-01
 -1.7799214e+00
  7.6334113e-01
  1.4468969e+00
  8.2574773e-01
 -4.7622198e-01
  1.3184875e-01
 -3.8748312e-01
 -8.5268766e-01
  1.5137827e+00
  2.8379625e-01
  1.7592116e-01
 -2.4664934e+00
 -2.1033165e+00
 -1.1172976e+00
  2.6715469e+00
 -1.9040790e+00
 -3.3317640e+00
 -4.9353883e-01
  2.6788821e+00
 -2.0001666e-01
  2.3738310e-01
  1.4578569e-01
 -1.2048877e+00
  2.3199058e+00
  1.2060637e+00
  4.9451414e-01
 -3.8943646e+00
 -6.1224908e-01
 -4.1745424e-01
  1.2373676e+00
  1.6601562e-01
  1.8382020e+00
 -7.3597133e-01
  1.2615391e+00
  7.8382188e-01
  7.0903271e-01
 -2.6569915e+00
  1.9223671e+00
 -2.9071524e+00
  9.7732538e-01
  5.0312304e-01
 -3.2837155e-01
  1.5459371e+00
 -1.6651249e-01
 -1.8735235e+00
  1.8483493e-01
  1.2631909e+00
  2.3425296e-01
 -7.1658659e-01
  2.4047253e-01
 -6.2636018e-01
 -1.3433850e-01
  4.8421344e-01
  2.6288849e-01
 -1.5905795e+00
  3.6381769e-01
  3.6216530e-01
 -2.8855407e+00
  4.8036790e-01
 -9.8307979e-01
 -4.0671964e+00
 -9.1463906e-01
 -1.0313178e+00
 -2.2839084e-01
  1.1962422e+00
 -1.5044501e-01
  2.3628819e+00
  1.4445239e-01
  1.1582391e+00
 -4.6314248e-01
  2.0707119e+00
  1.9668367e+00
 -1.6376027e+00
  1.5357396e-01
  1.5821184e-01
 -1.6797891e+00
 -2.9978845e+00
 -5.0546050e-01
 -1.5270339e+00
  1.7994665e+00
  1.5756797e+00
  1.8568699e+00
 -1.1865371e+00
  2.2427180e+00
  3.7058012e+00
  3.4215007e+00
  8.8476807e-01
 -1.1535028e-01
  3.6714005e-01
 -1.1307328e+00
  1.6858672e+00
  3.4436384e-01
  7.5729555e-01
  1.6450667e+00
 -1.7444829e+00
 -6.9707334e-01
  7.1810734e-01
  2.5490788e-01
 -1.5897781e+00
  1.1216497e+00
  2.3165493e+00
  1.0738534e+00
 -1.1671751e+00
  3.1809719e+00
 -3.7366325e-01
 -6.7117226e-01
 -1.0413860e+00
  3.4012368e-01
  2.7926600e+00
  5.6926119e-01
 -1.5082724e+00
 -5.3911442e-01
  1.6274532e+00
 -7.2035253e-01
  4.8138967e-01
 -1.0210505e+00
  1.1672341e+00
  1.6584010e+00
 -1.9021086e+00
 -4.2086525e+00
 -1.5145917e+00
  2.9438136e+00
  1.0239440e+00
 -1.5533721e+00
  4.6696344e-01
 -2.1381730e-01
  2.6652033e+00
 -8.0804229e-01
 -1.1820637e-01
  1.9409025e-01
 -1.9617288e+00
  1.0200019e+00
  1.0380133e+00
 -9.3166220e-01
 -1.4572953e+00
 -8.7753338e-01
  9.3325943e-01
 -5.5805784e-01
  3.9831272e-01
 -6.8489271e-01
  1.6796237e+00
  1.7004516e+00
  1.4886252e+00
  3.6219147e-01
  3.3986613e-01
  4.3799755e-01
  1.5392553e+00
  6.9844848e-01
  1.4336736e+00
 -1.1248118e+00
  8.5446095e-01
  2.0116692e+00
  1.0483649e+00
 -2.3840654e+00
 -9.3948430e-01
  9.6906739e-01
  1.9186033e-01
  2.6314154e+00
 -3.6887187e-01
 -6.8919230e-01
 -1.1588293e+00
  9.6122754e-01
  1.9382589e+00
  2.1805351e+00
  1.4277978e+00
 -9.8528570e-01
 -9.3791717e-01
  2.2402878e+00
 -8.3778751e-01
  5.7890135e-01
 -5.2333313e-01
  1.3908827e-01
  1.1948862e+00
  1.7098027e+00
  1.0062338e+00
 -3.3826520e+00
  6.6914129e-01
  9.1852945e-01
 -9.8542970e-01
  7.3275405e-01
  1.6863157e+00
  1.5086339e+00
 -4.0947872e-01
 -3.0591853e+00
 -1.2276469e+00
  1.2583005e-01
  2.7294869e+00
 -3.6969626e-01
 -1.7454612e+00
 -1.1579051e+00
 -1.6103357e+00
 -1.4371884e+00
 -1.7487954e+00
 -3.5535568e-01
  7.5833881e-01
  3.4771276e-01
 -1.1950636e+00
  4.5683211e-01
  4.9956191e-01
 -1.0459638e+00
  2.0746183e+00
  9.6986479e-01
 -4.2849258e-01
  1.6844994e+00
  2.4892647e+00
  3.4183326e-01
 -1.1300855e+00
  1.2694976e+00
  1.8876380e-01
 -1.9181733e+00
  2.8521953e+00
  2.3598738e+00
  3.4930962e-01
  8.1395435e-01
 -3.2678745e+00
 -8.6519283e-01
 -7.4744475e-01
 -5.3413787e+00
 -1.1598447e-01
 -2.1460578e+00
  2.3747764e+00
  6.9316918e-01
  1.4489272e+00
 -1.5437496e+00
 -1.3861668e+00
  3.7551966e-01
 -1.9066067e+00
  3.0978221e-01
 -1.6754522e+00
 -2.1496189e+00
 -1.6452069e+00
  2.3620758e+00
 -2.1321981e-01
 -1.7488148e+00
 -1.6507280e+00
  9.7895443e-01
 -9.1175473e-01
 -2.3229912e-01
 -2.4702322e-01
 -2.5760272e+00
 -2.4360254e+00
  2.8287277e-01
 -3.3711901e-01
 -2.0649030e+00
  3.1885958e-01
  1.1715481e-01
 -2.7150479e-01
  1.3887467e+00
 -2.0898493e-01
 -2.9560864e-01
  1.9865882e-01
 -2.0724523e+00
 -1.7262346e-01
 -6.3346463e-01
  1.9685110e+00
 -1.0814291e+00
 -1.2025560e+00
 -1.0041763e+00
  1.1425149e+00
  1.1165707e+00
 -2.6980519e+00
 -6.3547701e-01
 -3.1984350e-01
  6.3382661e-01
 -2.9997981e+00
  5.2863896e-01
 -2.2098892e+00
  3.9614829e-01
  2.2499456e+00
 -1.1204402e+00
  6.7219776e-01
 -1.5431931e+00
  2.6687691e+00
  1.5222732e+00
 -1.0026519e+00
  4.3846953e-01
  3.1695986e+00
  1.1833869e+00
 -1.1485094e+00
  1.2809667e-01
  1.2875642e+00
  2.3368442e+00
 -9.9710262e-01
 -8.0598402e-01
  5.8667940e-01
  9.6786761e-01
  3.4625989e-01
  2.5811753e-01
 -5.2252574e+00
 -1.0327181e+00
  8.7112164e-01
  1.2189163e+00
  2.1028054e-01
  8.0750412e-01
  2.5823039e-01
 -1.0660113e+00
  5.3680640e-01
  1.2457266e+00
 -1.3471493e+00
 -1.3275735e+00
  8.1321394e-01
 -1.0448951e+00
 -1.9947472e+00
  4.0049559e-01
 -5.9823626e-01
 -6.6264343e-01
  3.3197694e+00
  1.0500100e+00
  1.3271651e+00
 -1.4421495e+00
 -2.0870006e-01
  7.9010844e-01
 -2.6496711e+00
 -8.9875883e-01
  1.0007541e+00
  2.5025374e-01
  5.8685124e-01
 -1.2443403e+00
  2.4218168e+00
  7.7719599e-01
 -5.7702881e-01
 -2.0943682e+00
 -1.3679384e+00
  2.2051318e+00
  9.0088820e-01
  4.6570697e+00
 -4.2695775e+00
  6.1495161e-01
 -7.1221745e-01
  4.6499720e+00
  1.7816172e+00
 -1.0720262e-01
  1.7341948e+00
 -3.7067678e+00
  1.0152512e+00
  1.8022949e+00
 -3.5352576e-01
  8.3379787e-01
 -1.0784824e+00
 -1.2046888e+00
  1.5689786e-01
 -1.4793909e+00
 -1.8391892e+00
 -2.5723226e+00
  5.4991698e-01
  2.1565137e+00
  1.6001540e+00
 -8.6729950e-01
  3.6899716e-01
 -1.6889089e-01
 -1.4624279e+00
  1.1271290e+00
  1.2805206e-01
  2.1874537e+00
  6.2615222e-01
 -1.9580755e+00
 -6.5168238e-01
 -1.2807246e+00
 -3.6647874e-01
 -1.1479461e+00
 -1.3218352e+00
  1.8105261e+00
  1.2934965e+00
  4.3673646e-01
 -8.1647849e-01
  2.1455154e+00
  1.3185868e-01
  1.1717076e+00
  5.7915187e-01
  1.6211733e+00
  5.6332964e-01
  3.2929826e-01
  2.6886473e+00
  2.8089895e+00
 -1.0593783e+00
  6.1151904e-01
  4.8047009e-01
 -1.7552638e+00
 -2.2901211e+00
 -6.6525435e-01
 -8.4036309e-01
 -1.4322115e+00
 -3.3079615e+00
  8.9155996e-01
  8.3829504e-01
 -1.3014921e+00
  1.6295532e+00
  2.1764767e-01
 -4.3102825e-01
  7.4554187e-01
  1.8311706e-01
 -4.7092721e-01
 -1.2562181e+00
 -4.8249575e-01
 -8.5143358e-01
  2.7320951e-01
 -6.1007088e-01
  1.3417134e-01
  2.7886090e+00
  2.6370180e+00
  1.8719050e-01
 -3.8649434e-01
 -2.4222103e-01
 -1.1756642e+00
 -2.0317500e+00
  1.2298223e+00
 -2.5232766e+00
  1.9625911e-01
  6.3312072e-01
  2.2869909e+00
 -1.7844853e-01
  1.2975729e+00
  1.2879488e+00
  1.5844351e+00
  4.4115114e-01
  1.4270099e+00
  2.6121576e+00
 -3.5498829e+00
 -5.4252982e-01
  1.7119635e+00
  8.7925738e-01
  3.6000872e-01
  9.2580676e-01
 -1.2172792e+00
  4.9436447e-01
 -6.8213898e-01
  3.8685358e-01
 -4.1640389e-01
  6.9391274e-01
 -5.8812958e-01
 -9.8691183e-01
  8.3054453e-01
 -2.9864809e-01
 -2.3006108e+00
  1.1621271e+00
 -2.6387265e+00
  2.1883390e+00
  8.2333773e-01
 -2.3901925e+00
  1.0257347e+00
  2.9989433e-01
  1.7717591e-01
 -1.0910539e-01
 -1.1498756e+00
 -1.4903244e+00
 -7.0506370e-01
  2.3259947e+00
  3.1511363e-01
  8.1052637e-01
  1.4851928e-01
 -8.0874377e-01
 -6.9235492e-01
 -2.4864447e-01
  6.7125392e-01
  1.2317480e-01
 -5.5508649e-01
 -9.1522485e-01
  5.4424953e-01
  1.8037214e+00
 -9.1685092e-01
  1.0598097e+00
  1.0392720e+00
  4.6145618e-02
  4.6145618e-02
  4.6145618e-02
  4.6145618e-02
  4.6145618e-02
  4.6145618e-02
  4.6145618e-02
  2.3166943e-02
  2.3166943e-02
  2.3166943e-02
  2.3166943e-02
  2.3166943e-02
  2.3166943e-02
  2.3166943e-02
  1.5537684e-02
  1.5537684e-02
  1.5537684e-02
  1.5537684e-02
  1.5537684e-02
  1.5537684e-02
  1.5537684e-02
  9.3520554e-03
  9.3520554e-03
  9.3520554e-03
  9.3520554e-03
  9.3520554e-03
  9.3520554e-03
  9.3520554e-03
  1.1876453e-02
  1.1876453e-02
  1.1876453e-02
  1.1876453e-02
  1.1876453e-02
  1.1876453e-02
  1.1876453e-02
