4.92177000000000
4.97645600000000
5.03114300000000
5.08582900000000
5.14051500000000
5.19520200000000
5.22254500000000
5.24988800000000
5.27723100000000
5.30457400000000
5.33191800000000
5.35926100000000
5.37019800000000
5.38113500000000
5.39207300000000
5.40301000000000
5.41394700000000
5.41941600000000
5.42488400000000
5.43035300000000
5.43582200000000
5.44129000000000
5.44675900000000
5.45222800000000
5.45769600000000
5.46316500000000
5.46863400000000
5.47410200000000
5.47957100000000
5.48503900000000
5.49050800000000
5.49597700000000
5.50144500000000
5.50691400000000
5.51238300000000
5.51785100000000
5.52332000000000
5.53425700000000
5.54519400000000
5.55613200000000
5.56706900000000
5.57800600000000
5.60534900000000
5.63269300000000
5.66003600000000
5.68737900000000
5.71472200000000
5.74206500000000
5.79675200000000
5.85143800000000
5.90612400000000
5.96081100000000
6.01549700000000
6.07018300000000
6.12487000000000
6.17955600000000
6.23424200000000
6.28892900000000
6.34361500000000
6.39830100000000
6.45298800000000
6.50767400000000
6.56236000000000
