     4.92177    -3.89508 
     4.97646    -4.05576 
     5.03114    -4.19095 
     5.08583    -4.30424 
     5.14051    -4.39697 
     5.19520    -4.47107 
     5.22255    -4.49796 
     5.24989    -4.52480 
     5.27723    -4.54779 
     5.30457    -4.56714 
     5.33192    -4.58301 
     5.35926    -4.59060 
     5.37020    -4.59487 
     5.38113    -4.59864 
     5.39207    -4.60194 
     5.40301    -4.60476 
     5.41395    -4.60711 
     5.41942    -4.60811 
     5.42488    -4.60901 
     5.43035    -4.60979 
     5.43582    -4.61046 
     5.44129    -4.61102 
     5.44676    -4.61147 
     5.45223    -4.61182 
     5.45770    -4.61206 
     5.46317    -4.61220 
     5.46863    -4.61223 
     5.47410    -4.61216 
     5.47957    -4.61199 
     5.48504    -4.61172 
     5.49051    -4.61135 
     5.49598    -4.61088 
     5.50145    -4.61031 
     5.50691    -4.60965 
     5.51238    -4.60889 
     5.51785    -4.60804 
     5.52332    -4.60710 
     5.53426    -4.60494 
     5.54519    -4.60241 
     5.55613    -4.59954 
     5.56707    -4.59632 
     5.57801    -4.59276 
     5.60535    -4.57988 
     5.63269    -4.56776 
     5.66004    -4.55379 
     5.68738    -4.53807 
     5.71472    -4.52070 
     5.74207    -4.50176 
     5.79675    -4.45877 
     5.85144    -4.41148 
     5.90612    -4.35960 
     5.96081    -4.30368 
     6.01550    -4.24425 
     6.07018    -4.18178 
     6.12487    -4.11546 
     6.17956    -4.04829 
     6.23424    -3.97924 
     6.28893    -3.90864 
     6.34361    -3.83432 
     6.39830    -3.76175 
     6.45299    -3.68842 
     6.50767    -3.61458 
     6.56236    -3.54039 
     4.92177    -4.27663 
     4.97646    -4.34867 
     5.03114    -4.40963 
     5.08583    -4.46267 
     5.14051    -4.50527 
     5.19520    -4.54023 
     5.22255    -4.55463 
     5.24989    -4.56802 
     5.27723    -4.57961 
     5.30457    -4.58775 
     5.33192    -4.59596 
     5.35926    -4.60090 
     5.37020    -4.60312 
     5.38113    -4.60509 
     5.39207    -4.60681 
     5.40301    -4.60829 
     5.41395    -4.60953 
     5.41942    -4.61006 
     5.42488    -4.61053 
     5.43035    -4.61094 
     5.43582    -4.61130 
     5.44129    -4.61159 
     5.44676    -4.61183 
     5.45223    -4.61202 
     5.45770    -4.61214 
     5.46317    -4.61221 
     5.46863    -4.61223 
     5.47410    -4.61219 
     5.47957    -4.61210 
     5.48504    -4.61195 
     5.49051    -4.61174 
     5.49598    -4.61149 
     5.50145    -4.61118 
     5.50691    -4.61082 
     5.51238    -4.61040 
     5.51785    -4.60994 
     5.52332    -4.60942 
     5.53426    -4.60823 
     5.54519    -4.60684 
     5.55613    -4.60525 
     5.56707    -4.60347 
     5.57801    -4.60149 
     5.60535    -4.59444 
     5.63269    -4.58762 
     5.66004    -4.57970 
     5.68738    -4.57072 
     5.71472    -4.56073 
     5.74207    -4.54893 
     5.79675    -4.52431 
     5.85144    -4.49627 
     5.90612    -4.46509 
     5.96081    -4.43025 
     6.01550    -4.39367 
     6.07018    -4.35474 
     6.12487    -4.31366 
     6.17956    -4.27064 
     6.23424    -4.22591 
     6.28893    -4.17880 
     6.34361    -4.13039 
     6.39830    -4.08166 
     6.45299    -4.03106 
     6.50767    -3.98041 
     6.56236    -3.92893 
     4.92177    -4.51189 
     4.97646    -4.53164 
     5.03114    -4.54747 
     5.08583    -4.56326 
     5.14051    -4.57693 
     5.19520    -4.58769 
     5.22255    -4.59270 
     5.24989    -4.59717 
     5.27723    -4.59938 
     5.30457    -4.60283 
     5.33192    -4.60575 
     5.35926    -4.60811 
     5.37020    -4.60891 
     5.38113    -4.60962 
     5.39207    -4.61025 
     5.40301    -4.61078 
     5.41395    -4.61124 
     5.41942    -4.61143 
     5.42488    -4.61161 
     5.43035    -4.61176 
     5.43582    -4.61189 
     5.44129    -4.61200 
     5.44676    -4.61209 
     5.45223    -4.61215 
     5.45770    -4.61220 
     5.46317    -4.61223 
     5.46863    -4.61223 
     5.47410    -4.61221 
     5.47957    -4.61218 
     5.48504    -4.61212 
     5.49051    -4.61204 
     5.49598    -4.61194 
     5.50145    -4.61182 
     5.50691    -4.61168 
     5.51238    -4.61151 
     5.51785    -4.61133 
     5.52332    -4.61113 
     5.53426    -4.61066 
     5.54519    -4.61011 
     5.55613    -4.60948 
     5.56707    -4.60877 
     5.57801    -4.60797 
     5.60535    -4.60564 
     5.63269    -4.60241 
     5.66004    -4.59913 
     5.68738    -4.59537 
     5.71472    -4.59113 
     5.74207    -4.58558 
     5.79675    -4.57490 
     5.85144    -4.56248 
     5.90612    -4.54840 
     5.96081    -4.53275 
     6.01550    -4.51562 
     6.07018    -4.49708 
     6.12487    -4.47723 
     6.17956    -4.45616 
     6.23424    -4.43395 
     6.28893    -4.41069 
     6.34361    -4.38561 
     6.39830    -4.36055 
     6.45299    -4.33389 
     6.50767    -4.30740 
     6.56236    -4.27984 
