#Frequency(THz) VDOS(1/THz)
0.318310    2.688034
0.636620    8.023230
0.954930    20.919810
1.273240    39.316000
1.591549    60.511100
1.909859    85.703700
2.228169    115.556600
2.546479    147.395000
2.864789    181.312200
3.183099    223.092300
3.501409    277.368200
3.819719    342.651000
4.138029    414.611000
4.456338    490.865000
4.774648    573.687000
5.092958    670.161000
5.411268    786.504000
5.729578    921.260000
6.047888    1067.854000
6.366198    1223.557000
6.684508    1391.443000
7.002817    1572.543000
7.321127    1758.845000
7.639437    1937.692000
7.957747    2104.951000
8.276057    2269.897000
8.594367    2442.757000
8.912677    2622.351000
9.230987    2801.801000
9.549297    2980.080000
9.867606    3159.780000
10.185916    3338.200000
10.504226    3508.540000
10.822536    3668.100000
11.140846    3819.940000
11.459156    3966.990000
11.777466    4108.470000
12.095776    4243.450000
12.414086    4374.670000
12.732395    4506.040000
13.050705    4636.160000
13.369015    4757.410000
13.687325    4862.470000
14.005635    4950.360000
14.323945    5024.940000
14.642255    5089.450000
14.960565    5145.720000
15.278875    5197.980000
15.597184    5251.110000
15.915494    5304.080000
16.233804    5351.330000
16.552114    5392.270000
16.870424    5431.480000
17.188734    5467.430000
17.507044    5490.520000
17.825354    5498.210000
18.143664    5503.920000
18.461973    5523.600000
18.780283    5557.270000
19.098593    5590.500000
19.416903    5611.680000
19.735213    5621.460000
20.053523    5627.240000
20.371833    5635.110000
20.690143    5647.730000
21.008452    5662.940000
21.326762    5672.570000
21.645072    5668.030000
21.963382    5650.870000
22.281692    5634.030000
22.600002    5628.880000
22.918312    5633.580000
23.236622    5637.800000
23.554932    5636.380000
23.873241    5634.250000
24.191551    5638.970000
24.509861    5652.330000
24.828171    5669.020000
25.146481    5680.760000
25.464791    5681.870000
25.783101    5671.730000
26.101411    5653.490000
26.419721    5632.040000
26.738030    5613.620000
27.056340    5605.120000
27.374650    5610.450000
27.692960    5625.690000
28.011270    5640.240000
28.329580    5648.610000
28.647890    5660.480000
28.966200    5689.610000
29.284510    5733.410000
29.602819    5774.930000
29.921129    5804.720000
30.239439    5828.090000
30.557749    5852.000000
30.876059    5875.650000
31.194369    5893.010000
31.512679    5898.570000
31.830989    5893.850000
32.149299    5888.490000
32.467608    5888.630000
32.785918    5887.830000
33.104228    5877.270000
33.422538    5858.120000
33.740848    5835.100000
34.059158    5806.380000
34.377468    5769.270000
34.695778    5729.270000
35.014087    5694.990000
35.332397    5666.510000
35.650707    5633.480000
35.969017    5585.050000
36.287327    5520.100000
36.605637    5446.480000
36.923947    5369.760000
37.242257    5287.310000
37.560567    5196.640000
37.878876    5103.420000
38.197186    5012.580000
38.515496    4917.080000
38.833806    4807.510000
39.152116    4689.970000
39.470426    4579.000000
39.788736    4473.370000
40.107046    4353.540000
40.425356    4204.800000
40.743665    4030.830000
41.061975    3844.210000
41.380285    3654.630000
41.698595    3469.240000
42.016905    3296.740000
42.335215    3144.150000
42.653525    3007.556000
42.971835    2872.163000
43.290145    2727.617000
43.608454    2576.844000
43.926764    2422.778000
44.245074    2259.232000
44.563384    2087.405000
44.881694    1926.770000
45.200004    1792.274000
45.518314    1671.000000
45.836624    1537.028000
46.154933    1383.156000
46.473243    1226.912000
46.791553    1088.704000
47.109863    971.523000
47.428173    863.145000
47.746483    754.925000
48.064793    653.036000
48.383103    568.653000
48.701413    502.594000
49.019722    444.951000
49.338032    386.810000
49.656342    328.304000
49.974652    276.666600
50.292962    237.936200
50.611272    210.284100
50.929582    186.317800
51.247892    161.073800
51.566202    134.761200
51.884511    109.275700
52.202821    86.688100
52.521131    69.952900
52.839441    60.437800
53.157751    55.287400
53.476061    50.204600
53.794371    43.792100
54.112681    37.438800
54.430991    32.633300
54.749300    29.807130
55.067610    28.489930
55.385920    27.671390
55.704230    26.616850
56.022540    25.422980
56.340850    24.463100
56.659160    23.715250
56.977470    22.923600
57.295780    21.962990
57.614089    20.862020
57.932399    19.772800
58.250709    18.923590
58.569019    18.393300
58.887329    18.004220
59.205639    17.547030
59.523949    17.005280
59.842259    16.494610
60.160568    16.083540
60.478878    15.744680
60.797188    15.431940
61.115498    15.133390
61.433808    14.849740
61.752118    14.574960
62.070428    14.308240
62.388738    14.052250
62.707048    13.801800
63.025357    13.553190
63.343667    13.309930
63.661977    13.072530
