sw_1985_3       
1.48668  79.82717204  4.270555172  0.99987  0.0
5.0      131.687076   5.346968102  0.59847  1.670927532
5.0      131.687076   5.346968102  0.59847  1.670927532
5.0      131.687076   5.346968102  0.59847  1.670927532
0.9641   11.99905002  3.865379556  0.98826  0.0
0.9641   11.99905002  3.865379556  0.98826  0.0
5.0      131.687076   5.346968102  0.59847  1.670927532
0.9641   11.99905002  3.865379556  0.98826  0.0
0.9641   11.99905002  3.865379556  0.98826  0.0
0.0       0.0
0.0       0.0
0.0       0.0
0.0       0.0
28.84616  0.130323733
0.23574   0.159567616
0.0       0.0
0.23574   0.159567616
28.84616  0.130323733
28.84616  0.130323733
0.0       0.0
0.0       0.0
0.0       0.0
0.0       0.0
0.0       0.0
0.0       0.0
0.0       0.0
0.0       0.0
28.84616  0.130323733
0.0       0.0
0.0       0.0
0.0       0.0
0.0       0.0
0.0       0.0
0.0       0.0
0.0       0.0
0.0       0.0

