nep4 6 H C N O S Cl 
cutoff 8 4 26 25
n_max 4 4
basis_size 8 8
l_max 4 2 0
ANN 5 0
  3.4833026e-01
  3.6427110e-01
 -2.4282534e-01
 -2.4228302e-01
  1.3845065e-01
 -4.4973850e-01
 -1.0376124e+00
  6.3916385e-01
 -6.6993755e-01
  1.5238152e+00
  2.7659190e+00
  7.6351982e-01
  9.1573262e-01
  2.6262896e+00
  2.9802510e-01
  1.3683158e+00
 -8.1995910e-01
  1.9860731e-01
 -1.4956398e+00
  2.9292741e+00
 -8.7500417e-01
  2.1252146e+00
  1.3037353e+00
  4.5700938e-01
  5.9574288e-01
 -1.7889410e-01
 -1.5384206e-01
  1.0165471e+00
 -1.0319396e+00
 -6.0674295e-02
  6.5551615e-01
 -1.7864468e+00
 -9.7804898e-01
 -5.7089353e-01
  8.3192748e-01
  7.3280448e-01
  2.5032575e+00
  9.0516776e-01
 -1.6897327e-01
 -2.5888109e+00
 -1.9390800e+00
 -2.8817078e-01
  7.1933228e-01
 -9.1239959e-01
 -4.1665390e-01
 -1.0567738e+00
  1.5994154e+00
 -4.1118723e-01
 -4.1433821e+00
 -1.8261574e-01
 -9.6282190e-01
  1.3622622e+00
 -6.6951728e-01
  1.3713150e+00
 -1.7542845e-02
  1.9515468e+00
 -3.4498611e-01
  2.0641364e-01
  7.9374623e-01
  8.6489156e-02
 -2.6907218e-01
 -2.0187907e+00
 -1.4112663e-01
  1.3535197e+00
  2.1320441e+00
 -1.6917046e+00
 -9.5658854e-02
  4.7410744e-01
 -1.6191256e+00
 -4.7636557e-01
  3.3221629e+00
 -4.5867279e-02
 -2.4452452e-01
  1.7279798e-01
  1.4851971e+00
  1.8636364e-02
  2.2969451e+00
 -1.5400410e+00
 -3.2358508e+00
  6.5183327e-02
 -1.9605331e+00
  1.5175790e-01
  4.9305242e-01
 -6.7285076e-02
 -8.7577617e-01
  2.6659405e-01
  8.6346650e-01
 -2.2781887e+00
 -1.0398434e+00
 -7.3725462e-01
 -9.2516637e-01
 -2.3303793e-01
 -1.7594790e+00
 -1.6718858e+00
 -2.5787035e-01
  1.0153769e+00
  4.3906617e-01
  7.8283244e-01
 -1.4362998e+00
  4.5026273e-01
  6.6725504e-01
 -8.8335234e-01
 -1.4306682e+00
 -3.8655336e+00
  2.5265703e-01
  2.6466980e+00
 -1.1167006e+00
  1.1001019e-01
  1.6529281e+00
 -1.9926964e+00
  2.2699732e-01
  2.8068918e-01
 -8.3268538e-02
  9.2161572e-01
 -2.4861698e+00
  1.7827135e-01
  3.2292252e+00
 -4.1366574e-01
  1.9114522e+00
 -3.0679008e-01
  1.1723551e+00
  4.8765418e-01
 -3.0775774e-01
 -4.6080905e-01
 -8.5886908e-01
  4.0846607e-01
 -2.1521957e-01
 -3.7428755e-01
  1.8877820e+00
 -4.2996463e-01
  1.6365446e+00
 -3.6321616e-01
 -1.2868415e+00
 -8.1453598e-01
 -4.3966591e-01
  1.0395291e+00
 -2.2805037e+00
  3.3553299e-01
 -3.3253139e-01
 -1.6537126e+00
  2.2750092e+00
 -4.2588767e-01
  6.8182254e-01
 -1.5332438e+00
 -2.4031708e-02
 -2.7822344e+00
  8.7434158e-02
 -6.1943591e-01
  2.4412298e+00
  2.0699067e+00
 -1.0795892e+00
 -3.4194520e-01
  1.1879743e+00
 -4.0993290e+00
 -8.3296067e-01
 -7.6607198e-01
 -8.0945337e-01
 -3.5818863e-01
 -1.9084849e+00
 -1.0976156e+00
  1.1134905e+00
 -6.7242378e-01
 -1.0985353e+00
 -9.3956536e-01
 -4.1533756e-01
 -2.3818185e+00
 -2.9673716e-01
 -4.2404538e-01
 -1.5701071e+00
 -1.1107068e+00
  1.1424297e+00
  1.6987932e+00
  1.4391508e-02
 -3.6244144e+00
  3.7871635e-01
  1.8535911e+00
  2.8977628e+00
  8.0079800e-01
 -2.9235876e+00
  1.3191910e+00
 -2.0137744e+00
  8.7898266e-01
  1.3722075e+00
  1.1348681e+00
 -1.2785763e-01
  3.4795680e+00
 -3.5830660e+00
  4.2754498e+00
 -2.7509813e+00
  1.0251776e+00
 -2.0333085e+00
  1.9186467e+00
 -2.5677326e+00
 -2.5512382e-01
 -2.3284817e-01
  7.8250444e-01
  1.0433192e+00
 -6.1883926e-01
  2.5048146e-01
 -2.5663725e-01
  2.0187681e+00
 -9.9779105e-01
 -1.9351879e+00
  5.4136246e-02
 -1.0689961e-01
  5.4606998e-01
  7.7066714e-01
 -3.1316411e-01
  1.7136668e-01
  2.4360149e+00
  3.1474571e+00
 -9.4602787e-01
  2.4030247e-01
 -1.1164367e+00
  6.8537307e-01
 -2.7809851e+00
 -3.2873666e+00
 -8.9091080e-01
 -1.4414972e+00
  1.7543193e+00
 -2.0158737e+00
 -7.6303655e-01
  1.2517604e-01
  2.9963773e-01
  1.1178973e+00
  1.8858168e+00
 -9.7661614e-02
  2.1349883e+00
 -6.7996687e-01
  8.9466643e-01
  2.0923579e+00
  2.4422719e+00
 -9.5425910e-01
  5.9114307e-01
  6.9064397e-01
  1.3237177e+00
 -5.2621889e+00
  5.3000337e-01
  9.2203826e-01
 -1.5468332e-01
  9.1559905e-01
  2.3749750e+00
 -1.6632240e+00
 -8.6529750e-01
  3.9994097e+00
 -1.1720984e-01
 -3.3641336e+00
 -5.2056229e-01
  1.1090244e+00
 -3.0452223e+00
  8.3089757e-01
 -1.3267053e+00
  2.5868332e-01
  1.0886899e+00
 -1.3553435e+00
 -2.3073606e+00
 -2.4375548e+00
 -7.7105170e-01
 -2.5055664e+00
 -2.9949281e+00
 -2.8379242e+00
  6.8372792e-01
  2.0744412e-01
  1.0266995e+00
 -1.3871695e+00
 -4.0413359e-01
  3.0012825e-01
  2.8391824e+00
 -1.7463093e+00
 -4.9255416e-04
 -1.3713390e+00
 -7.9617965e-01
  5.6118482e-01
  8.5037273e-01
  5.3268975e-01
  3.0531504e+00
 -1.4314700e+00
 -2.4294002e+00
 -4.7842753e-01
 -7.2303331e-01
 -1.3188149e-01
 -3.1742662e-01
  6.2564015e-01
 -9.6552533e-01
  1.0185559e+00
 -4.7488672e-01
 -7.4941117e-01
  1.8083045e+00
 -7.7432686e-01
  2.2990968e+00
 -2.1563011e-01
  7.5765789e-01
  1.1633120e+00
  1.9219511e+00
 -2.4376856e-01
 -8.8763589e-01
  4.7290736e-01
  1.1410076e-02
 -1.3989408e+00
 -1.6758038e-01
 -8.8481688e-01
  8.7830317e-01
 -1.9078709e+00
 -4.0417954e-01
  2.9018614e+00
  8.4363794e-01
 -5.4174304e-02
 -1.5102968e-02
  3.0037360e-03
 -2.0913541e-01
  1.3175988e+00
  5.2467155e-01
  5.8368534e-01
 -6.2941861e-01
  7.1130209e-03
  3.8037946e+00
  1.8899717e+00
  1.4219699e+00
 -2.5443082e+00
 -8.8161593e-03
 -1.5617454e+00
 -2.5860047e-01
  1.5005462e+00
 -8.2216442e-01
 -1.8221436e+00
  2.5666764e+00
 -8.3184999e-01
 -6.6463041e-01
 -3.0223653e+00
  1.8276405e+00
  1.3067604e+00
  6.6796726e-01
  9.8987037e-01
  3.2733579e+00
  2.5136343e-01
 -1.8224205e-01
  1.2160200e+00
  1.0452210e+00
 -4.5281959e-01
  6.2893569e-01
  1.2405746e+00
  3.2162585e+00
 -1.7137722e+00
 -2.3369546e+00
  4.2720997e-01
  1.1578609e+00
  3.9574271e-01
  2.3402455e+00
 -1.1296833e+00
  3.6215442e-01
  5.8009070e-01
 -1.2004075e+00
 -2.4395847e+00
  2.5876212e+00
  2.5471948e-02
  1.5905484e+00
  2.2937505e+00
 -7.2825634e-01
  3.5644925e+00
  9.7093508e-02
  1.1843948e+00
 -2.2354865e-01
 -2.2515593e+00
  5.7458830e-01
 -1.0441531e+00
 -4.7516090e-01
 -4.6497500e-01
  4.5841986e-01
 -2.4300924e-01
 -1.0573071e+00
 -3.1859356e-01
 -5.4431456e-01
 -1.4603926e+00
 -5.5094099e-01
  2.0585904e-01
 -1.0304406e+00
 -5.6508839e-01
  4.7429544e-01
 -1.7375488e+00
 -2.5410062e-01
 -4.4966114e-01
 -1.5505041e-01
  4.5359623e-02
 -1.6787361e+00
  4.1574806e-01
  1.0008099e+00
 -1.1364471e+00
  1.7633913e+00
 -2.1638243e+00
  6.0885692e-01
  1.8620602e+00
  4.3140095e-01
  1.3068619e+00
 -2.5604212e+00
  1.4685495e+00
  2.5185049e-01
 -1.4062253e+00
 -2.4003348e+00
 -3.5274458e+00
  3.0715567e-01
 -3.8384771e+00
 -9.8395318e-01
  1.3170273e+00
  4.0223980e-01
 -8.6950660e-01
 -5.1053977e-01
 -9.4860435e-01
 -8.1891216e-02
 -1.3900237e+00
  1.8787396e+00
 -2.4889157e+00
 -1.0290891e+00
 -5.6851465e-01
 -2.3851708e-01
  1.7611814e+00
  2.3442822e+00
  1.6122484e+00
  1.2087100e+00
  7.8165054e-01
 -2.9884106e-01
 -1.4151022e+00
  1.0658856e-01
 -2.3190372e+00
 -2.5390956e+00
  1.1333092e+00
  1.4953011e+00
  7.1032852e-01
 -1.8921608e-01
  7.1571881e-01
 -2.8394106e-01
 -2.6534823e-01
 -2.0634298e+00
  2.0716391e+00
 -1.9088759e+00
  3.8612020e+00
 -1.1981347e+00
  7.1184570e-01
 -1.8640471e-01
  2.1168876e+00
  4.6373856e-01
  2.0723217e+00
 -2.6674571e+00
 -1.2834910e-01
 -3.3162796e-01
  6.0085344e-01
 -9.1138190e-01
  2.4248040e-01
  3.4286687e-01
  6.7143834e-01
 -1.0168929e-01
  2.8769472e+00
  4.8979935e-01
  2.4679713e+00
  2.4611788e+00
 -1.7593712e+00
  3.5244110e+00
 -1.2138147e+00
  1.9890498e-01
  5.0809252e-01
 -2.1934776e+00
  2.6133699e+00
  1.4760649e+00
  1.6310450e-01
  1.6092285e+00
  1.5623045e+00
 -1.7874697e+00
  6.3963509e-01
  7.8370959e-01
  1.1632266e+00
 -1.4914744e-01
  1.6767973e+00
  4.0471545e-01
  2.8115976e-01
 -2.6330385e+00
  2.6103273e-01
  1.5840615e+00
 -1.1860967e+00
 -3.6791620e-01
 -1.6328458e+00
 -2.9187319e-01
 -1.5344830e-01
  9.2619449e-01
 -1.0465534e+00
 -7.7970946e-01
 -4.1029537e-01
  4.7710069e-02
  2.8380087e-01
 -1.2924942e+00
 -5.7724986e-02
 -2.1484046e+00
  1.2120821e+00
 -3.6670671e+00
  8.2914883e-01
  3.3676443e-01
  5.3622168e-01
 -3.2938867e+00
 -1.4474043e+00
 -9.3553269e-01
 -1.8849951e-01
  1.4973702e+00
 -2.9143858e+00
  2.2911595e-01
 -1.3623489e+00
 -7.2126019e-01
 -3.1800435e+00
 -1.7279220e+00
 -6.8039224e-02
 -9.6513557e-01
  1.1377892e+00
 -6.2185639e-01
  9.5528114e-01
 -1.4278866e-01
  3.6232464e+00
  3.1592953e+00
  1.5659093e+00
  1.3256861e+00
 -9.2242163e-01
 -2.6808697e-01
 -1.0890179e+00
  1.1426617e+00
 -8.6264056e-01
 -4.0756246e-01
  5.8689636e-01
 -4.6482840e-01
 -4.7018699e-02
  2.2333951e+00
 -2.1743701e+00
  1.0031602e+00
 -2.3344214e-01
 -9.5408440e-01
 -1.7937737e+00
  2.5113180e-02
 -1.0478381e+00
  8.4353852e-01
 -2.0638685e+00
 -4.4532162e-01
  1.9909003e-01
  4.7375199e-01
  1.4900820e+00
 -7.2699040e-01
  1.1471370e+00
 -2.4116850e+00
 -4.9818167e-01
 -7.5992532e-02
  2.9650265e-01
 -4.0295858e+00
 -1.9066385e+00
 -7.7762157e-02
 -1.9055016e-01
  7.6554894e-01
  2.1655571e+00
 -1.4899498e+00
  4.0141153e+00
 -5.3565997e-01
  6.6795045e-01
 -4.6197739e-01
  3.4554464e-01
  2.9835886e-01
 -3.4991219e+00
  3.7686065e-01
 -2.5426334e-01
 -2.9341820e-01
  9.8182303e-01
  1.1035234e+00
 -3.1056589e-01
 -2.4719613e+00
 -2.8322107e-01
  1.2481654e+00
  5.6794739e-01
  4.7152811e-01
 -1.9424388e-01
  5.8819675e-01
  2.5468671e-01
  2.6804962e+00
 -3.9372534e-01
 -1.2742635e+00
  8.8572979e-01
 -2.3346411e-01
  8.2461882e-01
  1.3608742e+00
  1.0278335e+00
 -2.2944191e-01
 -2.1002619e-01
  7.0051599e-01
 -2.0626407e-02
  3.6324421e-01
  1.9134101e+00
 -8.3915025e-01
 -1.5341138e+00
  6.8081456e-01
 -1.9938821e+00
 -1.2644114e+00
  1.5758387e+00
  2.7655479e-01
 -7.5931466e-01
 -1.4475784e+00
 -4.2541850e-01
  4.5483509e-01
 -2.2008874e+00
  6.4707869e-01
  1.3315902e+00
  3.1864978e-02
 -7.1267539e-01
  9.2997909e-01
  2.1561856e+00
  9.7671539e-01
 -4.5445919e-01
 -4.7461492e-01
  2.1353357e+00
  1.5310482e+00
 -1.3909022e+00
  2.6588103e-01
 -2.1920786e+00
 -4.7560909e-01
  1.4447588e+00
 -1.7557255e+00
  2.3763106e+00
 -3.1975949e-01
  1.6802586e+00
 -2.8891189e+00
  3.4141243e-02
  1.5920138e+00
 -5.8547735e-01
 -3.0025125e-01
  1.8462373e+00
 -1.5630505e+00
 -2.8380160e+00
 -2.6653662e-01
 -3.9970809e-01
  1.2705609e+00
 -7.1034020e-01
 -1.7289754e+00
  3.2156458e-01
  3.5601944e-01
  5.5951428e-01
 -1.2127969e+00
 -2.4589682e+00
 -7.8686512e-01
  3.2926768e-01
  4.8020241e-01
  6.4919405e-02
  3.1672428e+00
 -4.8468569e-01
 -1.0051981e-01
  9.9929142e-01
  2.7729025e+00
 -2.4577653e+00
  4.9156994e-02
  1.1006280e+00
  1.7401516e-01
  2.3353093e+00
  2.5219150e+00
  6.1094600e-01
  6.2784809e-01
  3.5054469e-01
  6.2016022e-01
  4.2329848e-01
  5.0386268e-01
  7.7932000e-01
 -6.5486854e-01
 -1.1004299e+00
  1.6683683e+00
 -1.9233128e+00
  2.2295868e+00
  1.9309664e-01
  1.5504106e+00
 -2.4560460e-01
 -9.8336279e-02
 -8.1726474e-01
  6.5778518e-01
 -3.4233937e-01
  8.8114798e-01
 -3.2109497e+00
 -1.1871469e+00
  8.0197185e-02
  4.3260682e-01
 -2.6383790e-01
  2.0566669e-01
  1.1207590e+00
 -6.2537976e-02
  1.8398447e+00
 -8.5935868e-02
 -1.5029447e+00
 -1.3828394e+00
 -4.2972305e-01
  1.4086312e+00
  1.9364713e+00
  6.0092527e-01
 -2.4434908e-01
 -3.4276643e-01
  2.2170699e+00
  3.2186768e+00
 -1.2706633e+00
  3.0966413e+00
 -8.9842692e-02
  8.9356077e-01
  1.8577499e+00
 -2.0753098e+00
  7.6534621e-02
  7.5110364e-01
 -8.3202213e-02
 -1.3573663e+00
  1.5581343e+00
 -1.2147840e+00
 -7.7475435e-01
 -2.9690173e-01
 -4.4170189e-01
 -2.3141265e+00
 -5.4232502e-01
 -1.0157774e-01
 -1.0275710e+00
  6.0296714e-02
  2.3121440e-01
 -7.0728314e-01
 -3.6965733e+00
  2.0724630e+00
  2.4783747e-01
 -1.9441961e+00
  1.2203196e+00
  1.1845602e+00
  4.1155040e-01
  1.6845114e+00
 -1.5098023e+00
 -7.0729971e-01
  1.1544288e+00
 -3.8010436e-01
 -6.0879886e-01
 -2.2929814e-01
 -1.2505876e+00
  2.1205070e+00
 -2.2234267e-01
  2.4509843e-01
 -2.6258880e-01
  2.3083265e+00
 -4.6974584e-01
  1.0493036e-01
  1.9323039e-01
 -6.8046516e-01
  5.0960773e-01
  1.7621963e+00
  2.5653654e-01
  1.5712886e+00
  2.6519651e+00
  8.9022273e-01
  2.0053579e-01
  2.5997183e-01
 -9.4845629e-01
 -1.4506127e+00
 -9.8838270e-01
 -2.6929274e+00
  1.5211766e+00
 -7.8657568e-01
 -3.4182644e+00
 -3.3802953e-01
 -3.8175961e-01
 -3.2529683e+00
 -2.1906416e-01
  5.4652101e-01
  5.0567582e-02
 -3.0315726e+00
 -7.2710055e-01
 -2.0598181e-01
  3.4405962e-01
  1.6044350e+00
 -3.8277435e-01
  4.2583069e-01
  7.6225048e-01
 -1.9214101e+00
  1.2212530e+00
  4.9682031e+00
  3.3115935e-01
  3.1487250e-01
 -7.4521959e-01
  2.5984347e-01
  3.8872578e+00
  4.0110350e-01
 -8.2543004e-01
 -6.6164052e-01
  4.4650337e-01
 -9.3790817e-01
 -7.8239852e-01
 -1.9256911e-01
  1.1148933e-01
  2.8690345e+00
 -8.1192124e-01
 -1.0914813e-01
 -3.1742692e-01
  5.0229275e-01
 -9.7817940e-01
  2.2764117e-01
  8.3967519e-01
  1.7482558e+00
  8.5186708e-01
 -4.8203731e-01
 -1.3859861e+00
  2.7001724e+00
  5.9168496e+00
 -7.9101600e-02
  2.3904035e+00
  6.5244895e-01
  1.8791295e+00
 -2.6644510e-01
  1.6185430e-01
  7.6042622e-01
  2.0626495e+00
  6.7456502e-01
  1.3160204e+00
  2.4664047e+00
 -3.3570212e-01
  1.1381965e-01
 -2.2597356e+00
  6.7442214e-01
  1.5113592e-01
 -9.4075203e-01
 -1.0649860e+00
  1.5298653e-01
 -1.1997906e+00
  8.3782142e-01
  1.1846609e-01
 -8.0441579e-02
 -1.8193706e+00
 -4.0614098e-01
  6.1256462e-01
  7.8148648e-02
 -8.4523296e-01
 -5.6990981e-01
  2.6522785e-01
  2.5876412e-01
 -1.1457288e-01
 -8.6066562e-01
 -8.1882572e-01
 -8.0774212e-01
 -5.5615741e-01
 -2.9414284e+00
  1.6787398e-01
  8.3533323e-01
  3.7685912e-02
  1.1844524e+00
  1.0972439e+00
  1.5083716e+00
  2.5278845e+00
 -2.7834099e-02
 -3.2622391e-01
  3.0896127e-01
  4.0230697e-01
 -1.1190085e+00
  7.9761940e-01
  4.1590738e-01
 -4.2750251e-01
  1.1845765e+00
  7.8340501e-01
  1.3308990e+00
  6.8091911e-01
 -9.6258706e-01
 -2.3921996e-01
 -4.2998314e-02
  3.0567423e-01
  1.8118773e+00
 -1.7197514e-01
 -7.1763587e-01
 -4.4362772e-01
  2.1245346e+00
 -2.8457801e+00
 -1.4151027e+00
  7.8401858e-01
  7.9023123e-02
  5.5213530e-02
  3.0710974e-01
 -5.4376942e-01
 -2.4127982e+00
 -4.7642556e-01
 -1.4045420e-01
 -3.2737434e-01
  1.8390037e-01
  5.0900841e-01
 -2.3028121e+00
 -1.9579307e+00
  1.0020950e+00
 -4.2760366e-01
  1.6900808e+00
 -3.5304081e-01
 -1.4665025e+00
 -1.6631258e+00
  3.5566413e-01
 -1.3745172e+00
  1.2224466e+00
 -1.9410634e+00
 -1.3522594e+00
 -5.3793371e-01
  1.2673635e+00
 -3.1564438e-01
  1.0166835e+00
  1.0119530e+00
 -3.4264624e-01
  6.8199396e-02
 -1.9724700e-01
  2.1307240e+00
  2.3252554e+00
  7.6999295e-01
  4.4751897e-01
  2.3390281e+00
  1.4473981e+00
 -2.0673470e+00
  1.8296217e+00
 -3.2118146e+00
 -4.5339918e-01
 -1.1983131e+00
  1.6659201e+00
 -1.7852168e+00
  2.9490480e-01
  3.6621451e-01
  1.9001362e-01
 -4.9189799e-02
 -2.9655179e-01
 -1.2868415e+00
  1.3810655e+00
 -3.8620038e+00
  6.9879198e-01
  8.3010948e-01
 -1.3894885e+00
  2.1220121e+00
  1.0545096e+00
  4.2926285e-01
  3.2224712e+00
 -2.1279650e+00
  8.1236154e-01
 -3.3251548e+00
  2.2822849e-01
 -2.6938742e-01
 -6.8298852e-01
  5.4232103e-01
  6.0695994e-01
 -3.7094116e-01
 -7.1168339e-01
  1.0730796e+00
  5.8619344e-01
 -6.7780085e-02
 -2.0769217e+00
 -9.9983370e-01
  1.5380841e+00
 -2.5578344e-01
 -6.5610528e-02
 -2.9768696e+00
  7.2038502e-01
  1.0114080e+00
 -6.6224957e-01
 -1.3354822e+00
  2.0633888e+00
 -1.0854489e+00
  1.9158781e+00
 -2.0385134e-01
 -3.4202597e+00
 -1.3987896e+00
 -4.6268603e-01
 -8.5839641e-01
 -3.0120641e-01
  2.8198054e+00
  1.1360263e+00
  1.7810439e+00
 -1.5918938e+00
 -4.7691178e+00
  5.2555895e+00
  1.3754399e-01
 -9.2065269e-01
 -3.5500965e-01
 -1.5064371e+00
 -2.2844176e+00
 -1.0476182e+00
 -6.9268739e-01
 -2.7889916e-01
 -2.5471383e-01
  7.2226298e-01
  2.4067008e-01
 -2.4783564e-01
  1.5420183e+00
  1.2246552e+00
  1.3098800e+00
 -1.1582148e+00
  6.0042405e-01
 -2.3971560e+00
 -5.1162612e-01
 -8.9247727e-01
  1.3833022e-01
  4.1798053e+00
  1.6129766e+00
  1.2554793e-01
 -2.9177372e+00
 -1.4662784e-01
  2.8895733e+00
 -2.3255475e+00
 -1.3659397e+00
 -2.3814354e+00
  5.2394229e-01
  1.0092402e-01
 -1.2482489e+00
  1.0032780e-01
 -1.4473471e-01
 -4.2002439e-01
  2.6365897e-01
 -5.3771126e-01
 -2.9435310e-01
  1.2036685e+00
 -8.5946733e-01
 -3.3967498e-01
 -1.1973798e+00
 -5.9092379e-01
 -1.1429070e+00
 -6.9369149e-01
  5.4448974e-01
 -3.4586358e-01
 -1.5292313e+00
  1.5229467e+00
  6.9459528e-01
 -1.4369637e-01
 -5.5895692e-01
  1.0492331e+00
 -3.3981049e-01
 -1.1736203e+00
 -4.7958824e-01
 -3.3057451e-01
  8.7481713e-01
  2.7883108e+00
  7.5913179e-01
 -8.8573140e-01
  2.9079312e-01
 -4.8132843e-01
 -1.3901312e+00
  1.2084141e+00
 -5.3837430e-01
 -2.2524107e-01
 -1.2430788e+00
  2.0792339e+00
  4.1669858e-01
 -2.0633632e-01
  1.0574545e+00
  9.8581374e-01
 -7.2175634e-01
  1.0233272e+00
  9.6781379e-01
  1.7799286e+00
  4.5714874e+00
 -7.7748907e-01
  1.7511348e+00
 -2.4126875e-01
  5.1009345e-01
 -2.6495242e+00
  7.9757363e-01
 -2.9986677e-01
 -1.1161765e+00
 -1.3504806e-01
 -1.8265675e-01
 -1.7540437e-01
  7.4651980e-01
  3.2313874e-01
  1.3963737e+00
  2.2688195e-01
 -3.2877403e-01
  3.1262070e-01
  1.1217995e+00
 -9.6347731e-01
 -2.1890199e+00
  1.5360037e+00
  1.5857701e+00
  1.0213551e-01
  1.4495516e-01
 -3.9236274e-01
 -1.6667277e+00
 -4.2778900e-01
 -2.5590761e+00
  6.3595283e-01
 -6.8894827e-01
  2.1884760e-01
  3.2286724e-01
 -7.4079430e-01
  7.7110249e-01
  1.1809043e+00
 -4.9859220e-01
  5.2265614e-01
  2.7945938e+00
 -2.5852392e+00
 -1.0083861e+00
 -9.8690492e-01
  2.3253611e-01
 -1.3305105e+00
 -3.5275464e+00
  2.7189515e+00
  4.7948509e-01
  1.0536736e+00
 -1.3461804e-01
  2.3757714e-01
  1.3407531e+00
  4.0606308e+00
  2.9923191e+00
 -2.3367593e-01
 -4.5175549e-01
  3.0196950e-01
 -7.0734423e-01
 -1.9787027e+00
 -1.5787507e+00
  1.5463585e+00
 -7.1781415e-01
  1.3447809e+00
 -1.1840661e+00
  2.0177343e-01
 -2.5612667e-01
 -6.6135645e-01
 -5.9699202e-01
 -9.4004953e-01
 -1.1324117e-01
 -1.2226644e-01
 -7.1279615e-01
 -1.5854081e+00
  1.8118590e-01
 -7.1530497e-01
 -1.3792375e+00
 -2.7285734e-01
  1.6128790e+00
 -1.5044310e+00
 -1.3256798e+00
  1.8565037e+00
 -2.3839507e+00
 -1.6364849e-01
 -2.3087475e+00
  3.4062535e-01
 -1.1110672e-01
  3.4196091e-01
 -3.3115500e-01
  2.2503024e-01
  1.4465337e+00
 -5.2458334e-01
  1.1070939e+00
 -1.0898069e-01
  3.0162391e-01
 -1.6272625e-01
  1.0840552e+00
 -4.9748388e-01
  4.0801960e-01
 -1.0288795e-01
 -3.6312480e+00
  2.3630161e+00
  1.8952093e-01
 -1.8376623e+00
  1.8714185e+00
  6.3526040e-01
 -2.1088035e+00
 -6.6592431e-01
 -8.7155068e-01
 -1.2835618e+00
  4.7437322e-01
  3.3719444e-01
 -3.0894403e+00
  1.0690587e+00
  3.7592873e-01
 -7.9908061e-01
 -4.0113540e+00
 -5.7151353e-01
  6.2579441e-01
 -1.2390938e+00
  3.1562692e-01
  1.3037102e+00
  1.3181678e+00
  1.5725684e+00
 -4.9589932e-01
  1.9584703e+00
  1.1826291e+00
  4.8910570e-01
 -2.3956630e+00
  1.5548065e-01
 -2.7951649e-01
 -1.7258760e-01
  3.5195765e-01
  1.9228750e+00
  3.3767471e-01
 -5.9426749e-01
 -2.9543594e-01
  2.3175805e+00
 -4.4412151e-01
  3.3762887e-01
 -1.7936528e+00
 -1.0691276e+00
 -5.0553280e-01
 -3.9090899e-01
  2.0456402e+00
 -1.2628442e+00
  1.0638285e+00
  3.4503841e-01
  3.9672843e-01
 -1.0286069e+00
  4.9055621e-01
 -4.4784489e-01
  2.1523397e+00
 -1.1314394e-01
  7.9424679e-01
  2.4848378e-01
 -2.2763136e-01
 -5.2622277e-01
 -4.0522695e-01
  1.7967293e+00
 -7.3853707e-01
 -3.2011888e+00
 -1.5700195e+00
 -1.5289814e+00
 -1.1371607e-01
  2.5496104e-01
 -2.7548568e+00
 -2.8239427e+00
 -7.6718616e-01
  5.7952935e-01
 -1.1609887e+00
 -4.3029806e-01
  1.5384114e+00
 -1.7168518e+00
  1.4657390e-01
 -1.4898537e-01
 -1.5246000e+00
 -7.2868782e-01
  1.9080825e+00
 -4.4093418e-01
  1.4955088e+00
  6.6984046e-01
 -9.9712622e-01
 -4.3669477e-01
 -3.1686969e+00
  1.2329773e+00
  5.7293177e-01
  5.1962507e-01
 -4.1127133e+00
 -1.8948814e+00
 -1.3247381e+00
  1.0068151e+00
 -1.2214680e+00
 -2.0684845e+00
 -7.9810262e-01
  2.4032652e-01
 -1.9241492e+00
  1.2731076e+00
 -6.1067176e-01
 -1.2813557e+00
  1.6954082e-01
 -1.7908731e-01
 -1.7456131e+00
  1.3714331e-01
  7.9604781e-01
  7.1882689e-01
  2.1657276e-01
  4.7904658e-01
  1.8795946e-01
 -2.9124978e-01
 -8.6688364e-01
  2.1283684e+00
 -1.4151030e+00
 -3.7396619e-01
  7.4395543e-01
  1.7772160e-01
  6.1326498e-01
  4.9412203e-01
 -4.3505096e-01
 -6.5135515e-01
 -1.4121816e-01
  5.1072085e-01
  2.2374537e+00
  5.0416321e-01
 -8.8921052e-01
  1.1219913e+00
 -1.9052689e+00
  1.7153290e-01
 -5.0189042e-01
  1.9131240e-01
 -6.3088876e-01
 -1.2845548e+00
  4.7121552e-01
  3.6824441e-01
  3.6359704e-01
 -3.2048592e-01
  3.4138104e-01
  2.7662474e-01
  2.2264571e+00
  1.9021454e+00
 -2.3628519e+00
  8.3647144e-01
 -2.6269421e-01
 -6.5673685e-01
 -1.9133910e+00
 -5.0642884e-01
  7.8264153e-01
  1.5265476e+00
  8.8658363e-01
  6.9588470e-01
  1.0413308e+00
  6.4635271e-01
 -6.9589800e-01
  5.0832403e-01
 -5.7486326e-01
  3.1208606e+00
 -2.8895178e-01
  3.0226031e-01
 -2.6984385e-01
 -1.3657664e-01
 -2.4173148e+00
  1.8871895e+00
 -2.0334329e-01
  7.5125253e-01
 -4.2851388e-01
 -4.4968283e-01
 -1.2736318e+00
  1.1979238e+00
 -9.2520541e-01
 -6.0104328e-01
 -1.3702341e+00
  2.1282208e-01
  1.4347610e+00
 -1.1867801e+00
  1.5341089e+00
  5.6981272e-01
  7.5267845e-01
  5.6547034e-01
 -3.1366439e+00
 -1.9455643e+00
  5.6085962e-01
  1.7862085e-01
 -1.2632511e+00
  3.4051294e+00
  7.8272617e-01
  1.7259374e+00
  1.9438936e+00
  1.8529756e+00
 -2.2142639e+00
  2.2379274e+00
  2.5456414e+00
  7.1980011e-01
 -1.9974490e+00
  2.4030771e+00
  3.3379772e-01
 -8.7916285e-01
 -6.5393454e-01
  5.5796111e-01
  5.5298012e-01
 -7.2589535e-01
  1.8485123e-01
  1.2515457e+00
 -1.0981824e-01
  1.9845504e+00
  1.0263631e+00
 -2.6657924e-01
  1.2402344e+00
  7.5012416e-01
  2.3909894e-01
 -5.8031428e-01
  1.8485432e+00
  2.2776265e+00
  5.7381260e-01
 -3.0403918e-01
 -1.0277358e+00
 -4.2161879e-01
 -1.2512757e-01
  1.5771607e+00
  6.2714344e-01
 -1.6438570e+00
  1.2198464e+00
 -9.2085147e-01
 -2.4542049e-01
  2.6584864e-01
  2.2633862e+00
 -2.6635783e+00
 -1.2660371e-01
 -8.0584335e-01
  1.1628304e+00
  8.4701914e-01
 -1.1102955e+00
 -5.7617736e-01
 -1.1986947e+00
  2.5910370e+00
  9.1976440e-01
  8.0390114e-01
  5.2270889e-01
 -1.0651019e+00
 -7.6605344e-01
 -2.1596399e-01
  4.1236594e-01
 -2.1708474e+00
 -1.9931469e+00
 -1.3147975e+00
  2.2996011e+00
  5.7082468e-01
 -2.1041790e-01
 -3.9533243e-01
  5.1016301e-01
  2.0034232e+00
  3.2881336e+00
  4.1114789e-01
  5.5892843e-01
 -1.2114036e+00
  7.9917163e-01
  5.7053310e-01
  3.9461374e-01
  1.5518352e+00
 -8.9159131e-01
 -5.4768175e-01
 -9.6037078e-01
 -2.3713939e+00
 -2.0022633e+00
 -5.4517984e+00
  4.3088713e-01
  1.5218279e-01
  1.7241186e+00
  4.3418655e-01
  1.1872680e+00
 -1.5593783e+00
 -1.6307435e+00
 -5.9390479e-01
 -3.3553982e-01
 -1.6191366e+00
 -2.2787488e-01
 -5.8157867e-01
  2.0240483e-01
 -8.2336825e-01
 -1.3076162e-01
  7.3403019e-01
  1.7016898e+00
  2.3901331e-01
  5.9433359e-01
 -6.3820332e-01
  2.9544508e-01
  2.0424745e+00
  1.0571475e+00
  3.0279391e+00
  9.0833938e-01
  2.7939124e+00
 -4.9866524e-01
 -1.9281534e+00
  6.8070865e-01
  3.7719843e-01
 -6.7546993e-01
 -1.8150954e+00
  5.0205147e-01
 -1.9553571e+00
  2.8949757e+00
  1.5312134e+00
 -4.6213028e-01
  2.7942565e-01
  1.1578698e+00
 -1.7902381e+00
  2.2790280e-01
  2.6438355e+00
 -7.5158292e-01
  1.3907191e-01
  1.1992763e+00
  1.1335213e+00
  2.4766439e-01
 -4.7250536e-01
  2.0344315e-01
  5.2225649e-01
 -4.9247006e-01
 -1.1947277e+00
 -4.1503850e-01
  4.8702466e-01
 -6.1868751e-01
 -1.4564052e+00
  2.1781311e+00
 -6.7885220e-01
  1.7869908e+00
 -2.2634828e-01
  9.1877472e-01
  2.5271872e-01
 -2.1087759e+00
  6.1809856e-01
  1.0552062e+00
  1.1914573e+00
 -3.7693807e-01
 -3.3095329e+00
  4.4489080e-01
  1.1513600e+00
  9.3452567e-01
  1.1516590e-01
 -5.7595265e-01
 -2.4555252e+00
 -4.1385827e+00
  2.2488196e+00
 -3.4174216e-01
  8.3841479e-01
 -1.6662405e+00
 -1.2302731e+00
  3.6794026e+00
 -2.0859649e+00
  6.3711506e-01
  5.2500427e-01
 -5.4874581e-01
 -1.3428353e+00
 -2.5048149e-01
  1.4735060e+00
  1.1481256e+00
  5.0716388e-01
 -1.1955419e+00
 -2.3012912e-01
  3.0751321e+00
  4.8225072e-01
 -8.8193321e-01
  7.9397047e-01
  1.4895418e+00
  1.8896565e-01
  2.6696372e-01
  3.3844430e+00
  1.0269923e+00
  2.0588794e+00
  3.7549214e+00
  1.1220218e+00
 -2.7775855e+00
  8.6049545e-01
 -1.4459057e-01
  1.3974679e+00
  3.9102232e-01
 -2.2903006e+00
  2.9933253e-01
  5.7998192e-01
  2.5303545e+00
  8.8663191e-01
  7.0589304e-01
  3.8841846e+00
  7.0290112e-01
  2.1136391e+00
  6.2156349e-01
  1.3717871e+00
  1.6555034e+00
 -7.1533501e-01
  7.5036365e-01
 -6.2511587e-01
  1.8680459e+00
 -1.8564119e+00
 -5.1871556e-01
 -2.2611005e+00
 -4.5075646e-01
  2.6523182e+00
 -7.0451647e-01
  7.5558829e-01
 -6.8916279e-01
  6.1445045e-01
  5.7098722e-01
  8.2080185e-01
 -6.3333201e-01
 -1.2907695e+00
 -9.2296100e-01
  4.6108902e-01
 -5.2454650e-01
 -1.5632951e-01
  6.1732328e-01
 -4.2882878e-01
  7.4148571e-01
  4.9119130e-01
  1.0319999e+00
  2.9401751e+00
  2.5134683e+00
 -2.5132742e+00
 -3.2333630e-01
  1.8609187e-01
 -9.3466306e-01
 -7.9531592e-01
  1.5607903e+00
  8.0829066e-01
  9.3976510e-01
 -2.5923736e+00
  1.2822845e+00
  3.8455772e-01
  5.7350087e-01
 -2.4264350e+00
  1.8360403e+00
 -5.1157004e-01
 -1.8272640e+00
  2.2227311e+00
 -5.6784910e-01
 -1.5362527e+00
  4.5292941e-01
  3.0365179e+00
 -1.1683332e+00
  1.8832120e-01
  8.7137419e-01
  1.8017540e+00
  4.6997172e-01
  6.5466154e-01
  2.3438568e+00
 -2.1254191e-01
 -1.7051664e-01
 -2.6806030e-01
 -8.5432470e-01
 -1.7425358e-01
 -5.9044123e-01
 -4.7848460e-01
  6.1385620e-01
  6.1581194e-01
 -1.9126643e+00
  1.7507520e-01
  6.0192394e-01
  1.9610656e+00
 -1.3529645e+00
 -3.3250475e-01
  1.9760875e+00
  2.4507722e-01
  2.0271804e+00
 -1.7783073e+00
 -2.2218616e-01
  2.6018355e+00
 -1.5594019e-01
 -1.2486397e+00
 -2.7188236e-01
 -3.3195692e-01
 -2.0567581e-01
 -1.2221771e-01
  1.9080564e-01
 -4.6684179e-01
  9.3818653e-01
  7.8927660e-01
  2.2771270e+00
 -1.5239155e+00
 -4.3541500e-01
  4.5538202e-01
  1.8714348e+00
 -2.6135805e-01
 -8.7435913e-01
  2.8866670e+00
 -2.8898835e-01
 -1.6400348e+00
 -1.3690791e-01
 -7.1093810e-01
  9.0219563e-01
  8.7462837e-01
  7.5353462e-01
  7.8229403e-01
 -1.0399633e-01
  1.0413297e+00
 -2.3180695e+00
 -1.4481221e+00
  3.0660391e+00
 -1.1168979e+00
 -7.7827859e-01
  9.3722808e-01
 -2.3029532e+00
 -5.3258461e-01
  4.9949130e-01
  2.5992610e+00
  2.0013309e-01
  1.4453870e+00
 -1.6618336e+00
  2.4503589e-01
 -1.8114573e+00
 -3.2889512e-01
  7.3372811e-01
  7.2153801e-01
 -2.6497829e-01
 -2.4333966e+00
  1.6402113e-01
 -5.4605299e-01
 -1.5556963e-01
 -7.0198035e-01
 -6.1428589e-01
  1.5911497e+00
 -1.0635375e+00
 -2.7926216e-01
 -3.0900913e-01
  3.5526655e+00
  4.2392477e-01
  3.6007135e+00
  2.9072559e+00
  1.3279401e+00
  3.0515769e-01
  2.7875628e+00
 -3.0976757e-01
  8.0956763e-01
 -4.7585359e-01
 -2.3294994e-01
  7.4244559e-01
 -1.8774240e+00
 -3.2598419e+00
 -1.3321285e+00
  1.9049850e-01
  7.1853274e-01
  2.7194412e+00
  5.2543205e-01
 -2.1878331e+00
 -8.8290608e-01
 -3.1546882e-01
 -8.8039863e-01
 -1.8344745e-01
  3.9570382e-01
 -1.0491737e-01
  1.5045302e+00
  1.2445300e-01
 -1.9603934e+00
 -1.7323632e+00
  5.0168389e-01
  2.1477833e+00
  1.1581331e-01
 -9.3211323e-01
  6.8260992e-01
 -2.0422471e-01
  9.5334119e-01
  3.9512503e-01
  3.1265524e-01
 -8.1185859e-01
  1.3912233e+00
 -2.1788518e+00
  2.8698094e+00
 -1.6495413e-01
 -1.4829816e-01
 -1.6897561e-01
  6.7950600e-01
  1.5786089e-01
 -1.1830512e-01
 -5.9067476e-01
  2.4451642e+00
  4.8980051e-01
 -9.7651595e-01
  3.6680889e+00
 -6.9411856e-01
  1.1090658e+00
  1.4100674e-01
  1.2742478e+00
 -5.2584839e-01
 -2.5485198e+00
  1.3071266e+00
 -2.0568171e-01
  5.0348169e-01
  2.0687059e-01
  2.5589101e+00
 -1.5632534e+00
 -2.5725201e-01
 -2.0339724e-01
 -1.7999474e+00
 -5.2857363e-01
  1.0046539e-01
 -2.4180117e+00
 -9.8122686e-01
 -4.8106650e-01
  1.6938912e+00
 -6.4719141e-01
 -4.8087004e-01
  2.9142020e+00
 -1.5479220e+00
 -7.8846335e-01
 -3.1772761e+00
  2.7592790e+00
  2.2023344e+00
  6.5823525e-01
 -2.9481858e-01
 -2.8463852e+00
  2.2500291e-01
  1.7301679e+00
  2.6641343e+00
 -1.2479415e+00
  7.1667528e-01
  1.3589199e+00
 -1.7703319e+00
 -5.0623035e-01
 -3.2547095e-01
  1.2161224e+00
 -1.1237889e-01
  2.7341170e+00
 -4.8000547e-01
 -1.6088159e+00
  7.1893239e-01
  3.4825506e+00
  2.2043393e+00
 -1.0032601e+00
 -4.0504527e-01
 -1.8320253e-01
  1.6522501e-01
  1.1977614e+00
  9.5166200e-01
  8.0104589e-01
 -1.3424654e+00
 -2.5280833e-01
 -2.3723888e-01
 -1.1154889e-01
 -2.6167613e-01
  1.1885763e+00
 -1.0007954e+00
  4.6763797e+00
 -5.1067066e-01
 -1.7375660e-01
 -1.0819284e+00
 -2.3872070e+00
 -2.1379128e+00
 -1.0500713e-01
  2.9875147e-01
 -4.4452295e-01
 -7.6800919e-01
 -4.3239787e-01
 -2.7043262e-01
  3.1233406e+00
 -1.0008173e+00
  1.4234872e+00
  7.0717394e-01
 -8.3562171e-01
 -1.5736614e+00
  3.7141459e+00
 -1.6456100e+00
 -1.7925757e-01
  3.9511764e-01
 -4.9352840e-01
 -1.0046692e+00
 -3.1494239e-01
 -2.2413261e+00
 -3.3507639e-01
  5.5997777e-01
  1.5680602e+00
  7.2954810e-01
  3.9845011e-01
  1.1152262e-01
  4.3498334e-01
  1.1077652e+00
  1.3306005e+00
  1.9058028e-01
 -6.6963553e-01
  1.3465112e-01
 -1.2519243e+00
  6.0444623e-01
  5.2070153e-01
 -1.1182259e+00
 -1.1503649e+00
 -5.1826280e-01
  6.6148943e-01
 -1.4346602e+00
 -1.8410718e+00
  2.9710039e-01
 -3.0830714e-01
  3.8856050e-01
 -1.4925987e-01
 -6.3253212e-01
  2.7908878e+00
  5.3749752e-01
 -6.3553202e-01
  6.1539322e-01
 -2.8094256e-01
  2.3930073e-01
  3.4936845e-01
 -4.8634827e-01
 -1.7916277e-01
  5.2003986e-01
 -2.4885225e-01
  2.2090013e+00
 -1.6595401e+00
  5.0304431e-01
 -2.1518476e+00
 -4.3382880e-01
  6.9501913e-01
 -4.7348258e-01
  2.4202342e+00
  5.8463782e-01
 -1.8014547e+00
 -3.7014285e-01
 -4.2089939e-01
  3.8100615e-01
  2.3077438e+00
  1.5930744e+00
 -1.0385673e+00
  1.3156253e+00
  9.5510721e-01
 -8.1987673e-01
 -4.4366968e-01
 -6.7343473e-01
  5.1407534e-01
  2.5721233e+00
 -3.5827595e-01
 -1.6752418e+00
 -9.4625729e-01
 -1.7303162e+00
 -1.9492257e+00
  2.7508610e-01
  8.2741702e-01
 -1.6283597e+00
  4.8953609e+00
  7.9400790e-01
  1.7291306e+00
  3.4889252e+00
 -5.2855992e-01
  3.8701409e-01
 -1.3128762e+00
  2.6312125e-01
  3.8034695e-01
  7.0854115e-01
  4.1628090e-01
  1.8968803e+00
 -6.2985724e-01
  2.1428466e+00
 -1.7041236e+00
  1.9787771e-01
  8.7930208e-01
 -1.2014092e-01
 -1.9204028e+00
  1.4538112e-01
 -1.6258960e+00
  1.4239916e+00
  1.0012343e+00
  7.8567755e-01
  1.7791414e-01
 -1.4255980e+00
 -1.2065452e+00
  6.9530666e-01
  1.6900399e+00
  8.8297087e-01
  3.7457225e-01
 -6.9463944e-01
  6.5761179e-01
  3.0366015e-01
  1.5457296e+00
  4.9123493e-01
  4.5063105e-01
 -2.5546339e-01
  1.9464834e+00
  8.6251014e-01
  1.3579595e+00
  3.5540238e-01
  1.8447933e-01
 -6.1348051e-01
  3.5061052e-01
 -4.7748309e-01
 -4.7523448e-01
  2.6313990e-01
  3.6019564e+00
 -8.9234245e-01
  1.9536042e-01
 -2.9803479e-01
  3.4393594e-01
 -2.9606709e+00
  1.8196954e+00
 -2.6996772e+00
 -2.7929971e+00
 -6.4431620e-01
 -3.9458635e-01
 -2.4440346e+00
  4.6167180e-01
 -4.1618717e-01
 -3.0730369e+00
  6.1049265e-01
 -1.5618253e+00
  3.0941846e+00
  2.0796341e-01
 -3.3970940e+00
  2.0463548e+00
 -6.9833338e-01
 -2.7076895e+00
 -2.9957108e+00
 -1.6457715e+00
 -3.5095158e-01
 -3.3974688e+00
 -5.0266838e-01
  3.0070693e+00
 -1.7719923e+00
 -1.7466512e+00
  2.0614660e+00
 -2.7049169e-01
  2.0542791e+00
  1.3489560e+00
  2.8701901e-01
  6.9631505e-01
  1.9544221e-01
 -3.4929481e-01
 -8.1619114e-01
 -9.0661895e-01
 -3.7654290e-01
 -8.0707443e-01
  2.0311394e+00
  2.5516739e+00
 -4.4523129e-01
  1.4857289e+00
 -2.6482099e-01
 -1.3759808e-01
  3.3402171e+00
  1.2331493e-01
 -7.2651225e-01
 -1.2728652e+00
  1.3746879e-01
 -3.8678312e+00
  2.7080152e+00
 -5.6596237e-01
  2.6837158e-01
  5.3532279e-01
 -3.8404197e-01
 -1.2447528e+00
 -6.7790735e-01
 -1.4550294e+00
  1.7069404e+00
 -2.3999429e-01
  2.1532912e+00
 -2.6150763e-01
 -3.8025495e-01
 -2.6181207e+00
  1.0142318e+00
  1.3163036e+00
  7.1340585e-01
  1.3877326e-01
 -2.2145076e+00
  2.1836581e+00
  1.6432308e+00
 -1.8029044e+00
 -2.6716644e-01
  5.1571566e-01
  1.8515259e-01
  4.9275824e-01
 -2.0243418e+00
  8.8577306e-01
 -1.2167100e+00
  2.3206766e+00
 -3.1645924e-01
  2.4577026e+00
  6.6164130e-01
  4.2044246e-01
  1.3069623e+00
 -1.6475536e+00
 -3.4731904e-01
 -1.4554194e-01
  1.9970943e+00
  6.7409128e-01
  8.0773163e-01
  2.2762563e+00
 -7.1517926e-01
 -6.5665442e-01
  7.3841548e-01
 -3.9087638e-01
 -2.1760123e+00
 -4.9440339e-01
  3.0866556e+00
 -2.1776967e+00
  2.7382925e-01
 -3.0862989e+00
 -2.2933321e+00
 -5.3601980e-01
 -2.2937040e+00
  7.0494491e-01
  1.4991146e-01
 -2.8053108e-01
 -4.5862120e-01
 -9.9138552e-01
 -4.0789500e-01
  7.6454818e-01
 -5.0575888e-01
  3.7693582e+00
  5.0581360e-01
  5.7039827e-01
  5.3023100e-01
  1.2538671e+00
 -4.9744070e-01
  6.2039971e-01
 -1.0708599e-01
  1.4171853e+00
 -1.9196948e-01
  5.9114665e-01
  7.8456545e-01
 -2.0644097e+00
  1.7233709e-01
 -4.2975650e+00
 -9.6439075e-01
  2.4388418e-01
  3.6644530e+00
 -3.4053320e-01
  2.6585367e+00
 -2.2119486e-01
  5.2231115e-01
 -1.6601257e+00
  5.4838401e-01
 -3.2841995e-01
 -1.7004069e+00
  1.5181261e+00
 -2.7477399e-01
 -5.8189416e+00
 -2.9320872e-01
  1.5840617e+00
  2.8553963e-01
 -3.2379404e-01
 -1.0775106e-01
  2.7145340e+00
  2.3625305e+00
  2.5935578e+00
  3.5492413e+00
 -6.0363972e-01
  4.6858802e-01
 -1.1056933e+00
  1.3974403e+00
  8.0091262e-01
 -2.7235460e+00
  1.6686401e+00
 -2.7460483e-01
 -2.6214972e-01
  4.3806052e+00
 -1.5647532e+00
  7.5078291e-01
  2.4503553e-01
 -4.0700870e+00
 -1.0125343e+00
  1.6796588e+00
 -1.9542888e+00
 -1.3351752e+00
 -2.2038784e+00
 -1.5602389e-01
  1.6031847e+00
  2.8160432e-01
  6.2765026e-01
 -6.2535983e-01
  2.0512242e+00
  1.1610276e+00
  9.2162061e-01
  3.6781003e+00
  7.0241141e-01
  1.3161958e+00
 -5.8333617e-01
 -2.3625169e+00
 -3.0568749e-01
  5.1183003e-01
 -9.1510689e-01
  9.1325164e-01
 -9.2743677e-01
 -1.7788807e+00
 -5.0025868e-01
 -2.4101365e+00
  7.7574134e-01
 -4.4590592e+00
  7.6825678e-01
  1.1637703e+00
 -1.4150378e+00
  9.5330244e-01
  1.2532604e-01
 -5.4518706e-01
  5.7498342e-01
  1.6049922e+00
 -4.8512995e-01
 -2.6002555e+00
 -2.3965635e+00
 -2.7538435e+00
  3.3657759e-01
 -1.0601188e+00
  2.6680827e-01
 -4.1341105e-01
  2.6481955e+00
 -1.6047171e-01
 -5.2309060e-01
  8.7037396e-01
  3.2264888e-01
  2.7444702e-01
 -2.5590785e+00
  7.8284061e-01
  2.7749389e-01
 -3.2393214e-01
 -2.6401079e-01
  1.4526705e+00
 -4.0182126e-01
  2.0731610e-01
  7.0047152e-01
 -1.5386072e-01
  3.4892297e-01
  6.3940680e-01
 -7.0524931e-01
 -8.8041574e-01
 -3.1980687e-01
 -2.3287183e-01
 -1.1717677e+00
  5.1194543e-01
 -3.6075267e-01
  1.4651591e+00
 -2.6929051e-01
 -1.3154483e-01
  6.9149971e-01
  1.9582681e-01
  1.1852734e+00
 -2.1755106e+00
 -1.5378883e+00
 -9.9839818e-01
  1.3716711e+00
  5.9113711e-01
 -2.1768931e-01
 -1.0818368e-01
  9.0952909e-01
  8.5504359e-01
 -5.4335743e-01
 -2.8265303e-01
 -1.2687694e+00
  2.0512555e+00
 -3.4882252e+00
 -5.3891391e-01
 -4.1930169e-01
  1.6541394e+00
  1.5948297e+00
  1.5225365e+00
 -6.2147433e-01
  1.7838186e-01
  6.2428135e-01
  1.5995067e-01
  2.2988415e-01
 -3.8048213e+00
 -1.2354643e+00
  2.1797901e-01
  1.1676167e+00
  1.5053350e+00
 -3.4616218e+00
  2.3549759e-01
  2.2318583e+00
  8.4284341e-01
  1.1529790e-01
 -4.8226100e-01
  3.2014501e-01
 -6.0305941e-01
  3.4574303e-01
 -6.1475104e-01
 -2.6816416e+00
  1.3789264e+00
  9.8598170e-01
 -5.0535834e-01
  2.8821972e-01
  1.0091703e+00
  2.5859675e-01
 -2.8357518e-01
  4.1302639e-01
 -1.7097813e+00
  1.3413835e+00
  8.7850571e-01
 -1.6714604e+00
 -1.8805525e-01
  9.6726024e-01
 -1.0533389e+00
 -1.2939268e-01
  2.2560928e+00
  1.4604112e+00
  1.9665031e+00
  6.2702549e-01
  5.1673847e-01
  1.7912753e-01
  1.1659827e+00
  1.6412947e+00
 -6.7696130e-01
  2.2886441e+00
 -1.2345521e+00
 -1.6476430e+00
 -1.1981560e+00
 -1.7592443e+00
  3.2729691e-01
  6.2207788e-01
  3.1825647e-01
 -4.2176133e-01
  3.2160108e+00
  6.2883472e-01
  9.6982980e-01
  1.7923553e+00
 -3.6140034e-01
  2.1059376e-01
 -9.5306855e-01
 -1.7068746e+00
 -2.1337900e+00
 -1.0708189e-01
  4.1117355e-01
 -3.5806038e+00
  5.3704071e-01
 -7.1065390e-01
 -9.7314000e-01
  2.3923579e-01
  9.1397476e-01
  1.1720608e+00
  1.0763261e+00
  1.7664857e-01
 -7.8400773e-01
  1.8500611e+00
  1.7447964e+00
 -8.3739215e-01
 -1.1178257e+00
 -3.4208930e-01
  1.0006189e-01
  3.0913535e-01
 -1.9967473e-01
  2.0635656e-01
  1.2817481e+00
  2.5006182e+00
 -2.0204713e+00
  3.5019308e-01
  1.1072119e+00
 -2.1351662e-01
 -9.5012963e-01
  1.1128783e-01
  4.1958923e+00
  5.5143231e-01
  5.6098664e-01
 -2.1195813e-01
 -1.2640407e+00
 -1.2219121e-01
  4.4462097e-01
 -6.9017881e-01
 -5.8517838e-01
  1.6209352e+00
 -1.1884876e+00
  7.5344712e-01
 -1.2801380e+00
 -1.5697864e+00
  7.0256549e-01
  1.4525882e+00
 -1.5927374e-01
 -8.2636583e-01
  5.7143825e-01
 -5.7086062e-01
  4.6616459e-01
 -1.4284760e+00
 -5.4367304e-01
 -1.4647809e+00
 -3.7803617e-01
 -2.8958026e-01
  1.8244946e+00
  3.2238657e+00
 -2.8092587e-01
  3.7382147e-01
  1.2329861e-01
 -2.2017968e+00
  5.4260623e-01
 -1.4015408e+00
 -1.4818528e+00
  2.3424327e-01
 -3.2769158e+00
  2.9305198e+00
 -7.4648911e-01
  6.0378820e-01
  1.3419725e+00
  5.6398230e+00
 -3.0090983e+00
  6.7370582e-01
 -3.0200315e-01
  2.8461245e-01
 -5.4898387e-01
  2.0273149e-01
  1.7125642e+00
  2.1037614e+00
  4.2166105e-01
  5.8810449e-01
  1.3346642e-01
 -1.2895757e+00
 -2.4083419e+00
 -3.2569003e-01
  1.8508148e+00
 -1.2183907e+00
  2.9334085e+00
 -4.9976355e-01
  1.5204613e+00
 -2.1307487e+00
 -4.9471983e-01
 -1.4891049e+00
  5.3798866e-01
 -1.5357977e+00
 -7.4558496e-01
 -6.7067945e-01
  9.2910707e-01
 -1.0456138e+00
  1.4200171e+00
  1.2860203e+00
  1.4121895e-01
  8.6907834e-01
 -2.9049332e+00
 -2.2670946e-01
 -4.4023542e+00
 -2.3905814e-01
 -2.9473391e+00
 -1.6816000e+00
 -4.3000478e-01
  5.0878870e-01
  1.0806834e-01
  6.4303404e-01
  1.5668213e-01
 -4.5415273e-01
  1.9334954e+00
  8.8166112e-01
  2.1332189e-01
  5.9832090e-01
  1.0249614e+00
  3.1701252e-01
 -2.6518810e-01
  5.7301408e-01
 -4.7402897e+00
 -7.4695545e-01
  4.0302348e+00
  1.3155029e+00
 -9.6814686e-01
  1.0260825e+00
  3.8313670e+00
  1.2901086e+00
  1.5629418e+00
  1.1308063e+00
  1.6203582e+00
 -1.0874002e+00
  1.0579838e+00
 -1.6646031e+00
  2.2054440e-01
 -4.6632764e-01
  5.0300527e-01
  1.4783959e+00
 -6.0299450e-01
  6.4894068e-01
 -2.4778977e-01
 -2.1597259e+00
  1.0705960e+00
 -3.8261238e-01
  1.8662407e-01
  9.9185401e-01
 -9.1865629e-01
  4.9402967e-01
  1.8490169e+00
  6.8160295e-01
  1.2066696e+00
  8.8761401e-01
  1.4298023e+00
  4.2452443e-01
 -2.8592190e-01
  1.8352165e+00
  2.8449652e+00
 -2.2812078e+00
  2.3979360e-01
  1.4101489e+00
  1.1328357e+00
  6.1854106e-01
  9.4222796e-01
 -1.5599993e+00
  2.3705390e-01
 -2.9182103e+00
  1.2986424e+00
 -2.0178101e+00
 -1.7268461e+00
 -2.4129429e-01
 -1.5924183e-01
  1.2399583e-01
 -1.9817899e-01
 -2.5181454e-01
  5.1088172e-01
 -1.3776934e+00
 -2.2957244e+00
 -1.1469026e+00
  1.0292543e+00
  6.9690138e-01
  2.9631433e+00
 -7.3483002e-01
 -1.1900975e+00
  8.1111819e-01
  3.2848375e+00
 -9.2150623e-01
  3.8291767e-01
  5.1212716e-01
 -8.8485104e-01
 -1.6603125e+00
 -1.4087039e+00
  1.5225449e-01
 -2.0637734e+00
  2.2530618e+00
 -7.7106303e-01
  4.3406251e-01
  4.1853112e-01
 -1.2007885e-01
 -6.3283020e-01
  8.8676977e-01
 -3.1244767e-01
  7.5768077e-01
 -2.9509297e-01
 -2.8060707e-01
  3.4180048e-01
  4.4520333e-01
 -2.5675872e-01
 -2.1671703e-01
 -8.0941600e-01
 -5.6548959e-01
 -3.0448481e-01
  2.5953078e+00
  3.1304926e-01
 -3.4684768e+00
 -8.8685542e-01
 -9.5230860e-01
 -6.3107473e-01
 -3.3961575e+00
 -1.8680146e-01
 -1.1359152e-01
 -2.8258977e+00
 -8.1209528e-01
  1.2891240e+00
  1.8571322e+00
  6.4893472e-01
 -8.8585490e-01
 -8.6969423e-01
  2.0891781e+00
  3.7135625e+00
  4.0788183e-01
  2.5635288e+00
 -1.2248604e+00
  1.5051383e-01
  1.9744918e-01
 -3.9888516e-01
  5.6444068e+00
 -2.6783118e+00
  1.7315975e+00
 -2.8260818e-01
 -1.4800924e-01
  3.0796203e-01
 -2.2597754e+00
 -2.8298923e-01
  6.2573057e-01
  2.6441047e-01
  4.6302202e-01
  2.8524072e+00
  7.8792197e-01
 -1.0605843e-01
  4.0852207e-01
 -7.5453997e-01
 -1.6550429e+00
 -3.8570385e+00
 -6.0126287e-01
 -3.7218991e-01
 -1.5602223e+00
  1.0657536e+00
  2.1227965e+00
  1.4557766e+00
 -1.1572391e+00
 -8.5827351e-01
 -5.1684123e-01
  1.0876045e+00
  5.5043185e-01
  2.9549846e-01
  8.8516390e-01
  1.5125792e-01
 -8.4794670e-01
  1.8023348e-01
  3.1408751e+00
  6.9734502e-01
  1.0477318e-01
 -1.6085780e-01
  1.2368331e+00
  4.9975708e-01
  3.3564830e-01
 -2.5010257e+00
  4.7970495e+00
  6.3213485e-01
  6.0253018e-01
 -2.0111079e+00
  7.5948292e-01
 -2.4406996e-01
  7.7889979e-01
  5.9556645e-01
  1.6159991e+00
  5.5717331e-01
  5.5768567e-01
 -1.0563289e+00
  5.5422080e-01
  7.2974956e-01
  2.5690684e-01
 -2.0064330e-01
 -2.7213202e+00
  8.9694440e-01
  3.4372407e-01
 -3.6127028e-01
 -3.0629005e+00
 -1.2082497e+00
  1.2728684e+00
 -3.0868691e-01
 -4.3041575e-01
  8.0018985e-01
 -1.7832561e+00
  1.5121559e+00
 -5.3870487e-01
  6.8368721e-01
 -7.7928817e-01
 -1.5964869e+00
  7.9505789e-01
 -1.6726767e+00
  3.3108166e-01
 -1.5692158e+00
 -1.7275605e+00
  1.5135275e+00
 -3.8214234e-01
 -1.4385217e+00
  1.1582608e+00
  1.7689905e-01
 -3.3241162e-01
 -6.0077822e-01
  7.6136184e-01
  4.3506506e-01
 -2.7867794e-01
 -5.0029546e-01
  8.5792381e-01
  1.0362293e+00
  5.6891197e-01
  3.3811560e-01
  8.8564926e-01
  7.8674877e-01
 -8.2992983e-01
 -2.6324444e+00
  2.8418229e+00
  7.0195013e-01
 -1.0261798e+00
  1.1643138e+00
  4.8827738e-01
  6.0780537e-01
 -3.3892617e-01
 -1.0947336e-01
  8.8680798e-01
  1.1965775e+00
 -1.2808105e-01
  1.6591437e+00
  1.2702777e+00
  1.4180201e-01
  3.8755330e-01
  4.7924748e-01
 -2.2427231e-01
 -1.3842647e+00
 -1.3919057e+00
  8.4890413e-01
  2.3651150e-01
  5.5967861e-01
  2.0444003e-01
  1.2259703e+00
 -3.3477551e-01
 -2.4956465e-01
 -1.3164690e+00
 -2.1676664e+00
  4.3426952e-01
 -4.1484433e-01
  2.3760593e+00
  1.3563934e-01
  2.8045726e-01
 -1.5681905e-01
 -5.8597022e-01
  2.2707047e+00
  3.2641685e-01
  3.6898601e+00
  8.5009992e-01
  1.8624845e-01
 -1.8703729e+00
  9.1024977e-01
 -4.6246430e-01
  7.5688219e-01
  1.4679812e+00
  1.7929442e+00
  3.6507933e+00
  2.0435891e+00
  1.1429905e+00
  1.5535584e-01
 -4.1148546e-01
 -1.7741841e+00
  6.5480721e-01
  5.2563891e+00
  3.0816040e+00
  2.0719244e+00
  1.9007130e-01
 -5.6476533e-01
 -8.3739263e-01
 -6.9200206e-01
 -1.5657823e+00
 -1.4829588e+00
  2.1129805e-01
  2.8147619e+00
  1.1565403e-01
 -4.4725108e-01
 -1.5726474e-01
  1.1536577e+00
 -2.7395505e-01
  2.7326325e-01
  1.1691748e+00
  1.1056993e+00
 -3.6925361e-01
  2.9397511e+00
  2.9238493e+00
 -1.1533244e+00
 -5.6908721e-01
 -6.0673273e-01
  3.8424751e-01
 -2.6694942e+00
 -7.6810253e-01
 -1.4419893e+00
 -2.1581060e-01
 -5.0978386e-01
 -2.8224945e-01
 -2.4054148e+00
  9.6978831e-01
  1.9609945e+00
 -2.3850590e-01
  3.2378995e+00
  1.4430426e+00
 -5.6099600e-01
 -9.8316133e-01
 -3.7576997e-01
  1.0838518e+00
 -1.2087415e+00
 -1.3053918e-01
 -7.8831857e-01
  5.2396286e-01
  1.2225044e+00
 -5.8389002e-01
  1.3918369e+00
 -1.0655910e+00
 -7.4578381e-01
 -1.2556070e+00
  4.3632197e+00
  1.0970640e+00
 -2.7807140e-01
  1.2379146e-01
 -6.6423565e-01
  2.6979003e+00
 -9.9255699e-01
  2.2611287e+00
 -1.3256325e+00
 -1.5049597e+00
 -6.9609398e-01
  8.5067892e-01
 -2.4963582e+00
 -1.8920839e+00
  1.4122581e+00
  3.1380730e+00
  2.2144248e-01
 -2.3129055e-01
 -6.1054862e-01
 -5.9871304e-01
 -6.1373365e-01
  5.7295614e-01
 -4.8647207e-01
  7.3939300e-01
 -3.4679863e-01
  1.8941151e+00
 -1.7049659e+00
  1.4316024e+00
  4.8222169e-01
 -1.5881722e+00
 -4.2173948e+00
 -3.0842414e+00
  8.4105176e-01
  7.6450539e-01
 -8.8176513e-01
  1.1774442e+00
  1.5699937e+00
  1.5324961e+00
  6.7124987e-01
 -2.2323434e+00
  2.4798730e-01
 -1.9243659e+00
  1.3633851e+00
 -3.1570160e-01
  7.1818310e-01
 -1.0543858e+00
  3.1421981e+00
  3.1437137e+00
  3.2619972e+00
  3.2562175e+00
  7.1802467e-01
 -1.6865191e+00
  1.5336009e+00
  3.2759211e+00
  1.6071444e+00
  5.2572327e+00
  4.2729440e+00
 -1.5314522e-01
  3.5099347e+00
  1.1081769e-01
  2.5790434e+00
 -1.5943652e-01
 -3.0594331e-01
 -3.0872006e+00
 -5.1738697e-01
 -8.1311357e-01
  1.5175201e+00
  1.8022218e+00
 -4.1931456e-01
  8.9995539e-01
  7.5005162e-01
  2.2145689e+00
  3.4387544e-01
  3.1982201e-01
  6.7177707e-01
  2.0526903e+00
  1.6860967e+00
 -6.2899148e-01
 -5.7602698e-01
 -5.8673650e-01
  2.0941358e+00
 -5.8830607e-01
  4.9995250e-01
 -1.8100098e-01
  2.3099289e+00
  1.2880485e+00
 -2.0126355e+00
  7.1958089e-01
  1.7924248e-01
 -3.8147518e-01
 -4.0013328e-01
  1.2695653e+00
  4.0222993e-01
  7.7332139e-01
 -1.2640713e-01
  3.4490952e-01
  3.2222790e-01
  1.5961957e+00
  1.0185754e+00
  9.7256434e-01
 -3.4169891e-01
 -8.4271002e-01
 -1.2235998e+00
  2.2858517e+00
 -2.1773350e+00
 -1.9951935e-01
 -6.3285619e-01
  7.6268065e-01
 -4.3359369e-01
 -1.2781753e-01
  6.1479396e-01
  8.1601846e-01
 -6.0031086e-01
 -2.8808036e-01
  2.1987134e-01
 -1.7450190e-01
 -1.1574429e+00
 -1.8445539e-01
  1.1253633e+00
  1.3489896e-01
  1.2501038e+00
  2.6934965e+00
 -1.2600002e+00
  7.8799629e-01
 -9.0225077e-01
 -1.5537431e+00
  1.4402530e+00
 -5.3070563e-01
  1.5404873e+00
  9.1341364e-01
  1.1935296e+00
 -2.2092905e+00
 -3.6101577e+00
  6.5243953e-01
 -2.6367795e-01
 -2.2517257e+00
  1.5211664e+00
 -1.0836248e+00
 -1.9419310e+00
 -3.5740441e-01
  2.4371099e-01
 -1.1002535e-01
 -5.5989301e-01
  2.8862693e+00
 -6.0281044e-01
 -1.1539211e+00
 -7.9344326e-01
 -1.2744656e-01
 -1.0102253e+00
  3.0645138e-01
 -7.1384394e-01
 -3.2762757e-01
 -5.1582032e-01
 -5.0390410e-01
 -3.3116737e-01
 -1.1433715e+00
 -7.4707174e-01
  7.0016462e-01
  4.6298334e-01
  4.5739326e+00
 -9.6748126e-01
  1.9546697e+00
  3.5772011e+00
 -2.6176901e+00
  1.6867362e+00
 -6.3033968e-01
  1.2453185e+00
  4.3669263e-01
 -5.5697167e-01
  3.5804966e-01
 -4.2258340e-01
  2.5961120e+00
  1.8984693e+00
 -1.4339454e+00
 -1.8590292e+00
  2.6653533e+00
  3.7854400e-01
 -1.0670675e+00
  6.3101327e-01
 -1.6105623e+00
  9.0120685e-01
 -2.7320111e-01
 -1.5388403e+00
 -1.8670734e+00
 -2.9966965e-01
  1.9929159e-01
 -2.8594482e+00
  6.3314950e-01
 -1.9329706e+00
  7.8532386e-01
  1.1251507e+00
  1.0377941e-01
  7.7466863e-01
 -3.4821182e-01
  4.3241528e-01
  3.0673387e+00
  1.0333174e+00
  1.1670438e-01
 -2.7069776e+00
  3.5719774e+00
  1.3035202e+00
 -9.1004133e-01
 -1.1357588e+00
  2.0112014e-01
  2.6743481e-01
  2.3784059e-01
 -1.1625613e-01
 -5.9005368e-01
  1.2520777e+00
 -1.2527133e+00
 -1.1101543e+00
 -1.2221886e+00
  1.0684539e+00
 -1.3402272e+00
 -3.0900593e+00
  6.6980523e-01
 -1.3772805e-01
 -1.5530095e+00
  9.3840462e-01
  8.8966089e-01
 -3.2061461e-01
 -3.2124886e-01
 -3.5464571e+00
  5.3052253e-01
  3.9354721e-01
 -1.9761589e+00
  4.7822145e-01
  5.9459764e-01
  1.6263877e+00
  2.0155177e-01
  2.7654448e+00
  4.8585716e-01
 -1.6250854e+00
 -3.1990967e+00
  2.0541856e+00
 -8.6829251e-01
 -4.9251258e-01
 -1.5315574e+00
  8.6358374e-01
 -1.8431442e+00
  5.7966870e-01
 -2.0548600e-01
 -3.3361906e-01
 -2.0905902e+00
  2.2640386e-01
  2.9438794e-01
  4.3647852e+00
  6.5340167e-01
  5.3290755e-01
 -9.0524578e-01
 -3.0497336e-01
  1.7093648e+00
  4.9320272e-01
  1.2217487e+00
 -1.2604371e+00
 -1.0974767e-01
 -1.8885005e+00
 -2.6735061e-01
 -1.4038062e-01
 -1.4239665e+00
  3.3872387e-01
  1.5406622e+00
  2.5809925e+00
 -4.5791680e-01
  1.6347418e+00
  2.0753551e+00
 -2.0250003e+00
  1.7858177e+00
 -1.8868706e+00
 -3.3946347e-01
 -1.0498093e+00
 -6.6323906e-01
 -3.6480477e-01
  5.4061502e-01
 -1.3794255e+00
 -2.6780820e+00
 -1.2271913e+00
 -1.1890568e+00
  1.2571076e+00
 -6.5786403e-01
  5.0370008e-01
 -1.2132903e+00
 -2.3177794e-01
 -6.0935026e-01
 -8.9531505e-01
 -5.5173880e-01
  2.4483165e-01
  4.5694375e-01
  1.5110722e-01
  1.7862500e+00
 -1.8163457e+00
  2.0434642e+00
  4.5902187e-01
 -9.6965551e-01
  3.5396397e-01
 -7.4667352e-01
 -1.1431238e-01
 -1.0267357e+00
 -2.3182642e+00
  3.2432594e+00
  2.6638183e-01
 -5.5896848e-01
  1.7603382e+00
  1.6641189e+00
  1.7128022e+00
  2.2812932e+00
  1.8184201e+00
 -1.7941387e+00
  3.1628829e-01
  3.6870709e-01
 -5.8356023e-01
  3.8153777e-01
 -2.4072844e-01
 -1.5232809e+00
  1.0546833e+00
  1.1870045e-01
  2.2732106e-01
  3.5136645e+00
 -1.0946697e-01
  1.3759633e+00
 -2.4512744e+00
 -1.3341211e+00
  1.3157796e+00
 -1.6644070e+00
 -2.3473544e+00
  6.7375004e-01
  4.4256574e-01
 -5.8878362e-01
  5.2979559e-01
 -1.3127509e+00
 -2.2538421e+00
  7.1559572e-01
  8.1021154e-01
 -9.4908535e-01
 -1.1725827e-01
  1.4648290e-01
 -4.9935725e-01
  2.7957923e+00
  1.7029607e+00
  8.9489245e-01
 -1.0737506e+00
 -7.5332379e-01
 -1.2975593e+00
  2.2233537e-01
 -6.2720352e-01
  8.9092392e-01
 -3.0528622e+00
  1.3305697e+00
 -2.2138681e+00
 -1.6028954e+00
 -6.2972754e-01
 -1.2527603e+00
  2.4955910e-01
 -2.9052714e-01
 -1.7336383e-01
  1.8367738e+00
 -2.2224598e+00
 -2.2748926e-01
 -3.5831926e+00
  8.4684676e-01
  1.7889836e-01
 -1.7490223e-01
 -2.4959323e-01
  1.1151098e+00
  1.0891840e+00
  8.7201601e-01
  3.2011147e+00
  1.4014627e-01
  3.5475333e+00
  2.0864656e+00
 -1.8036941e+00
  3.6427004e+00
  3.3457787e+00
  1.1956291e+00
 -6.0663152e-01
 -2.5553370e+00
 -1.2553632e+00
  4.1254744e-01
  8.8319385e-01
  4.5565256e-01
  2.5792229e+00
  1.8805306e+00
 -2.6018908e+00
  8.2046932e-01
 -1.4258516e+00
  7.9735070e-01
  8.3932966e-01
  1.0273108e+00
  9.1283453e-01
 -2.5926242e+00
  2.0914052e+00
  3.1674962e+00
  1.3170621e-01
 -7.8488958e-01
  1.3703319e+00
  2.7360412e-01
 -1.7600375e+00
  1.2538530e+00
 -2.9145398e+00
 -9.6188664e-01
  1.8689244e+00
 -1.1112589e+00
  2.4095619e+00
  1.2578305e+00
  2.5374827e+00
 -9.1470528e-01
  1.2853715e-01
  1.2609934e+00
 -2.6517379e-01
  3.8375610e-01
  3.7990813e+00
  1.4614564e-01
  2.6085106e-01
 -1.5745267e-01
  1.6450471e+00
  2.7323651e-01
 -1.0654511e-01
 -2.2637861e+00
  5.9628123e-01
 -2.6620471e+00
  3.7059706e-01
  1.1583338e+00
 -1.2054521e+00
  1.1648051e+00
 -2.5524871e+00
 -1.4516344e+00
  2.5647774e-01
 -4.3101865e-01
 -4.2073628e-01
 -2.1920547e+00
 -6.0553318e-01
 -3.3508139e+00
 -1.1149579e+00
  4.6428880e-01
  1.3743173e+00
  1.0089371e+00
 -3.2904136e-01
  5.8023405e-01
 -3.1691608e-01
 -2.4391294e+00
 -6.3462311e-01
  6.8161589e-01
  5.0202262e-01
  1.1190761e+00
  3.7663536e+00
  4.8411590e-01
  4.9336120e-01
 -1.8882087e-01
  4.1414559e-01
 -5.2692002e-01
 -1.4773375e+00
 -9.8658538e-01
 -1.6937302e+00
  1.6170474e+00
  9.9273479e-01
 -1.6162376e-01
 -7.6743114e-01
  1.0349722e-01
 -7.2151470e-01
 -9.7877932e-01
 -1.3573141e+00
 -2.4085760e+00
 -2.2343748e+00
  2.8065491e+00
  3.5792083e-01
 -3.6334199e-01
  3.5832909e-01
  2.2820635e+00
 -3.3205989e-01
  6.3825053e-01
  3.3835512e-01
  1.2034205e+00
  2.4715366e+00
 -9.1169041e-01
  3.2586941e-01
  4.9151573e-01
  1.6940567e-01
  2.6955357e+00
  1.6599056e-01
 -1.8264976e+00
 -2.5309975e+00
 -1.1593653e+00
 -1.7849916e-01
 -1.6416435e+00
 -1.5222049e+00
  5.9386081e-01
  9.4296402e-01
  8.7543172e-01
 -1.6581936e+00
  4.3611458e-01
 -4.3284845e-01
  1.4058793e+00
  1.9912550e+00
 -1.0238196e+00
 -1.8932474e+00
  7.6689923e-01
 -4.3671799e+00
  2.2723973e+00
 -2.1955612e-01
 -1.1389555e+00
 -4.3575487e-01
 -2.0997038e+00
 -8.8106257e-01
  9.2765296e-01
  1.1861753e+00
  3.3769387e-01
  1.7849937e-01
  2.6175141e+00
  4.2458171e-01
 -1.8661152e+00
  1.7466151e+00
 -1.3882083e-01
 -7.0957172e-01
  6.7608601e-01
 -5.9374762e-01
  9.6340573e-01
  7.9971170e-01
 -1.7728069e-01
  4.8820862e-01
 -2.0662589e+00
  1.0392936e+00
  3.4073463e-01
 -7.2781217e-01
 -1.1673564e+00
  1.0181089e-01
  3.7949130e-01
  1.0841700e+00
 -1.3370899e+00
  4.7338006e-01
  1.6634429e-01
 -1.7974317e+00
  1.7436951e+00
  1.1009705e+00
  5.9352887e-01
 -2.8543043e-01
  1.6279311e+00
  6.0705233e-01
  1.0281607e+00
 -5.0794387e-01
  2.3507805e+00
 -4.1435793e-01
 -1.4509444e+00
  2.7766696e-01
 -2.8728089e+00
 -2.5901372e+00
  1.4309829e+00
 -2.1548003e-01
  2.1861535e-01
  1.8897640e+00
  6.5772903e-01
  1.2333088e+00
  3.4704089e-01
  2.0761192e+00
  1.5331937e+00
  2.5484152e+00
  1.6616319e+00
  8.6025208e-01
 -1.2865232e+00
  2.3553869e-01
 -1.6532391e+00
 -1.0422620e+00
 -2.0452631e+00
  6.9647509e-01
 -2.7384380e-01
  8.7216800e-01
 -1.3427446e+00
 -8.2099134e-01
  2.1079514e+00
  1.3717345e+00
  8.4114015e-01
  3.4671912e+00
 -3.3220261e-01
 -8.4379137e-01
  1.9022282e+00
 -1.9069930e+00
 -9.8159707e-01
 -4.4775307e-01
  1.0305986e+00
 -1.2950039e+00
 -2.3446727e-01
 -1.0961563e-01
  2.1169682e+00
  2.9755142e+00
 -1.3666078e-01
  7.2374713e-01
 -1.7506393e+00
 -9.6055382e-01
  1.0610029e+00
  2.8903899e+00
 -2.0721848e+00
 -1.4990257e+00
  6.3412404e-01
  1.5389282e+00
 -4.7306630e-01
  6.4705080e-01
 -4.3262938e-01
 -1.4954780e-01
  2.8602338e-01
 -2.2753422e+00
 -3.3701355e+00
 -2.7346620e-01
  6.6641080e-01
 -5.4567009e-01
  6.1807269e-01
 -1.7948778e+00
 -1.7021347e+00
 -8.9802992e-01
  1.7214346e+00
  5.3060079e+00
  1.0602273e+00
 -2.7938128e-01
  9.2909467e-01
 -5.5666339e-01
  3.5821173e-01
 -1.6917046e+00
  1.9773524e+00
 -5.9955275e-01
  4.6249285e-01
 -1.3884134e+00
  3.6112756e-01
  6.0029161e-01
  5.2025443e-01
 -3.5426575e-01
  4.0280180e+00
  4.2943249e+00
  3.5193055e+00
  3.9368305e-01
 -3.9649406e-01
  2.4930198e+00
  1.5805777e+00
  1.3599623e+00
  1.9123752e+00
  3.0724818e-01
  1.4375812e-01
 -9.9733675e-01
 -2.7427039e-01
 -1.4210489e+00
 -1.7700388e-01
 -6.7231607e-01
  5.5468667e-01
 -8.1074011e-01
 -8.7046504e-01
  1.8976572e+00
  1.2373121e+00
  1.7508152e+00
 -1.3377824e-01
  3.3663839e-01
 -5.2590978e-01
  1.8482202e+00
 -2.1366605e-01
  6.2699533e-01
  6.6502970e-01
 -2.4562761e-01
 -1.7027737e+00
 -3.9432731e-01
  1.5317954e+00
 -2.7692151e-01
  1.0825886e+00
 -1.2051070e+00
  1.6467141e+00
  1.5168980e+00
  2.0581937e+00
  1.0161444e-01
  3.6595476e-01
 -1.4241377e-01
  3.1257880e-01
 -5.8309370e-01
 -1.7681744e+00
 -4.4252098e-01
  3.3212645e+00
 -2.0445138e-01
 -1.0699313e+00
  2.3032820e+00
 -5.1247287e-01
  1.8027376e+00
  2.5903974e+00
 -3.9338238e+00
 -2.3561704e-01
  2.7854133e+00
 -1.1330477e+00
 -4.5901406e-01
  1.9776947e+00
  1.6555169e+00
 -1.1636074e+00
 -1.3555263e+00
  1.0717014e+00
  2.4322953e+00
  2.4062250e+00
 -1.2575997e+00
 -5.1673532e-01
 -1.8519225e+00
  1.3429489e+00
 -1.3786441e-01
  2.2039280e+00
  1.2456930e+00
  7.1309948e-01
 -1.4629623e+00
  1.0936816e+00
  5.3804731e-01
 -3.3732206e-01
  1.3432350e+00
  2.3809483e+00
 -1.0829479e+00
  1.7597783e+00
 -1.4340726e+00
 -2.5057251e+00
 -1.6386919e+00
  2.9947166e+00
  1.7132225e+00
 -8.3258432e-01
  7.5416380e-01
 -1.8045746e+00
  3.0594298e-01
 -6.5430433e-01
 -1.0569618e+00
 -3.2935901e+00
  1.1181047e+00
 -5.0073373e-01
 -7.9756939e-01
 -9.7164756e-01
  1.8213650e+00
  1.2352524e+00
 -2.1743089e-01
 -1.4627074e+00
 -2.8072872e+00
  1.7190117e+00
  1.2333022e+00
 -1.2926834e+00
 -1.1579261e-01
  2.1938059e+00
 -2.8455822e+00
 -5.0053471e-01
 -2.7840374e+00
 -3.1217868e+00
  1.0228338e+00
  3.4143478e-01
  4.5632526e-01
 -3.8052276e-01
 -3.7741044e-01
  4.4944414e-01
  1.5501719e+00
  7.8505987e-01
 -1.1023986e-01
  2.2962530e+00
 -1.8277643e+00
  5.5236095e-01
  1.0800611e+00
  6.8097204e-01
  4.0867731e-01
  1.5672566e+00
  4.0384331e+00
 -1.6075926e-01
 -2.1795800e+00
  1.8932754e+00
  7.4975336e-01
 -5.8457094e-01
  2.4756355e+00
  3.4950963e-01
 -4.9509794e-01
  1.7330850e+00
  2.2214062e+00
 -1.2905656e+00
  6.7633867e-01
  7.1609825e-01
 -1.8798182e+00
  2.5879809e-01
  5.0489479e-01
  1.6324530e+00
  7.0069379e-01
 -3.7700126e-01
  2.0923831e+00
 -2.3182619e-01
 -1.3847773e+00
 -1.1432973e-01
  9.4668227e-01
  2.4322343e-01
  1.0150470e+00
 -7.2164124e-01
  3.8159159e-01
 -1.6004020e+00
 -3.0900304e+00
  1.7043397e+00
  6.8805557e-01
 -3.4735472e+00
  1.5571420e+00
  1.7887998e-01
 -1.4163103e+00
  5.4150522e-01
  4.6303818e-01
  1.1047498e+00
 -1.6362772e+00
  2.2286942e+00
  2.4222476e+00
  1.2334312e+00
 -5.8906084e-01
 -2.2218879e-01
 -4.8166251e-01
 -1.3677881e+00
 -1.2796661e-01
  2.1254995e-01
  1.3088455e+00
 -6.8748170e-01
  9.3087721e-01
 -1.2160463e-01
  2.0020030e+00
  1.1779833e+00
  5.1407760e-01
 -1.9886981e+00
 -7.3938471e-01
  5.1000934e+00
  8.2792163e-01
  3.5337475e-01
  5.8148277e-01
  2.6280221e-01
 -3.5087118e-01
  7.7947909e-01
 -8.9817017e-01
  1.6763039e+00
  2.5295189e-01
  6.0705775e-01
 -1.1078254e+00
 -1.8101957e-01
  3.1909281e-01
  8.1507695e-01
  1.8115593e+00
  1.6445932e+00
  5.3582418e-01
 -4.1408962e-01
  2.9347959e+00
 -8.9403182e-01
  1.5582530e+00
 -6.8114483e-01
  1.1596216e-01
 -1.2056921e-01
  5.6516284e-01
  2.8256971e-01
 -1.5888190e+00
 -5.0652379e-01
  1.9357893e+00
 -3.1426516e-01
  2.5707445e-01
  1.2002225e+00
 -3.3986402e-01
 -2.1804875e-01
 -9.6560830e-01
 -1.4801308e+00
 -8.7619984e-01
  1.2507020e+00
  1.1951538e-01
 -5.0788146e-01
 -4.3722034e-01
  1.6577516e+00
  1.3825091e+00
 -4.4082657e-01
  8.5944301e-01
  6.2299782e-01
  1.5217357e+00
  2.0155661e+00
 -4.4099367e-01
  4.0294138e-01
  1.3456029e+00
 -1.4420849e-01
 -8.4274697e-01
 -2.1628711e+00
 -1.0876235e+00
 -1.3496931e+00
 -1.6293654e-01
 -2.0162694e+00
  5.1175827e-01
  5.4094011e-01
  2.7308160e-01
  6.5283746e-01
  2.0528871e-01
  1.0397215e+00
 -2.8009725e+00
  6.7348504e-01
 -5.7442248e-01
 -2.1324227e+00
 -5.5403978e-01
 -1.9486490e+00
  1.0725398e-01
 -2.3733206e+00
  8.3374059e-01
 -1.4289681e+00
  1.6648231e+00
 -2.3520508e-01
  6.2083250e-01
  1.2220135e+00
  5.2104723e-01
 -1.2821047e+00
  3.7405710e+00
  6.6374439e-01
  1.8404422e+00
  2.1440845e+00
  3.0776849e-01
 -5.8604157e-01
 -1.4257610e+00
 -3.0196333e+00
 -5.2449292e-01
 -1.1486337e-01
  5.7014447e-01
  5.7643062e-01
  9.2632502e-01
  1.1917452e+00
  5.8114111e-01
 -1.9003083e+00
  8.5220569e-01
  8.5128653e-01
  1.4783914e-01
 -2.3411539e-01
 -9.4687831e-01
  6.4226574e-01
 -2.7467194e-01
 -1.9389186e+00
 -3.0289662e-01
  8.9941841e-01
 -3.2041606e-01
  1.9900814e-01
  1.8072602e-01
  4.6407437e-01
  7.4431199e-01
 -5.9430832e-01
  1.0685597e-01
 -2.2406703e-01
  5.3382456e-01
  1.3225949e+00
 -8.6522168e-01
 -7.4295616e-01
 -1.4604713e+00
  1.1023948e+00
 -7.3810238e-01
 -9.1525513e-01
 -7.3410213e-01
  2.6414638e+00
  3.1843610e+00
  7.6728749e-01
  3.3141512e-01
 -4.4524726e-01
  3.2210491e+00
 -1.3053668e+00
  9.6862626e-01
  1.3927691e-01
  2.8748562e+00
 -7.5039858e-01
  1.6910768e+00
 -7.0760137e-01
  3.6018023e+00
  1.1962334e+00
 -1.4746231e-01
  5.6108004e-01
 -2.0079230e-01
 -5.2463114e-01
 -1.7028134e+00
  9.5209169e-01
 -1.4046606e-01
  1.4376979e+00
  1.9441715e+00
  9.8204988e-01
  1.2334391e+00
 -1.1968599e-01
 -6.8857074e-01
  1.3937982e+00
  1.0271863e+00
 -1.1432674e+00
  1.3811499e-01
 -2.9376020e+00
 -2.0572537e-01
 -4.1382822e-01
  1.1492063e+00
  1.1998537e+00
 -2.5159371e-01
  1.3175424e+00
 -3.1961846e+00
 -3.2556221e+00
  1.5257269e+00
  4.3504477e-01
 -1.5077307e+00
 -4.2490435e-01
 -1.4206492e+00
  3.0019403e-01
  9.0895873e-01
 -1.7550361e+00
  1.4859924e-01
 -3.4106078e+00
 -2.4791548e+00
 -6.6377419e-01
 -7.1704406e-01
 -2.2299591e-01
  2.8331292e-01
  8.5125029e-01
  4.4122869e-01
 -1.2327017e+00
 -2.4100712e-01
  7.1611637e-01
 -1.0909345e+00
 -1.9563185e+00
 -9.4609666e-01
  3.2576048e-01
  1.9350186e-01
 -3.2260070e+00
  1.5873750e+00
 -2.5696656e-01
 -6.4201665e-01
  6.7852473e-01
  9.1296846e-01
 -1.4434088e+00
  1.6768126e+00
  1.9243299e+00
 -6.5191501e-01
 -1.7878159e+00
 -9.5603478e-01
 -2.9274571e-01
  2.6971102e+00
  3.8114667e-01
  7.8034890e-01
  2.4256790e-01
 -8.0944419e-01
  4.2146212e-01
 -2.1316972e+00
  1.3743019e+00
  1.5564775e-01
 -1.2903035e+00
 -2.4097054e+00
  2.0462034e+00
  1.8651339e+00
  3.2969811e+00
 -1.8972334e+00
  1.6099812e+00
 -2.2462237e-01
 -1.0077761e+00
  4.3065131e-01
 -2.2662711e-01
 -1.9662306e-01
 -1.3431370e+00
 -1.7861918e-01
  2.6778170e-01
 -6.4938378e-01
  2.8071329e-01
  5.9403267e+00
 -7.3827052e-01
 -1.2186121e+00
  3.4653932e-01
  6.3926482e-01
 -2.5613493e-01
 -2.2923258e-01
 -2.2292292e+00
  6.2432700e-01
  3.9302215e-01
 -2.3697355e-01
  1.7557169e+00
  2.6056740e+00
  1.8146966e+00
 -4.5229220e+00
 -2.2683826e-01
 -1.1327877e+00
  6.6328549e-01
 -1.3060504e+00
  4.1060764e-01
  3.0241546e-01
  6.2767088e-01
  1.4281115e-01
  1.6196625e+00
  1.7137747e+00
  1.4789954e+00
  1.9156287e+00
  4.6766669e-01
 -5.2525795e-01
 -2.0966799e+00
  1.2168338e-01
 -6.1161494e-01
  1.0363164e+00
 -1.3744374e-01
 -1.4401882e+00
  2.7807472e+00
 -1.0636190e+00
  1.2318534e+00
 -4.4962206e-01
  5.8547413e-01
  1.2409010e+00
  1.0300057e-01
 -1.8373283e+00
 -1.1269634e+00
 -3.3516496e-01
  3.4521925e+00
  1.9016845e+00
  1.0293326e+00
  2.5688775e+00
  1.3058702e+00
 -1.2794468e+00
  1.8878462e+00
 -1.0995273e-01
 -1.1859488e+00
  4.1485721e-01
 -1.1372846e+00
  1.6467314e+00
 -1.0964379e+00
 -3.4182405e-01
  1.9413717e+00
  6.7224288e-01
  2.9418280e+00
 -3.6589211e-01
  2.5318708e+00
  3.2419381e+00
  3.7981403e-01
 -3.6764312e-01
 -1.5830494e+00
 -1.5618625e+00
  1.6747954e+00
 -1.2499560e+00
  3.6413887e+00
 -1.5795144e-01
  3.0181162e+00
 -6.3599789e-01
 -1.8740669e+00
  6.4266461e-01
 -2.5249002e+00
 -8.5640311e-01
  1.3795379e+00
 -4.3923238e-01
 -2.3584151e+00
  2.0090432e-01
  1.3313072e+00
  2.2993428e-01
 -6.8696684e-01
  2.6910242e-01
  2.3966715e+00
  9.4516283e-01
 -1.2261944e+00
  6.5976918e-01
  6.0603195e-01
  3.9118907e-01
  9.1836011e-01
  5.8083749e-01
 -2.6159635e+00
 -3.5715687e+00
 -1.9440034e-01
  1.3419986e+00
  9.9313647e-01
 -1.5414838e+00
 -7.7874506e-01
 -1.6403133e+00
  2.2014457e-01
  1.6140711e+00
  1.3243741e+00
 -3.8569641e-01
  1.5895307e+00
 -3.3568141e-01
  3.1456080e-01
 -2.3439591e+00
  2.3977864e+00
  3.7138230e-01
  1.3477421e-01
 -1.9770591e+00
  1.3909392e+00
  3.6658290e-01
 -6.6681945e-01
  1.1285259e-01
 -2.7089696e+00
 -8.6391747e-01
  5.5673593e-01
 -2.1837573e+00
  1.4393919e+00
  1.6583490e+00
 -1.8438941e+00
 -8.5472262e-01
 -1.6391198e-01
 -1.4096316e+00
 -1.2385716e+00
  1.0269970e+00
  6.0860920e-01
  1.7691414e+00
  2.8887899e+00
 -1.0257369e+00
 -1.6496819e+00
  1.1974353e+00
 -1.1565734e+00
  8.4140193e-01
  3.1799736e+00
 -1.0697334e+00
  2.4865344e-01
 -1.5894530e+00
  4.3639469e-01
  1.2170850e-01
  2.6320148e+00
 -1.2440417e+00
 -8.7118101e-01
 -2.7202184e+00
  2.6182806e-01
  4.0076104e-01
  1.1752057e+00
 -2.4000350e-01
  3.0234385e+00
  4.4822654e-01
  1.6313455e-01
  9.6677214e-01
 -8.6251515e-01
  1.4905982e-01
  5.4948002e-01
  1.0536566e+00
  5.8224952e-01
 -6.2794673e-01
 -1.1176044e+00
 -2.8476512e-01
  5.3821886e-01
  1.2164453e+00
 -1.1716098e-01
  3.7975106e+00
  1.0747681e+00
  6.2110853e-01
 -4.2874387e-01
  1.7001841e+00
 -3.0566663e-01
 -1.0084575e+00
  2.1002388e+00
  1.5886695e+00
  2.6849823e+00
  3.9865255e-01
 -3.6581036e-01
 -7.5228971e-01
 -3.1270343e-01
 -1.3219715e+00
 -4.3035474e-01
  3.4703758e+00
 -1.3862330e-01
  3.7325547e+00
  4.5917663e-01
  2.9921982e-01
 -2.3314607e-01
  1.4092499e+00
  1.6504728e+00
 -2.4666066e+00
 -1.4907672e+00
 -4.5329485e+00
  9.4154024e-01
 -9.0945679e-01
  1.4799925e+00
  1.9811810e+00
 -1.5716938e+00
 -2.5751274e+00
  7.9261529e-01
 -3.4948948e-01
 -1.6168275e-01
  1.7866876e+00
  4.5820796e-01
 -1.1542214e+00
  4.8814824e-01
 -4.3012333e+00
 -1.0915275e+00
 -2.3757968e+00
 -1.3854223e+00
 -3.7943101e-01
  6.2521613e-01
 -2.3992151e-01
  8.9840853e-01
 -9.9792188e-01
 -1.2715092e+00
  9.4846988e-01
  1.1943374e+00
  1.6437069e+00
 -1.2220582e+00
 -4.6086043e-01
 -7.3864007e-01
 -1.5230334e+00
 -2.6066198e+00
  4.0451702e-01
  8.4426677e-01
 -2.7451639e+00
 -9.0988123e-01
 -1.2322292e+00
 -3.1717101e-01
 -2.0184798e+00
 -1.4847223e+00
 -1.9798442e+00
 -1.5183556e+00
  1.7154424e-01
  9.3694502e-01
 -3.9433730e-01
 -8.0534238e-01
  6.5399259e-01
  6.6904938e-01
 -1.6144855e+00
  8.6071956e-01
 -1.3815856e-01
 -4.4276828e-01
  4.5519087e-01
 -1.6607530e+00
  6.0633552e-01
  4.0400195e+00
  6.2327707e-01
 -8.9994013e-01
  8.2108682e-01
 -2.8815335e-01
 -3.1640530e-01
  4.1060567e-01
 -2.3948040e+00
  4.1914898e-01
 -2.8187163e+00
  1.2006614e+00
  6.1675149e-01
 -8.3443731e-01
 -7.2249246e-01
  1.3309418e+00
 -1.0252173e+00
  5.1616234e-01
  6.8407619e-01
  1.9893186e+00
  4.6646079e-01
 -1.5794863e+00
  1.1976358e+00
  3.4455121e-01
 -2.9265552e+00
  2.1325380e-01
  4.3946475e-01
 -7.7306443e-01
 -1.2388024e+00
  1.0456596e-01
 -1.9379821e+00
 -1.6763127e-01
 -3.5555750e-01
 -6.1723578e-01
 -1.6590393e-01
  2.2245851e+00
 -3.1552646e-01
 -7.8595084e-01
 -1.8626795e+00
  1.0189898e+00
  2.6589173e-01
 -3.0817047e-01
 -1.4320226e+00
 -1.2053993e-01
 -2.5440022e-01
 -1.2434299e+00
  2.0666653e-01
  1.5193924e-01
 -2.8668249e+00
  6.4360327e-01
  8.7845111e-01
 -1.6208836e+00
  3.0458007e+00
  3.0871284e-01
  1.0967833e+00
  2.4761257e-01
 -2.6993310e+00
  2.7403553e+00
  8.4713948e-01
  4.6225089e-01
 -2.2949457e-01
 -1.4220988e+00
 -3.5266898e+00
  1.1420805e-01
  6.5903878e-01
  3.7583492e+00
  2.2366352e+00
 -1.6670272e+00
 -9.2505771e-01
  1.1118755e+00
 -5.3081906e-01
 -6.8156976e-01
 -2.4186914e+00
 -9.9703884e-01
  4.2077371e-01
 -7.7436984e-01
  4.1506466e-01
 -1.5687063e-01
  3.9295831e-01
  1.8257973e+00
  2.0982661e+00
  6.9152254e-01
 -2.5743678e-01
 -2.2865111e-01
 -7.5532216e-01
 -1.2926915e+00
  2.0353804e+00
  2.6409820e-01
  3.3948365e-01
  1.8540293e+00
  1.0696501e+00
 -2.0572660e+00
  1.0555789e+00
  8.2506627e-01
 -7.1788633e-01
  5.7750821e-01
  3.6442116e-01
  4.0825379e-01
 -1.6979946e+00
 -1.6388534e+00
  1.6899595e+00
  1.5791066e+00
 -3.7230080e-01
 -2.1389825e+00
 -1.0343902e+00
  4.7013530e-01
  4.3421826e-01
  4.3249708e-01
 -8.1306052e-01
 -1.3834795e+00
  1.5615617e-01
 -2.4755499e-01
  2.2557340e+00
 -1.4197305e+00
  8.7399447e-01
 -1.4681897e+00
 -1.2949781e+00
 -1.1721010e+00
 -5.3730410e-01
  7.3054528e-01
  1.6747713e-01
 -1.4484091e+00
  1.7924122e+00
  1.1793274e+00
  1.1300991e+00
  1.8343126e+00
  3.8263407e+00
  8.9802176e-01
 -6.9145024e-01
 -3.6887903e+00
  4.8065221e-01
  1.0309596e+00
 -1.1855544e+00
 -1.7056465e+00
 -1.8780494e+00
  2.5782362e-01
 -3.6669722e-01
  1.5256657e-01
 -2.1045786e-01
 -1.6496746e-01
 -1.3741821e-01
 -1.8742846e+00
 -5.4166430e-01
 -2.2174707e-01
 -1.4008778e+00
 -1.3369180e-01
 -8.2689583e-01
  1.6372063e+00
 -2.8958354e+00
 -1.6606747e+00
  5.9970093e-01
  1.9607979e+00
  2.5560048e+00
 -1.3663018e-01
  1.0371886e+00
  1.8158501e-01
 -1.7874819e-01
  4.5737091e-01
  7.8378600e-01
  2.5660212e+00
  3.5349345e-01
 -4.0225598e-01
  3.7797120e-01
 -9.2885947e-01
  1.9884199e+00
 -1.4025062e+00
  7.4433959e-01
  5.3437024e-01
 -4.7550145e-01
 -1.8570374e+00
 -2.0723721e-01
  7.5483787e-01
 -4.0038723e-01
  7.4842417e-01
 -1.6801590e+00
 -3.8998464e-01
  6.1103976e-01
 -3.5475795e+00
 -3.5740731e+00
  1.2087464e-01
 -3.9757347e+00
  1.6349050e-01
  1.0136661e-01
  9.4743508e-01
  7.7531451e-01
 -2.4786682e+00
  1.0389055e+00
 -7.8525072e-01
 -6.8703914e-01
 -1.2996553e+00
 -1.4023014e+00
  1.4718184e-01
  4.0942317e-01
  1.3094802e+00
 -1.2613318e+00
  1.8746958e+00
  3.0241707e-01
 -7.3224264e-01
 -1.3874342e-01
  1.0477173e+00
  7.5424850e-01
  7.2943819e-01
 -4.3331522e-01
 -3.9368963e-01
  2.8061800e+00
  8.7472540e-01
  2.3837829e-01
  1.0606925e+00
  2.0716767e+00
  6.1031753e-01
  6.7509079e-01
  5.7941085e-01
  2.6770508e-01
 -3.5776857e-01
 -1.1462563e+00
  1.3443276e-01
  3.0647257e-01
 -1.7487181e+00
 -1.8928118e+00
  1.2300841e+00
 -2.1276984e+00
  3.5905118e+00
  1.3702030e+00
 -8.8145852e-01
 -4.2602426e-01
  1.2031819e+00
  1.1747632e+00
  1.8842533e+00
 -8.2066357e-01
  1.5060229e+00
  1.3988974e-02
  1.3988974e-02
  1.3988974e-02
  1.3988974e-02
  1.3988974e-02
  1.9523688e-02
  1.9523688e-02
  1.9523688e-02
  1.9523688e-02
  1.9523688e-02
  1.3189454e-02
  1.3189454e-02
  1.3189454e-02
  1.3189454e-02
  1.3189454e-02
  7.1277418e-03
  7.1277418e-03
  7.1277418e-03
  7.1277418e-03
  7.1277418e-03
  9.9607827e-03
  9.9607827e-03
  9.9607827e-03
  9.9607827e-03
  9.9607827e-03
  3.5790391e-03
  3.5790391e-03
  3.5790391e-03
  3.5790391e-03
  3.5790391e-03
