nep4 2 Te Pb 
cutoff 8 4 73 8
n_max 6 6
basis_size 6 6
l_max 4 2 0
ANN 30 0
  2.6159573e-01
  2.5626950e-03
 -1.7447847e-01
 -5.3707801e-02
  5.6120135e-02
 -2.0088778e-01
 -3.5265673e-02
  1.3750770e-02
 -1.1642130e-01
 -9.8890819e-02
  1.1316925e-01
  1.1702608e-02
  2.0251369e-02
 -1.0690886e-02
  4.0252090e-02
  7.7785172e-02
 -6.3161671e-02
 -8.6120352e-02
 -1.1360168e-01
  2.2463252e-01
  1.1060081e-01
 -3.9957697e-03
  8.9380771e-02
 -5.2000545e-03
 -1.6199455e-01
  1.9638872e-02
  3.0876152e-02
 -2.3987597e-01
 -8.8713422e-02
  1.6094612e-02
  1.1322083e-01
 -4.0975057e-02
 -1.7026313e-02
 -1.2026756e-01
 -8.8291906e-02
  4.8623748e-02
 -1.0628495e-02
  3.0886093e-01
  1.6723512e-03
  1.0850374e-01
  1.8773147e-01
  7.2472431e-02
 -1.0573970e-01
 -1.6160162e-01
  8.7113231e-02
  1.7036438e-01
  1.5341318e-01
  8.3842605e-02
 -1.3222022e-01
 -1.6602468e-01
  6.6747464e-02
 -7.6198235e-02
 -9.2060126e-02
  7.6566637e-02
 -1.8806025e-02
 -1.1133970e-01
 -7.6431498e-02
 -1.3557835e-02
 -1.5958327e-01
  1.8302727e-02
 -4.2917144e-02
 -4.6530377e-02
 -2.7110342e-02
 -9.1508934e-03
  5.8450405e-02
 -1.7558180e-01
 -3.6123332e-02
  1.6328561e-01
  8.6918838e-02
 -7.2406560e-02
 -2.0427874e-03
 -1.1849431e-01
 -3.1204276e-02
 -1.5730351e-01
 -4.9501650e-02
  2.4871884e-02
  7.0558496e-02
 -1.0550872e-01
 -1.2596270e-01
  3.6617018e-02
 -3.8404655e-02
  4.0415064e-02
  8.7138452e-02
 -7.9568647e-02
 -4.9447302e-02
  8.0442779e-02
 -6.9800466e-02
 -7.6660104e-02
 -8.6401909e-04
  4.2520583e-02
 -4.7722198e-02
  4.4722352e-02
  1.9843656e-01
 -5.4102489e-03
  6.6851735e-02
 -1.9382963e-01
 -3.2237783e-02
  6.5975755e-02
  8.5709371e-02
  1.1779514e-01
  2.2003712e-01
  1.0027763e-02
  8.5551448e-02
 -5.4860689e-02
  1.8871816e-02
 -1.7617989e-01
 -9.5211819e-02
  7.0326515e-02
  9.8574497e-02
  6.4532682e-02
 -4.6814125e-02
 -4.3205425e-02
 -6.2641472e-02
 -7.1019149e-01
 -7.4797971e-03
  2.2287056e-02
 -5.4608785e-02
  5.4894261e-02
  7.4183717e-03
 -5.9270645e-03
  4.4525959e-02
 -1.0776500e-01
  1.1549305e-01
  1.7639522e-03
 -1.2037051e-01
 -3.4814596e-02
  2.3085466e-01
 -2.5577553e-02
 -7.6302558e-02
  1.5173917e-01
  9.2849024e-03
 -3.9601829e-02
 -5.8250129e-02
  2.2039244e-02
  1.2185806e-02
  5.4096352e-02
 -2.8800344e-01
  1.1087546e-02
  4.6570756e-02
 -7.8561947e-02
 -1.0003663e-02
 -8.2538985e-02
 -3.9611805e-02
 -1.2031578e-02
  6.1184559e-02
  2.2384128e-02
  5.0849058e-02
  1.6232036e-02
 -1.2410983e-01
  4.9733169e-02
  1.6944464e-02
 -4.9318690e-02
 -1.0926563e-01
  1.4161070e-01
 -1.5842328e-02
  3.7194669e-02
  8.3044529e-02
 -3.8164172e-02
 -6.1045032e-02
 -1.1792250e-01
  1.1822888e-01
 -3.3906393e-02
  5.2206289e-02
 -1.2757231e-02
 -4.2265005e-04
 -2.0380704e-02
 -8.1132203e-02
 -4.9394104e-03
  2.5830850e-02
  5.0673198e-02
 -4.6892196e-01
  9.3480721e-02
  2.2170825e-01
 -2.4103519e-02
 -5.0157728e-03
 -9.3207836e-02
  2.1499701e-01
 -1.1422143e-01
  8.1119359e-02
 -4.4736112e-03
  5.9627565e-03
 -9.9141255e-02
  4.2991288e-02
 -1.3999321e-02
  1.7493743e-01
  2.7686579e-02
 -1.6541345e-02
 -1.8715922e-02
  1.1984750e-01
 -6.7381435e-03
  6.1371055e-02
  1.1918832e-01
  2.5826919e-01
 -3.7452262e-02
 -5.9553951e-02
  2.4910991e-01
  4.6030214e-01
  7.9599038e-02
  2.9037012e-02
 -7.6308765e-02
  1.2866703e-02
 -1.1234378e-01
 -1.5825252e-01
 -1.6697010e-01
  8.4558152e-02
 -4.1383013e-02
 -2.2911634e-02
 -6.8837032e-02
  2.3246467e-02
 -9.6349977e-03
  3.0639159e-02
  3.4230955e-02
  1.0973901e-02
  8.7474965e-02
 -2.5831994e-02
  1.4098218e-01
 -4.6646450e-02
 -5.4880667e-02
  6.4606041e-02
  6.8184786e-02
  1.7229117e-02
  4.1539658e-02
 -9.7518168e-02
 -5.3796496e-02
  1.2183633e-01
 -1.8081915e-02
  2.4329604e-01
  1.5429461e-01
 -3.8534977e-02
 -6.8391643e-02
 -3.5416838e-02
 -3.7359890e-02
  1.0450844e-01
 -6.3107304e-02
  7.8440417e-04
  1.8268595e-02
 -6.7358546e-02
  1.4918005e-02
  2.1905927e-02
 -2.1142704e-02
  8.2420111e-02
 -1.7011628e-01
 -1.8344957e-02
  8.7042898e-02
  2.1711661e-01
 -1.4728307e-02
  4.3343477e-02
 -7.2704555e-05
 -8.2063749e-02
  6.9335528e-02
  1.5863014e-02
 -1.2448093e-01
 -1.3281459e-01
 -1.0698560e-01
  2.3607586e-02
 -8.0903776e-02
  1.4016799e-02
 -1.1765293e-01
  1.1011156e-01
  1.0439613e-01
 -3.2176036e-02
  1.5049633e-03
 -5.6117304e-02
  2.0448782e-01
  1.9019394e-01
 -1.5817422e-03
 -5.7572827e-02
 -2.9656759e-02
 -5.1965557e-02
  7.8411445e-02
 -1.9215336e-01
  2.4536429e-02
  1.1646457e-01
  2.2203088e-01
  5.7101127e-02
 -7.6241396e-02
  4.4475321e-02
  1.2809046e-03
  2.3047221e-01
 -2.9324587e-02
 -6.4080572e-03
 -1.2883906e-01
 -4.2467561e-02
 -7.5025924e-02
 -1.2965603e-01
  4.7344778e-02
  5.2895356e-02
 -5.4659765e-02
  7.4971393e-02
  1.6598378e-01
  6.3560657e-02
  1.2013451e-01
 -5.9955940e-02
  3.6154009e-02
 -2.1326588e-01
 -6.8717413e-02
 -9.5140167e-02
  2.0999373e-01
 -9.0702057e-02
  5.5036885e-03
  8.8252097e-02
 -4.8336390e-02
  6.0244653e-02
  2.4544261e-02
  5.9493188e-02
  7.3582134e-03
  3.0147076e-02
 -7.1774563e-03
  4.6343189e-02
 -4.5859609e-03
  2.5977472e-02
 -2.5706205e-01
  1.3460605e-01
 -5.3258192e-02
 -1.1846282e-01
 -4.8511263e-02
 -1.5488993e-02
  9.0340175e-02
  3.7662968e-02
 -1.6274884e-02
 -9.5558204e-02
  1.5571184e-02
 -5.1245160e-02
 -5.6214690e-02
  2.1952329e-02
 -7.8900978e-02
  7.2753415e-02
 -1.4810422e-01
  9.2155889e-02
 -6.3014187e-02
  1.4098518e-01
  3.8215321e-02
  9.0817913e-02
 -4.8004698e-02
 -3.3828203e-02
  2.2381892e-02
  2.0928762e-03
 -2.2100413e-02
  7.1818153e-03
  1.0808733e-01
  3.9723389e-02
  1.9200973e-02
 -5.1731940e-02
 -5.6989696e-02
 -9.7520962e-02
 -5.5513024e-02
  1.0033755e-01
  1.3722950e-02
  6.6297598e-02
  6.2336233e-03
  6.8312153e-02
  6.0455180e-03
  2.1715134e-01
  5.5364193e-03
  1.6995169e-02
  2.8264577e-02
 -4.3207691e-03
 -8.9828894e-02
 -3.3719786e-02
 -1.3001630e-02
 -4.7954306e-02
 -1.6642515e-01
  2.3253307e-01
 -8.5684583e-02
  2.3684723e-02
 -6.4410597e-02
  7.0648864e-02
  7.7247024e-02
  8.4607996e-02
  9.3441054e-02
 -5.5487305e-03
 -7.9472095e-02
  6.9329724e-02
  4.1886959e-02
  1.3421571e-02
 -1.7715134e-01
 -3.6640845e-02
  6.0452007e-02
 -4.5414376e-03
  1.7878184e-01
 -6.9362834e-02
 -2.6762895e-02
 -3.0359596e-01
  1.6527690e-01
 -4.3041673e-02
 -1.0150453e-01
 -5.0796077e-02
 -1.1781097e-01
  2.1335572e-02
 -9.4682999e-02
  2.1863263e-02
 -3.2994438e-02
 -3.3408493e-02
 -1.3833290e-01
 -2.3513469e-01
 -6.9907874e-02
 -9.5562534e-03
  3.0130211e-01
  2.2930793e-02
 -3.0264694e-02
  2.1568939e-02
 -2.4327157e-02
  1.2855369e-01
  1.2616007e-01
  3.0458150e-02
  9.9212982e-02
 -5.8218099e-02
  3.4785021e-02
  2.9337475e-02
  1.5011431e-01
  2.5996692e-02
  7.5501710e-02
  1.4467263e-01
  4.0012341e-02
  8.3951550e-03
  2.4699116e-02
  2.8167695e-02
 -4.2286698e-02
  4.1329950e-02
  3.9038319e-02
 -3.7326974e-01
 -2.0368394e-01
  4.5698079e-01
  1.6537631e-01
  1.1045847e+00
 -1.7927849e-01
 -2.1378316e-01
 -1.0274521e-01
  1.7400908e-01
 -5.3322911e-02
 -5.8192622e-02
  9.3901515e-02
  5.5142809e-02
  1.0192265e-01
 -5.4652348e-02
  1.2176186e-02
  4.6950597e-02
 -1.1993227e-01
  1.0688252e-01
  4.6050753e-02
  1.0099354e-01
  2.2928005e-01
 -1.1443854e-01
  8.3715215e-02
  2.3643157e-01
  5.9420735e-02
 -2.3049893e-02
  7.2568536e-02
  2.0776268e-02
 -5.3568978e-02
 -2.3615068e-02
 -4.2189404e-02
 -8.2314694e-03
  9.9264700e-03
  1.0997945e-02
  1.4032620e-03
 -3.5766114e-02
 -6.3513897e-02
  1.2808470e-01
  3.6307722e-02
  1.0410216e-02
  6.5066643e-02
 -2.0629171e-02
  1.1595076e-01
  1.0356300e-01
 -2.0361615e-02
  8.7531991e-03
  3.8260765e-02
  1.0953348e-01
  2.0046750e-01
  2.0807955e-01
  5.1946193e-01
  1.8816061e-01
 -8.8716457e-03
  1.4460110e-02
 -3.0707255e-01
  1.0271910e-01
  6.5190762e-02
 -2.5880476e-02
 -2.7767969e-02
 -7.9776049e-02
 -1.5312096e-01
 -2.6415400e-02
  8.1082694e-03
  1.3987076e-01
  6.8634222e-03
 -1.5622011e-01
 -3.3894509e-02
 -4.6064753e-02
  1.8509079e-02
 -1.0821748e-01
 -3.6160931e-02
 -1.4697322e-01
 -2.2099707e-02
  5.9862253e-03
 -1.7194366e-02
  2.2905751e-01
  1.1430309e-01
  2.6101917e-03
  7.0577092e-02
  4.1687313e-02
 -1.9270772e-02
 -2.4047025e-01
  1.4587376e-01
  9.2679463e-02
  3.7803750e-02
 -1.7781176e-02
  3.8636368e-02
 -1.4282760e-02
 -2.8413726e-02
  2.9380353e-02
  1.9228555e-01
  1.7614953e-02
 -2.9517952e-01
 -4.8074447e-02
  1.5611860e-01
  1.3942707e-01
  4.2475130e-02
  2.3285951e-02
 -1.3798505e-01
  4.8573066e-02
 -3.2563858e-02
 -2.5084216e-02
  1.0613959e-01
  6.6190511e-02
  1.3982745e-01
  1.2664984e-01
 -8.8455856e-02
 -3.0382201e-02
  3.5735458e-02
 -3.2182094e-03
 -1.1447546e-01
 -7.4732721e-02
 -6.4328827e-02
  7.5060584e-02
  4.2077016e-02
  4.3186132e-02
  8.0004118e-02
 -9.3591526e-02
 -5.5977099e-02
 -1.3323426e-01
 -6.4601593e-02
 -1.1462227e-02
  8.0701508e-02
 -7.3133156e-02
 -3.0259900e-02
 -2.6170623e-01
 -3.8518086e-02
  1.9977550e-01
 -2.0503755e-01
 -1.4311547e+00
  1.5605717e+00
 -1.0921400e+00
  6.9355831e-02
 -5.9649743e-02
  8.8683462e-01
  1.5072536e-01
  9.4443820e-02
 -7.4539430e-02
 -1.5758404e-01
 -1.3969056e-01
  1.0452791e-01
  4.7473211e-02
  2.1919571e-02
  5.0181467e-02
  5.0234631e-02
  6.5188825e-02
  1.3181750e-01
  4.9977329e-02
 -2.6938090e-01
 -3.0803389e-03
 -3.4764323e-02
  1.1658553e-01
  7.2969474e-02
  1.5427561e-01
  2.6312101e-01
  5.4145932e-01
  2.0775977e-03
 -3.5118982e-01
 -2.1125767e-02
  5.6671415e-02
 -6.2512361e-02
  8.0432616e-02
  1.7351355e-01
  9.3723521e-02
 -2.3591152e-01
  7.7901497e-02
 -1.4535709e-02
 -2.3423335e-01
  1.2600464e-02
  5.9060365e-02
  7.6416306e-02
  1.4433162e-01
 -7.4892700e-02
  4.2188726e-02
  1.1203018e-01
  1.0187037e-01
 -1.7710341e-02
  1.0089123e-01
 -3.5218121e-03
 -8.1323937e-02
  4.7171693e-02
 -8.9732707e-01
  1.3991235e-01
 -2.3479927e-02
  1.1662324e-01
  6.7077920e-02
 -6.2170806e-03
 -3.4719862e-02
 -5.0888147e-02
  6.8483315e-02
 -2.4365062e-02
  6.1360292e-02
  2.9673193e-02
 -3.2197155e-02
 -1.8161325e-01
 -1.1584094e-01
 -1.5251061e-01
 -9.8458953e-02
  8.2948968e-02
  1.3654135e-01
 -2.5300948e-02
  4.9275532e-02
 -3.0962121e-01
  3.7958831e-02
  8.3685098e-03
 -1.0078088e-02
  2.4117986e-03
  6.8206355e-02
 -1.4621188e-01
  6.8088043e-01
 -1.5955648e-01
  2.6964417e-01
 -3.4761506e-01
 -8.2407230e-01
  1.3408149e+00
 -3.3192551e-01
  4.9714673e-01
 -4.6732411e-02
  9.3329139e-02
  9.3025559e-01
  2.2538168e-02
 -3.2418656e-01
 -1.0878316e-01
  2.9286915e-01
  1.3233584e-01
  7.5213063e-01
  5.9272575e-01
 -6.1577457e-01
 -2.6404839e-02
 -2.6207021e-02
 -4.0206470e-02
 -9.0300083e-02
  5.3377017e-02
  9.8712295e-01
  1.4530641e-02
  1.1026687e-01
 -9.4392188e-02
  7.8448884e-02
  3.6328278e-02
  3.0846570e-02
  7.8606799e-02
  1.7145017e-02
  5.7859216e-02
  1.1538804e-02
 -1.7358384e-01
 -4.4272721e-02
  7.2963826e-02
  4.9630012e-02
 -5.1160981e-03
 -3.6046851e-02
  6.6441737e-02
 -4.2852336e-01
 -1.9073248e-01
  5.4565567e-01
  2.7586961e-01
 -2.3287022e-01
 -5.7161361e-02
 -2.4817112e-01
  7.4171640e-02
  1.7952448e-01
 -6.1499275e-02
 -1.9045239e-02
  3.9597329e-02
  1.0129662e-01
  1.6452452e-02
  1.6177426e-01
 -7.5922469e-03
  8.6976963e-01
  9.2384070e-01
 -7.4177727e-02
 -9.2723012e-02
  5.9138097e-02
 -1.5025591e-02
  1.3700435e-01
  1.3262320e+00
  7.0170641e-02
 -1.2963189e-01
 -2.9630980e-01
  9.1333790e-03
  1.2342058e-01
  9.7650466e-03
  1.5723425e+00
 -6.4964163e-01
 -2.4871116e-03
 -5.1443136e-01
 -8.4001690e-02
 -2.1519837e-01
  1.8967797e-01
 -8.4667742e-02
  5.7558978e-01
 -2.1111570e-02
 -6.5340683e-02
  1.5196706e-01
  6.9619186e-02
 -8.4766798e-02
 -2.3258371e-02
  7.3182464e-02
  4.5199990e-02
  6.8634309e-02
 -4.2163346e-02
  6.8868019e-02
  8.6446397e-02
  5.6480913e-04
 -5.1998261e-02
 -7.5687096e-02
 -1.1916745e-01
 -1.6279937e-01
  7.2361365e-02
 -1.6620316e-01
  3.7651964e-02
  6.2563561e-02
  1.5037271e-02
 -2.0914833e-01
  2.4389157e-02
  2.0220053e-01
  3.7172820e-02
 -4.9587090e-02
  5.2499115e-02
 -1.7751101e-01
 -1.5245870e-01
 -1.3974610e-01
 -1.4860485e-01
  3.9032381e-02
 -4.9876533e-02
  7.0096515e-02
  7.9398319e-02
  5.0755564e-02
 -7.1039990e-02
 -6.6477686e-02
 -5.2221946e-02
  3.9586503e-02
 -7.5591162e-02
  1.3375795e-02
 -7.1993232e-02
  1.8089287e-01
  3.5302868e-01
  5.8775997e-01
  4.9511901e-01
  4.4089645e-01
 -9.1505989e-02
 -7.9386793e-02
  6.8258727e-01
  2.6878778e-02
 -3.2407291e-02
  1.1818653e-01
  1.1718995e-01
 -5.3239886e-02
 -2.4123088e-02
 -2.2948531e-02
  7.2987862e-03
 -2.0317484e-02
 -7.9244271e-02
  1.8073544e-02
 -3.3074666e-02
  6.2192261e-02
  2.9926056e-02
 -7.3824167e-02
 -2.3556175e-02
 -3.5475958e-02
  1.6992696e-01
 -7.2926253e-02
  3.7638102e-02
 -7.7442735e-02
 -8.6560808e-02
 -6.9711007e-02
 -3.6528513e-01
  1.0154786e-01
 -1.9742193e-02
 -9.7296417e-02
 -2.6334148e-02
  2.9265942e-02
 -1.3482675e-01
  6.4215861e-02
  3.1320829e-02
 -6.9375560e-02
  8.4047560e-03
  7.9424948e-02
  1.9681488e-01
 -9.2274547e-02
  1.9079360e-01
 -1.5405662e-01
  1.5291576e-01
 -8.6632885e-02
 -7.1408823e-02
 -2.7050894e-01
 -1.0279253e-02
 -4.1278929e-02
 -8.2604662e-02
  1.2058767e-02
 -1.0785180e-02
 -5.5576656e-02
  1.7415313e-02
  1.8979768e-01
 -1.1781856e-01
 -7.7537015e-02
 -1.8769825e-02
 -2.1756381e-02
 -1.2437818e-02
  2.7959216e-02
  4.8966935e-01
  9.6976355e-02
  2.9030859e-02
  1.1850688e-01
  6.6509463e-02
  8.6704999e-02
 -2.1047581e-02
  1.6135745e-01
  7.0387617e-02
  1.8337925e-01
  2.0210068e-01
  5.8580276e-02
 -5.4808900e-02
  1.4640758e-02
 -5.8552328e-02
 -1.0013848e-01
 -1.1465473e-01
  1.1866154e-01
  5.8336259e-04
  2.7643519e-02
  4.9745515e-02
 -1.6933948e-02
  1.6911301e-01
 -9.2390450e-03
  3.0418301e-01
  1.3367002e-01
  1.4846104e-01
  1.9003993e-02
 -2.4292426e-01
  1.8333744e-02
 -8.3888099e-03
 -8.1008844e-02
 -5.4797340e-02
 -6.7323312e-02
  8.8896200e-02
  2.1319715e-02
  7.3061770e-01
  5.0373215e-02
  2.0759666e-02
 -5.9998792e-02
 -3.9035626e-02
 -7.4809261e-02
 -4.2716465e-03
 -4.6108514e-02
  8.3347738e-02
 -8.0125034e-02
  1.0603312e-01
 -1.2395108e-01
  1.0510198e-01
  6.1958317e-02
  2.6660681e-02
  7.9763733e-02
  4.7655907e-02
 -2.3178441e-02
 -1.1751095e-01
 -7.7240817e-02
 -2.2249414e-01
 -4.1765589e-01
  3.8705185e-02
  6.4987279e-02
 -6.9828786e-02
 -3.9600510e-02
  1.4280017e-01
  8.7258019e-02
  8.4555056e-03
 -5.4419842e-02
 -1.3023886e-01
 -4.5400508e-02
 -4.6338651e-02
  9.9958315e-02
  5.8530442e-02
  1.6226186e-01
 -1.4179952e-01
  1.0207187e-01
  1.1227940e-03
  1.2013556e-01
  6.8373089e-03
 -4.9148896e-01
 -2.4218945e-02
 -2.2781543e-01
  7.9535440e-02
  5.8763936e-02
  3.7249982e-02
 -2.6633826e-01
  7.5772814e-02
  8.0538340e-02
  4.0285293e-02
 -4.4819158e-02
 -7.2797954e-02
  6.2524676e-02
 -1.1853486e-02
 -1.1972135e-02
 -1.7122532e-01
 -5.2912993e-04
 -9.9039406e-02
 -8.2811117e-02
  1.2335786e-02
 -6.7174591e-02
  1.3769254e-02
 -4.1818134e-02
 -1.1091201e-02
 -2.5653480e-02
 -1.6004898e-03
 -1.3259733e-01
  1.5380466e-02
  5.1790968e-02
  2.0234568e-01
 -9.4561778e-02
 -3.6168289e-01
 -3.9774984e-02
 -5.7325657e-02
  7.3886111e-02
  2.0920755e-02
 -8.4482022e-02
 -3.9462633e-02
  1.3249251e-01
  1.6142404e-02
  5.6728989e-02
  1.8846418e-01
 -2.4051569e-02
 -5.8133934e-02
 -2.6087099e-01
 -2.1058941e-01
 -8.6673021e-02
  3.6385152e-02
 -1.8496580e-02
 -1.3937792e-02
  9.4419912e-02
 -2.1653384e-02
 -7.3693879e-02
  8.8431045e-02
  5.7914957e-02
 -2.8590988e-03
 -2.0585188e-01
 -5.9524652e-02
  4.7298502e-03
  1.0768838e-04
  5.8725651e-02
 -8.1756584e-02
  7.3763798e-03
  5.9844278e-02
  2.2580286e-02
  7.4649908e-02
  1.3213116e-02
 -3.4208784e-01
  9.4979726e-02
 -8.1852406e-02
 -3.3016256e-03
  8.9844447e-03
 -2.5946977e-02
 -6.9161616e-02
 -7.7894604e-04
  1.2365558e-01
 -8.0541909e-02
  5.2487506e-03
 -3.0253515e-01
 -8.7369876e-03
  4.7365896e-02
  2.7544895e-02
 -1.9486174e-02
 -7.9041094e-02
 -3.2876229e-01
 -1.3559927e-01
 -2.8299527e-02
  3.5961345e-02
  3.8519472e-02
  1.9967627e-02
  1.3039825e-02
 -1.7578770e-01
 -5.5014029e-02
  9.2990071e-02
 -6.3653909e-02
 -6.1870879e-03
 -2.9624975e-01
  1.3289073e-01
  1.9200826e-01
 -2.3078120e-01
  1.2129094e-02
  7.1698627e-03
 -6.4445868e-02
 -4.3253966e-02
 -1.4964546e-01
  5.7348125e-02
 -5.7678614e-02
 -4.1841380e-02
 -3.1828549e-02
 -1.3321097e-01
 -3.8321346e-02
  3.5267574e-01
 -1.1730170e-01
 -4.2975745e-01
 -5.0593895e-01
 -5.4381925e-01
 -8.2580042e-01
  1.5722726e-02
  6.0543317e-02
 -1.0430940e-02
  2.2779137e-02
 -7.0593558e-02
 -2.5589002e-02
  1.5201806e-01
 -4.9044665e-02
 -6.4918481e-02
  1.2891358e-03
  4.0381190e-01
  3.0296430e-02
  1.6057014e-01
  4.4209141e-02
 -4.3692861e-02
  1.4764924e-01
 -8.1461117e-02
 -1.2412822e-01
 -6.0882019e-03
 -2.5139716e-01
 -8.6131878e-02
  1.6798781e-01
  2.4240854e-01
 -4.1992679e-02
  3.9807003e-02
 -1.2762901e-01
 -6.0611531e-02
 -8.0339108e-03
  3.0324809e-02
  8.0028556e-02
 -6.7696564e-02
  2.1042200e-03
 -2.2812606e-01
  6.1183386e-02
  5.1010434e-02
  1.4045213e-01
  8.2330275e-03
  3.6424361e-02
  2.8862885e-01
  4.0542293e-02
  6.7610607e-02
 -5.1087502e-02
  3.3581778e-02
  2.2305162e-01
 -8.9127265e-02
  7.3038645e-02
 -7.9994015e-03
  1.2416864e-01
 -2.3685705e-02
 -9.7599097e-02
 -6.3572235e-02
 -1.5650721e-01
  3.6126909e-01
 -4.6439543e-02
 -8.1579477e-02
  3.0754952e-02
  3.9958820e-02
 -3.3719454e-02
 -2.4540044e-01
 -9.5296532e-02
  1.6966494e-02
  1.1298142e-01
 -3.2970935e-02
 -3.5358682e-02
 -2.0534821e-01
 -3.7321786e-03
  4.6035284e-03
  9.2380429e-03
  7.6323383e-02
  1.9398318e-01
  1.1950552e-02
  3.6395591e-02
 -9.2824288e-02
  1.6954100e-01
 -1.0939138e-02
 -5.4752517e-02
 -5.2016802e-02
  1.9335644e-01
 -6.7041166e-02
  6.5145366e-02
  4.9354237e-02
 -5.8595169e-02
 -2.1197386e-02
  1.0797151e-01
  1.3142070e-01
  1.9070448e-02
  1.1064672e-01
 -7.3633797e-02
 -1.8374981e-02
  1.5025401e-01
 -1.2309069e-01
  3.5539275e-01
  4.0730320e-02
 -3.5240293e-02
  5.5057306e-02
  4.7558495e-03
 -3.2213500e-01
 -1.0987963e-02
  8.2654215e-02
  1.2254048e-01
  5.9577697e-03
  4.5577325e-02
 -1.3716687e-02
 -4.8082128e-02
 -4.4660766e-02
 -8.1171528e-02
 -2.9622043e-02
  1.5196217e-02
  1.1984625e-01
  3.4780570e-03
 -1.3091150e-02
 -1.4755435e-01
  9.5202494e-03
 -4.2880651e-02
 -5.5446427e-02
 -1.5008186e-01
 -7.5676322e-02
 -1.3883853e-01
 -1.1693546e-01
  1.5546333e-02
  1.7362991e-02
  1.1004799e-01
 -1.7399423e-02
  1.4314488e-01
  1.0233764e-01
  4.3177001e-02
  5.7372097e-02
  3.9244655e-01
  5.5239875e-02
 -5.6014434e-02
 -7.0230648e-02
  3.7530649e-02
  1.4739192e-01
  7.9779565e-02
 -6.4773366e-02
 -1.0268886e-01
  6.8740514e-03
  1.2250768e-02
  2.9875906e-02
 -1.6898280e-01
  1.1119390e-01
  2.4890590e-01
 -9.6064389e-02
 -3.4822304e-02
  2.1297134e-02
  2.3365963e-02
  1.7278709e-01
 -7.9021327e-02
  4.0829264e-02
  1.6927066e-01
  7.0451103e-02
  4.2167317e-02
 -6.7417912e-02
  7.5177744e-02
 -2.0843439e-01
  1.4922658e-01
  1.5900421e-01
 -6.5931469e-02
  8.0626227e-02
 -6.7948967e-02
  1.7698102e-02
 -9.4053345e-03
  1.8143123e-01
 -1.8723916e-01
 -2.1241309e-01
  3.6005996e-02
  1.7133225e-02
  1.2560762e-01
  1.8763041e-02
 -2.5064632e-02
  1.2653793e-01
  6.6765979e-02
  3.0772129e-01
 -5.6809913e-02
 -2.4105878e-01
  5.9247750e-01
 -6.5582894e-02
 -2.5565594e-01
  1.1109004e-01
  1.9285457e-02
  1.4204057e-01
  3.7762068e-02
  2.2768784e-02
  1.0326853e-01
 -2.0593438e-02
 -6.8580896e-02
  5.5122826e-02
 -4.4822148e-03
 -1.4542411e-02
  6.7234233e-02
  1.5580207e-01
 -9.5045842e-02
  4.4064373e-02
 -1.3288246e-01
  2.6140975e-02
  3.6374904e-02
 -2.4142278e-02
  2.4686038e-02
 -2.1328704e-02
 -2.1096461e-01
  4.0720262e-02
  5.9174661e-02
 -6.3676842e-02
  1.8138193e-02
 -1.9194029e-02
 -2.9719021e-02
  1.4590752e-01
  7.3955931e-02
 -3.1503397e-01
  9.4339266e-02
 -1.6521668e-01
  1.5137808e-01
  8.9082137e-02
 -1.1045922e-01
  4.8087075e-02
 -9.6172690e-02
 -2.1592952e-02
 -3.0970478e-02
 -2.1909291e-01
 -1.3176444e-01
  4.2475931e-02
  5.7165381e-02
 -3.0906321e-02
 -6.9362293e-03
 -2.4475176e-02
 -7.7090330e-02
 -5.0118961e-03
 -3.0067457e-02
  2.7192615e-02
 -1.1202820e-02
  1.9796293e-02
  3.1138273e-02
 -1.8677902e-01
 -1.7990394e-01
 -1.4919107e-01
  1.5609390e-02
 -8.5670374e-02
 -1.9895709e-01
 -9.1409393e-02
 -3.1487964e-02
 -7.1490057e-02
  2.7911665e-02
  2.1238379e-01
  1.8270940e-01
 -6.2829748e-02
  1.1209992e-01
  1.2745616e-01
 -1.3698781e-01
  2.1100806e-02
  7.3214069e-02
 -3.6393419e-02
  1.1718687e-01
  5.2561242e-02
  1.6379419e-01
 -2.3368688e-02
 -1.5030057e-02
 -5.2391093e-02
  8.0647498e-02
  1.6976935e-01
  7.7203676e-02
 -1.3386628e-01
 -1.7286754e+00
 -1.2219644e-01
 -1.6797420e-02
  5.9211031e-03
  8.0817649e-03
  5.2999776e-02
 -2.8348239e-02
 -5.3282142e-02
  1.3973294e-01
 -4.8080185e-01
  9.1147080e-02
  5.1470488e-02
 -3.1341784e-02
 -3.0564098e-02
 -8.9758486e-02
 -1.4916707e-02
  9.0191238e-02
 -5.4236360e-02
  1.1297563e-01
  8.3556525e-02
 -2.8333005e-02
  1.6769971e-01
  1.1060781e-01
  1.2846948e-01
 -9.2761427e-02
 -3.3789775e-01
  1.4358133e-01
 -4.7138717e-02
  5.0201046e-01
  4.2956218e-02
 -8.7709588e-01
  9.9608284e-01
  3.7697084e-02
 -4.2827874e-01
 -1.8701033e-01
 -4.2174533e-02
  3.3584586e-03
 -1.0228397e-01
 -1.3025157e-01
  1.7013015e-01
  4.4389237e-02
  1.1900994e-02
  1.3034897e-01
 -9.5438091e-03
  2.7475331e-02
 -7.1497664e-02
 -5.1029120e-02
 -9.5119858e-03
 -4.5798089e-02
 -2.1459740e-01
  2.8768141e-02
 -3.9228395e-02
 -3.8412016e-02
 -3.7625600e-02
 -4.7912687e-02
 -8.2850672e-02
  9.0391137e-02
 -1.7848032e-02
  4.3778174e-02
  1.4741781e-01
  4.5062613e-02
 -7.9937689e-02
  1.4973540e-02
  7.0630908e-02
 -1.0314181e-01
  9.2469240e-03
  1.5573949e-01
  1.6434753e-02
  6.2684298e-02
  2.2221118e-02
 -6.8824470e-02
  3.1686265e-02
 -2.8170808e-03
 -1.6845969e-02
 -2.1629896e-02
  5.7445101e-02
 -1.2256580e-01
 -5.8357500e-02
 -5.9751850e-02
 -1.3410355e-02
 -9.8515257e-02
  4.2799613e-03
  1.8567528e-01
  1.3713351e-01
 -1.7339559e-02
  7.7529654e-02
 -1.7203422e-02
 -3.4499280e-02
  9.8392986e-02
 -8.7988548e-02
  5.3808548e-02
 -1.5358320e-01
  2.0025106e-02
 -1.2729850e-01
  7.5260416e-02
 -6.0636666e-02
 -1.3193679e-01
  1.0424238e-01
  1.4568028e-01
 -4.5181170e-02
  2.1312190e-03
  6.0122937e-02
 -7.4879050e-02
  7.4543484e-02
  8.5119076e-02
  8.5158423e-02
  8.2861029e-02
  8.6487584e-02
 -1.6646257e-01
 -2.4442038e-02
  4.6836581e-02
 -7.4378610e-02
 -3.3270828e-02
 -6.4154215e-02
 -1.6656436e-02
 -1.3382620e-01
 -1.0128369e-01
 -5.0742291e-02
  1.4502257e-02
  1.0260018e-02
  1.0536309e-01
  7.4377611e-02
 -9.4073758e-02
 -4.1940201e-02
 -2.4576625e-02
 -2.1568868e-01
  8.1358097e-02
  2.4981821e-02
  8.9403391e-02
 -2.2063881e-02
 -1.7509145e-01
  1.5513931e-02
 -2.6159676e-02
 -1.8859696e-01
  1.6845675e-01
  8.5335590e-02
 -1.1574885e-01
 -7.8154271e-03
 -2.7769771e-03
  1.8725920e-02
 -4.7023925e-01
 -1.0181110e-01
  5.1738966e-02
 -5.7893500e-02
 -1.0688663e-02
 -2.2414511e-02
  4.1985307e-02
  6.4658493e-02
 -6.0654972e-02
  2.7882323e-01
  4.6258666e-02
 -1.0648807e-01
 -7.7099495e-02
 -5.6777205e-02
  1.0486596e-02
  2.2495769e-01
  1.4203593e-01
  2.0290319e-02
 -1.9419484e-01
 -1.9371409e-02
 -7.1776519e-03
 -1.1372480e-02
 -1.1466243e-01
  8.3127700e-02
 -4.5408111e-02
 -5.4310456e-02
  2.5073424e-02
 -1.6440077e-02
  7.6396979e-02
 -3.2479525e-02
 -9.5924519e-02
 -4.7636487e-02
  1.4997892e-01
 -9.2088304e-02
  2.5651166e-02
 -4.6613134e-02
 -3.3459488e-02
 -4.2946372e-02
 -2.1386946e-02
 -2.2922614e-01
 -2.1895298e-04
 -1.6660100e-02
 -6.0361903e-02
  6.2524617e-02
  4.1752703e-02
  4.9196664e-02
  9.8927014e-02
 -2.2938304e-02
 -5.0617490e-02
  1.4987509e-02
 -8.7901436e-02
 -3.2078873e-02
 -7.6335326e-02
 -8.1966957e-03
 -6.4647689e-02
 -1.2233551e-01
 -6.2658802e-02
  9.8369576e-02
 -1.1069489e-01
 -1.0806911e-01
  3.7648671e-03
 -7.4291922e-02
 -3.2814056e-01
  2.0819729e-02
  7.5051226e-02
  9.0589570e-03
  8.3969813e-03
  1.3517831e-02
  6.8948299e-02
 -1.2582457e-01
 -3.7046086e-02
 -8.4139884e-02
  8.2039442e-03
 -6.3424963e-01
  3.3352479e-02
 -1.3945748e-01
 -5.6330588e-02
 -6.9803882e-01
 -4.0233782e-01
  3.5111302e-01
  1.5374447e-01
  3.4560776e-01
  2.7758902e-01
 -8.8713676e-02
 -1.7218992e-01
 -3.6072647e-03
 -8.5701786e-02
  2.5232300e-01
 -1.6673219e-01
  1.4450559e-01
  1.7169544e-01
 -7.4090161e-03
 -3.3364784e-02
 -1.5132071e-01
  8.2800798e-02
 -1.8745268e-02
  5.5737697e-02
 -1.5670623e-01
 -4.1252065e-02
 -6.6783749e-02
 -3.2286737e-02
  3.9238316e-01
  2.9850519e-01
  2.3057735e-01
 -4.8778847e-02
 -9.0892926e-02
  4.4812497e-02
  6.4716823e-02
 -1.3379410e-01
  1.5224339e-01
  4.3239266e-02
  2.1634342e-02
 -9.8185882e-02
  7.5848833e-02
 -1.0311432e-01
 -4.6521641e-02
 -1.0307966e-01
  1.3430619e-01
 -8.4341183e-02
 -2.4625316e-01
 -1.5752148e-02
 -2.0310145e-02
  1.1997461e-01
  1.1251359e-01
  6.3148238e-02
 -6.1014066e-03
 -6.2045675e-02
  6.8692967e-02
 -6.1156120e-02
  2.2579673e-01
 -7.9798386e-02
  5.5624742e-02
  1.8727456e-01
  4.8046920e-02
 -3.4552124e-01
 -7.6392867e-02
 -6.3293487e-02
 -6.9125071e-02
 -1.3887416e-01
 -9.1212101e-02
 -8.7247290e-02
 -1.0402603e-01
  1.4224723e-01
 -1.2985910e-01
  1.0280275e-01
  3.0244382e-02
  1.0272330e-01
 -6.3502423e-02
 -6.6939607e-02
 -5.2879173e-02
  1.4403598e-01
  3.1092077e-02
  7.5192754e-03
 -3.6420289e-02
 -2.2469500e-04
 -7.4575879e-02
 -2.2902200e-02
  9.5765144e-03
 -1.2242889e+00
  7.5110090e-01
  2.8096999e-03
 -2.6833379e-01
 -1.6241530e-01
 -6.9533134e-01
  6.5699154e-01
  1.5500629e-01
 -6.4727287e-03
  8.4950559e-02
  2.1967980e-01
 -1.3534739e-02
  2.0565486e-02
 -2.4573216e-02
 -1.2971309e-01
  3.6940459e-02
 -1.1225200e-02
 -6.3540906e-02
 -6.6475734e-02
  1.8400893e-01
  7.2662376e-02
  1.0173632e-01
  1.6478293e-01
 -4.9197719e-02
  3.0206127e-02
 -1.5214120e-01
 -7.7838865e-03
  3.7546523e-02
 -1.0508250e-01
 -1.2089740e-01
 -1.3366616e-02
 -4.7574967e-02
 -5.1241457e-02
 -3.3412512e-02
  8.2733454e-03
 -1.2808065e-01
 -1.3052670e-02
  5.2876789e-02
  5.3833026e-02
  1.7567670e-01
 -2.5823918e-01
  2.7110552e-02
  9.2899101e-03
  9.7899819e-03
  1.6110782e-02
  6.7409739e-02
  1.2827248e-02
 -1.2538576e-01
 -1.2440812e-01
  1.2460096e-01
 -2.2815509e-02
  3.4315020e-03
 -8.7382637e-02
 -5.2043237e-02
  5.2228902e-02
 -3.9469864e-02
  1.0132722e-01
 -6.1559584e-02
  5.5586133e-02
 -1.3110256e-01
  4.0477674e-02
  3.8772104e-03
  2.5756303e-02
 -1.6070981e-02
 -8.0922790e-02
  7.3080985e-03
 -2.9228969e-02
 -1.6630532e-01
 -1.2952963e-01
  4.6227422e-02
  2.2218741e-02
 -1.3573219e-01
 -4.5844715e-02
 -3.4122437e-02
  4.3505761e-01
  1.0593663e-01
  1.4244942e-01
 -6.4002894e-02
  6.0296055e-02
  8.4997006e-02
  9.6238509e-04
 -3.4856819e-02
  1.4004430e-03
  9.6786611e-02
 -6.3621096e-02
 -8.7334234e-03
 -2.9307187e-02
  1.3731453e-01
  2.3272157e-02
  6.2095923e-03
 -4.7726605e-02
  2.8442575e-02
  4.4256408e-02
  1.6365358e-01
  4.7053453e-02
 -3.6748957e-02
 -1.4171501e-01
 -1.3216002e-01
  2.9602703e-02
  7.8037120e-03
 -7.8456528e-02
 -3.8210206e-02
  4.2562775e-02
  2.0540075e-02
  3.7745100e-02
 -1.0091785e-01
 -7.3930122e-02
  1.3960178e-01
  7.6725870e-02
  3.7858762e-02
  1.0063259e-01
  2.8567975e-03
  3.8276691e-02
 -1.2332572e-02
 -3.3707567e-02
 -2.5700036e-02
 -4.2694174e-02
  3.1415347e-02
 -6.1557442e-02
 -2.6210800e-02
  7.8737907e-02
 -6.3865580e-02
 -2.6528543e-01
  3.5258587e-02
 -1.2157033e-01
  1.0872500e-02
 -1.3752948e-01
  1.1858422e-01
 -1.4819953e-02
  2.2515921e-01
 -5.4871276e-02
  3.2873005e-01
  9.7712770e-02
  1.8906298e-01
  5.6933863e-03
 -1.6226707e-02
  1.5332890e-01
  1.2907558e-02
  2.2399592e-01
 -1.0418104e-01
  1.3358053e-03
 -1.7502101e-01
 -1.2363846e-01
 -2.2379730e-02
  5.8900025e-02
  2.1786352e-03
 -7.7514928e-03
 -4.1095558e-01
  1.8479606e-02
  9.1645271e-02
 -8.5305490e-02
  4.2688688e-03
  3.6690760e-02
  1.6291331e-01
  5.8458168e-02
 -6.1739884e-02
 -3.6989364e-03
 -5.5892104e-03
  1.4557901e-02
 -1.9046037e-02
  4.8059272e-03
  2.2839984e-02
 -1.1980041e-01
 -8.3455415e-03
 -6.7624454e-03
 -4.1756853e-02
  5.7643626e-02
 -2.2345947e-01
  7.7351950e-02
  3.4027863e-02
 -3.7692077e-02
 -2.7919963e-02
  7.2324513e-03
  1.0156344e-01
 -1.4313064e-02
 -3.5115480e-02
  1.0356168e-01
 -2.5560852e-02
 -5.0124172e-02
 -6.8230764e-03
  1.6289839e-01
 -1.3310700e-02
 -1.4321724e-01
 -1.5015200e-01
  1.3801692e-01
 -3.3159172e-03
 -2.5537167e-02
  4.3905447e-03
  5.9468064e-02
 -5.1613856e-02
 -8.3865210e-02
  1.4748329e-01
  8.4872134e-02
  2.6222873e-01
  6.9653839e-02
 -6.4701207e-02
  7.3192209e-02
 -4.7557130e-03
  1.0637058e-01
  9.0823017e-02
  4.1356742e-02
  1.0515254e-01
  4.0000558e-02
 -4.1280530e-02
 -8.7228017e-03
 -5.9243064e-02
  1.7620029e-02
  5.8544118e-02
  4.9374159e-02
  1.5428612e-01
  5.6207392e-02
 -2.5591550e-02
  1.0888665e-01
 -3.9256353e-02
 -1.4032994e-02
 -6.6739857e-02
  3.2000545e-02
 -1.7730623e-02
  1.4702410e-02
  9.2106983e-02
  1.1476281e-01
  9.3346037e-02
  5.0316963e-02
  7.4578553e-02
 -3.8002893e-02
 -3.6959324e-02
 -1.5396029e-01
 -3.8806796e-02
  5.5112369e-02
  7.8609884e-02
 -4.1706692e-02
  1.8841630e-02
  1.3511414e-02
  5.0553735e-02
 -3.1024264e-03
  6.7959964e-02
  8.0636301e-04
 -4.4005584e-02
  2.7739298e-02
  6.5053374e-02
  1.4557599e-03
 -8.0634505e-02
 -1.3032594e-01
  1.0183536e-03
  1.1169348e-01
  4.7701601e-02
 -1.2123443e-01
 -6.9095865e-02
 -1.0005794e-01
  1.6897645e-02
 -1.1256551e-01
 -3.8691476e-02
 -1.1844260e-01
 -1.8049069e-03
 -1.7112806e-01
 -9.2119239e-02
 -3.1052536e-01
  1.1309371e-01
 -4.6730161e-02
 -1.2330195e-01
  1.7043683e-01
 -1.3465991e-02
 -5.9975874e-02
 -4.9014948e-02
  8.0486543e-02
 -1.9891959e-02
  1.0240917e-01
 -2.3051348e-02
 -6.1815176e-02
 -6.3755810e-02
 -5.0580408e-02
  2.1021140e-01
  2.4355963e-02
  8.2289539e-02
  1.2874760e-02
 -1.5437610e-02
  3.8704507e-02
  2.2914536e-01
  3.7414249e-02
  2.3072322e-03
  1.2604106e-02
  8.2612559e-03
  3.0855162e-02
  1.5005027e-01
  8.6656302e-02
 -8.0295488e-02
 -2.0832829e-02
 -7.7675693e-02
 -3.2329008e-02
  2.8582705e-02
  1.6096907e-02
  6.7844436e-02
  3.6855113e-02
  5.4855235e-02
 -6.3082469e-01
  1.8938951e-02
 -6.1065048e-02
 -1.3198870e-02
  2.9185073e-02
 -1.2275768e-02
 -1.3296567e-01
 -1.9308116e-02
  6.8671487e-02
 -3.8259689e-02
 -1.9068898e-01
 -4.3987453e-02
 -9.3723563e-03
  6.4139456e-02
 -9.6881278e-02
 -1.9968580e-03
 -1.2858234e-02
  1.5312457e-01
 -3.5539228e-02
  3.0146129e-02
  1.0649519e-01
 -1.0862062e-01
 -3.4861437e-03
 -6.3723430e-02
 -6.3540503e-02
 -1.0715128e-02
 -2.2281555e-02
  9.8189050e-03
 -3.8287506e-02
  7.3728142e-03
  4.3981653e-02
  1.4237500e-02
  1.2159332e-01
  8.6836562e-02
 -7.3222674e-02
 -8.7164745e-02
 -8.8314243e-02
 -8.2843183e-03
 -1.0736627e-03
 -1.8653595e-01
  3.6955774e-02
 -5.1027093e-02
  2.9584251e-05
  7.4352399e-02
  5.9898194e-02
  1.4712676e-02
  6.0100037e-01
  9.6609302e-02
  1.1513610e-03
 -7.6545700e-03
 -1.7684990e-01
 -1.2961086e-03
 -4.0302619e-02
 -1.7693101e-01
 -7.0452406e-03
  8.1628278e-02
 -2.5152646e-02
  1.7014851e-01
  7.6168247e-02
  2.4283934e-01
  5.6953054e-02
  1.9499353e-01
 -3.2877292e-02
  7.4254483e-02
 -1.3206998e-01
 -6.0616605e-02
 -2.4325470e-02
 -1.1481203e-01
  3.1408295e-02
 -5.9754409e-02
 -1.9509071e-02
 -1.0751889e-01
  1.3372275e-01
 -1.5482965e-01
  5.1476184e-02
  1.2767357e-01
  1.7061834e-01
 -1.8024400e-01
  1.8976049e-02
  1.6186403e-01
 -1.4804573e-01
 -1.7252465e-01
  5.1420286e-02
  1.8668893e-01
  5.8178563e-02
 -1.1459911e-02
  5.0071899e-02
 -7.7256553e-02
  2.5190325e-02
 -2.2138055e-02
 -3.3511430e-02
 -6.1547346e-03
 -1.4261457e-01
 -7.1446575e-02
  8.9828798e-04
 -6.6877822e-03
  2.0737465e-02
  3.6897203e-03
 -4.2153619e-02
 -4.6740692e-02
 -2.7441525e-01
  4.9517736e-02
  6.1108507e-03
  2.9056959e-02
 -4.8570238e-02
  9.6579202e-02
  1.0134535e-01
  1.5457473e-02
  7.7789702e-02
  4.9095675e-03
 -7.3126904e-03
 -2.6435694e-02
 -1.6983244e-01
 -1.0779002e-01
 -1.3623166e-02
  3.0567622e-01
  1.8901216e-03
  8.0706224e-02
  8.5864358e-02
 -2.0649032e-01
 -5.1869906e-02
  4.1943192e-02
 -2.3951074e-02
  2.7744735e-02
 -3.0683683e-02
  5.0835203e-02
  1.9945564e-02
  3.1228585e-02
 -2.3695682e-03
  4.5297924e-01
 -3.9887287e-02
 -1.4816743e-01
  6.6486083e-02
 -5.6035880e-02
 -1.2159363e-02
 -9.8619692e-02
  9.6207649e-02
 -9.6596712e-03
 -1.0225053e-01
  3.9186724e-02
 -4.8982177e-02
  3.0289945e-01
  1.5531211e-01
  4.3514739e-03
 -1.2231246e-01
 -3.9688922e-02
 -1.5143809e-01
  2.6387582e-02
  3.6120757e-02
  3.0385153e-02
  4.8165813e-02
 -7.9103991e-02
  2.7332757e-02
 -1.4311050e-01
 -3.7567280e-03
  1.9853970e-01
 -2.0156500e-01
 -7.8635603e-02
 -2.7672304e-02
  8.8295050e-02
 -7.1141243e-02
 -1.1111617e-01
 -8.3079278e-02
 -1.9651444e-01
 -7.0527971e-02
 -1.8206663e-02
 -1.8402582e-02
 -8.6087859e-01
 -8.6561469e-03
  7.6307255e-01
  7.8130350e-02
  3.9635223e-01
 -1.5224916e-01
  1.2052232e+00
 -4.9366906e-01
  9.2128348e-01
  6.6066223e-01
 -5.2689295e-02
  5.5571482e-02
  2.4317702e-02
 -6.5162346e-02
 -1.0071564e+00
 -8.1507094e-02
 -1.2442615e-01
  8.0331646e-02
 -2.4653971e-02
  1.0110952e-01
  3.0622393e-02
  1.2371619e+00
 -5.3369993e-01
  6.6374175e-02
  1.8976957e-01
 -6.6130728e-02
  3.7976746e-02
 -3.4872305e-01
  1.1261443e+00
  5.6886429e-01
  3.6203757e-02
 -1.1430874e-01
 -7.1622699e-02
  1.1119309e-02
 -7.1895942e-02
 -2.3730792e-02
 -1.7055316e-01
 -1.2475500e-02
 -1.6539710e-02
 -6.4824112e-02
 -1.2354159e-01
 -2.1321309e-01
  2.1497289e-02
 -3.0845681e-02
 -1.5169966e-01
  5.8755197e-02
 -3.0001078e-02
  1.8407332e-02
  4.8912186e-02
 -4.5720991e-02
  2.0123646e-01
 -9.6386094e-03
 -1.6802442e-01
 -6.1366088e-03
 -8.2145661e-02
  2.3075713e-02
 -9.4763204e-02
  9.5299579e-02
  8.0500446e-02
 -1.3290463e-02
  3.0768089e-02
 -1.1939160e-01
 -7.1120379e-04
 -5.7526410e-02
 -4.6266623e-02
  3.8625766e-02
  3.1488471e-02
 -5.6842469e-02
 -1.4527684e-02
  1.2734275e-01
 -1.1484018e-01
 -5.3259149e-02
 -8.0022685e-02
 -8.1796452e-02
  8.5257195e-02
 -4.1393928e-02
  2.2373796e-02
 -1.8891288e-01
 -1.2872425e-01
 -3.0812528e-03
 -7.0571557e-02
  2.0724635e-01
  2.0329167e-01
  9.6841820e-02
 -2.4701023e-02
  8.6440049e-02
  1.8686965e-03
  9.2628457e-02
 -5.8472384e-02
  3.7494168e-02
  4.3370884e-02
 -4.8792757e-02
 -1.4536699e-02
  2.7030045e-02
 -4.0681311e-03
 -9.1657296e-02
 -1.3307896e-01
 -3.7796545e-04
 -9.8930068e-02
  8.8221878e-02
  8.2124174e-02
 -1.4720446e-01
 -3.1812619e-02
 -6.4678580e-02
  6.2628686e-02
 -3.9018765e-02
  1.8200874e-02
 -2.4013256e-01
 -6.0587373e-02
 -4.8117213e-02
  8.8994965e-02
  6.3689381e-02
 -1.5492864e-01
 -1.4353170e-01
 -1.7138840e-01
  4.8629423e-03
  1.3373191e-02
  3.2832844e-03
 -5.2602597e-02
 -2.7273368e-02
  1.4116968e-01
 -1.8024050e-02
 -1.0538760e-01
  8.2707852e-02
 -6.7416266e-02
  7.0021957e-02
  1.9033398e-03
 -8.6494267e-02
  1.4789553e-01
 -4.3181941e-02
 -3.2545354e-02
 -6.5495558e-02
  1.4195056e-01
  9.6615881e-02
 -1.3997623e-01
  5.0419334e-02
 -3.8329680e-02
  7.4503668e-02
 -1.3406860e-02
  2.9528266e-02
  9.9155203e-02
 -7.7807553e-02
  7.0075016e-03
  1.0529654e-01
 -1.0359015e-01
 -2.6949327e-02
  4.0136512e-02
  1.3073309e-01
 -1.2719798e-02
  1.2690493e-01
  1.6717573e-01
 -2.9295340e-01
 -6.8076856e-02
 -6.2684722e-02
  8.0448344e-02
 -1.1950208e-01
 -5.6223520e-03
 -2.2053571e-02
 -1.8089907e-02
 -9.9828625e-03
  2.0498671e-02
  8.5397303e-02
 -4.8684772e-02
 -1.9858479e-02
  7.4561827e-02
 -1.5016126e-02
 -1.9792691e-02
 -1.6309670e-01
  1.0630693e+00
 -2.6523167e-01
 -7.0703840e-01
 -3.8955834e-02
 -1.1750082e-01
 -4.0294093e-01
 -5.6990166e-03
 -4.2876315e-01
 -8.8545121e-03
  6.3627191e-02
  7.1795560e-02
 -5.4320842e-02
  8.1863329e-02
  4.4029236e-02
  1.7883758e-01
 -4.2547755e-02
  1.4644311e-01
  4.7545496e-02
 -8.0947727e-02
  4.4395447e-02
 -3.2894490e-03
  3.3325538e-01
 -3.4233842e-02
  9.7524196e-02
 -2.3468381e-02
 -3.1809174e-02
  4.8217701e-04
  1.0296097e-01
 -7.5420067e-02
  6.0477946e-02
  3.6657855e-02
 -6.0891669e-02
 -3.8278162e-02
  1.7394988e-01
  5.4381400e-02
  1.8925512e-01
 -6.5996535e-02
 -6.8209372e-02
  7.7890880e-02
 -8.4098637e-02
 -1.6842729e-01
  4.2448235e-03
 -1.2490573e-02
  1.7633303e-01
 -7.7483416e-02
 -9.9447340e-02
 -2.2430514e-01
 -1.9880172e-02
  8.2750984e-02
  8.1431508e-02
  1.5950894e-02
 -1.6313887e-01
  5.8804136e-02
  1.7183921e-01
 -4.7381017e-02
  4.3645285e-02
 -5.0715014e-02
  3.2505449e-02
 -2.7248750e-02
 -4.0816355e-02
  3.7784460e-03
  2.5686946e-02
  2.0004975e-02
 -7.3698804e-02
  1.4067294e-01
  1.2976278e-01
 -5.1986516e-02
  5.8597337e-02
 -1.1580484e-01
 -9.3802556e-02
  1.8684135e-01
 -6.9769457e-02
 -3.7204109e-02
  8.1783116e-02
  3.6650322e-02
  3.8162813e-02
 -6.3624516e-02
  1.4440435e-01
  1.1582810e-01
  4.4057190e-02
  9.7871639e-02
 -8.3028972e-02
  6.0182881e-02
 -1.0028245e-01
 -1.3809197e-01
  3.1793955e-01
 -5.0353639e-02
 -3.3552623e-03
  1.2424343e-02
 -7.1254633e-02
  2.2998733e-02
 -7.0223898e-02
  6.7747392e-02
 -5.0115366e-02
  2.5602426e-02
 -5.1941440e-02
  6.7051597e-02
 -7.7119097e-02
 -1.1473742e-02
  5.9668422e-03
 -1.0131517e-01
 -9.3146497e-03
  1.6491089e-02
 -5.4758936e-02
 -3.9300893e-02
  7.9240151e-02
  2.7203375e-01
  1.2994430e-02
 -6.1715569e-02
 -5.1000793e-02
  2.0671631e-01
  9.5325395e-02
  3.5482712e-02
  3.2745495e-02
  1.0137312e-02
 -3.6834009e-02
  9.8017618e-02
  2.2583000e-02
 -8.2929432e-02
 -1.0411584e-01
 -2.1648996e-02
  6.8316504e-02
  3.3059537e-03
  7.3108107e-02
 -2.0945305e-03
  1.1249503e-01
 -2.8822608e-02
 -2.1764243e-03
  4.4956587e-02
 -2.2464950e-01
  7.5946979e-02
  1.0892629e-01
  8.8831052e-02
  7.3775299e-02
  4.4976071e-02
  9.7124606e-02
 -2.2312813e-01
  9.6908426e-03
  2.9081963e-02
 -2.9697180e-02
 -6.8735115e-02
  4.8098121e-02
 -5.2865256e-02
 -2.7503021e-02
  8.3537407e-02
  2.4866227e-02
  9.9280834e-02
  4.5477759e-02
 -1.0747381e-01
  5.4844972e-02
 -8.9940645e-02
  6.3105471e-02
  1.6908351e-01
  2.7013108e-01
  6.7076281e-02
 -1.1508023e-02
 -6.8753988e-02
 -6.2498037e-02
  9.1348462e-02
  1.7875825e-01
  2.5312960e-02
 -1.0125509e-01
  3.9417797e-01
 -6.7719296e-02
 -3.2545887e-02
  1.1655335e-01
 -1.1429615e-01
  9.5963493e-02
 -1.9683416e-01
 -3.4322243e-02
  3.9822243e-02
 -4.4416215e-02
  6.6412333e-03
  1.0005382e-01
 -3.9043963e-02
 -7.2614634e-03
  8.1596956e-02
  7.9586282e-02
  3.2583490e-02
  2.4075538e-02
  1.8577543e-01
  1.3320401e-02
  1.4611981e-02
 -2.1014012e-02
 -1.4467952e-01
  7.2626114e-02
  6.6176675e-02
 -3.6398493e-02
 -2.5827635e-02
  1.3881706e-01
  4.1649312e-02
  2.0465206e-01
 -8.1232458e-02
  1.6672011e-01
 -5.0705645e-02
  1.0838174e-01
  5.2893374e-02
  1.5149401e-02
 -4.8382662e-02
  1.1179149e-01
 -4.4348370e-02
 -7.9993844e-02
 -7.8537591e-02
 -4.8791584e-02
 -7.5089924e-02
 -4.2879645e-02
 -6.1098028e-02
 -4.8194800e-02
  1.4030844e-02
  1.5336780e-01
  4.3833494e-02
 -9.7863944e-03
  5.2446630e-02
  9.5569551e-02
  4.0227398e-02
 -5.0994616e-02
  5.0478391e-02
 -6.3173078e-02
  1.0055474e-01
  7.3238142e-02
 -8.8254198e-02
  6.2723435e-02
 -9.0210242e-03
 -8.5633449e-02
  2.0635033e-02
  5.6553498e-02
  1.8331861e-02
  8.2055099e-02
  1.4643159e-02
 -1.1378079e-02
 -8.6890034e-02
  1.3547653e-02
  1.3907559e-01
 -7.0900343e-02
  1.4729895e-01
 -5.2265685e-02
  3.0574279e-02
 -1.7687403e-01
  1.1072462e-01
 -1.3590232e-01
 -1.5664282e-01
  1.4984120e-01
 -1.1667578e-03
 -6.9961771e-02
 -5.8871796e-03
 -8.5583981e-03
  3.9404970e-02
  1.4607431e-01
 -3.2593492e-02
  7.5981960e-02
 -1.1574242e-01
 -4.0544607e-02
  4.0676251e-02
 -4.8138056e-02
  1.2099472e-02
  1.9906633e-02
  5.6048796e-02
 -1.2690133e-01
  1.3185580e-02
  2.8205645e-01
 -3.5859579e-03
  1.0405202e-02
 -4.9395684e-02
 -3.7959680e-02
 -2.1770868e-02
  6.7326821e-02
  1.7385507e-02
  6.9965303e-02
  5.5999577e-02
  1.0136734e-02
  1.2823859e-01
 -2.3170721e-02
  9.8033711e-02
 -2.3997503e-03
  3.2352019e-02
  1.0866950e-01
 -2.7029688e-02
 -6.4214215e-02
 -1.2350663e-01
 -5.5025537e-02
  6.0561568e-02
  1.1993413e-01
  1.3188713e-02
 -8.0892585e-02
  3.5941478e-02
 -2.8642271e-02
  9.0712562e-02
  5.3347714e-02
  3.8575802e-02
  1.2754197e-01
  5.5037927e-02
 -2.9104833e-02
 -7.0237808e-02
 -8.1133060e-03
  1.5159346e-01
  1.3985762e-02
  1.2645443e-01
 -2.3623119e-01
  5.2207012e-02
 -2.6254760e-02
  1.5601128e-01
 -2.7376711e-02
  1.4637572e-01
 -6.5283352e-03
 -8.3227910e-02
 -6.8339974e-02
 -9.1330171e-02
  1.2549429e-01
  7.0067093e-02
 -5.5752732e-02
  1.9443812e-02
  6.8777494e-02
 -2.0559609e-02
 -2.2215214e-01
  1.7326079e-02
  3.9630584e-02
  7.7684961e-02
  1.9059509e-02
 -6.1051007e-02
  5.5601906e-02
  1.8452123e-02
  1.1948748e-01
  2.0439904e-02
  1.1891030e-01
 -4.5316767e-02
  1.1233366e-01
  1.2642795e-01
 -1.6558720e-01
 -9.2035577e-02
  8.8747583e-02
 -1.0154398e-01
  5.4794677e-02
 -3.9008323e-02
 -1.8498901e-03
  1.5379009e-01
  1.9019789e-01
 -2.8130126e-01
 -2.9686931e-01
 -4.1770527e-01
  1.2655039e-01
 -8.9692098e-01
  3.4148041e-02
  1.0855618e-02
  2.1844260e-01
 -3.3846697e-01
 -2.6626982e-02
  6.0835902e-02
 -1.7375387e-03
  1.0774462e-01
 -2.0393237e-02
  7.3288856e-03
 -1.6777645e-01
  7.6380616e-01
 -3.2412130e-02
 -3.9733484e-02
  4.3695467e-03
  8.2825489e-02
  4.6883157e-01
  8.9614093e-03
  7.4638611e-01
 -8.9575991e-02
 -8.4484510e-02
  2.2737034e-01
  1.6512334e-02
  3.2112017e-01
  5.8075523e-01
  8.0135727e-01
 -3.4226160e-02
  1.9800656e-01
  1.3770951e-01
 -8.2091391e-03
 -8.0445871e-02
 -1.6111010e-01
 -4.3583937e-02
 -6.8101034e-02
  6.7217894e-02
  1.2756915e-01
 -1.1406536e-01
  5.9291612e-02
  2.8717664e-01
 -8.2162485e-02
 -2.2076152e-02
 -1.8165773e-01
 -6.1169967e-02
 -5.8204979e-01
  8.9048836e-03
 -7.7458918e-02
 -2.1993211e-01
  1.2727715e-01
  6.9320151e-03
  1.8988615e-02
  4.1175196e-03
  1.1798261e-01
 -1.9322781e-02
  3.4159184e-02
  3.5820967e-01
 -6.5168507e-02
  2.9932637e-02
 -3.5482813e-02
 -1.7307630e-01
 -2.2699598e-03
  2.6417779e-02
  5.0903864e-02
 -9.6420705e-02
  3.0812858e-02
  1.5720987e-01
  1.3732694e+00
  1.2384551e+00
  1.4666617e-02
  2.4494357e-01
  8.3056770e-02
  2.0458369e-02
 -3.4492987e-01
  3.4823198e-02
 -1.9052422e-01
 -2.0960564e-02
 -3.3185370e-02
 -1.7112325e-01
 -7.0923582e-02
  5.2140456e-02
  2.6570495e-02
  9.0507634e-02
  2.3325665e-02
 -1.3876086e-02
  1.1709364e-01
 -3.6941329e-01
  1.0907354e-02
  1.5607592e-02
 -7.7931002e-02
 -3.1347883e-01
  1.1418166e-01
 -5.6345545e-02
 -1.1817916e-01
 -8.4130764e-03
 -2.7114043e-03
 -3.6613792e-02
 -6.0205463e-02
  5.8770013e-01
  3.3711941e+00
  8.9022720e-01
  7.6418096e-01
 -2.8641453e-01
 -2.3714848e-02
  2.2711128e-02
  2.2766024e-01
 -2.3467095e-01
  4.4969689e-02
  1.4471829e-01
 -1.1434122e-01
  3.1526476e-01
  1.0094515e+00
 -6.5960325e-02
  9.8270616e-03
  6.3920522e-01
  2.4441639e-01
 -1.2388451e+00
  3.2984808e-01
 -9.8268606e-02
  8.4690583e-01
 -8.3427310e-02
 -2.0893192e-01
  6.6195562e-02
  7.6360983e-01
 -6.1317044e-01
 -2.8009480e-01
  3.2958961e-01
 -6.1637628e-01
 -5.5339271e-01
  1.3856381e-01
  1.8332063e+00
  6.9343196e-03
 -1.1963200e-01
 -1.0428732e-01
  2.3454686e-03
  3.9215259e-02
  5.3999805e-01
  4.9990524e-02
  9.7491676e-03
  7.5788394e-02
  4.0821210e-01
 -1.6861731e-01
 -2.9199034e-01
 -4.2843472e-02
  1.2387432e-01
 -1.7302221e-01
  2.2397953e-01
  1.1822418e-01
  4.6379867e-01
 -3.0084297e-02
 -1.9581059e-01
  4.6592530e-02
 -1.3130295e+00
 -6.4157896e-02
  8.1933010e-01
  2.5117982e-02
 -2.5764875e+00
  1.3633367e+00
  6.8033886e-01
  8.3784267e-02
  3.5070762e-01
 -8.4256120e-02
 -4.6920636e-01
  1.7324919e-02
 -2.2299702e-01
 -2.3374060e-01
  7.6357424e-01
  6.7614120e-01
  1.3397125e+00
 -9.9477971e-01
 -6.1098444e-01
  3.8576493e-01
  4.3601278e-02
  1.8652233e-01
 -1.6983553e+00
 -6.2698138e-01
 -2.0045378e+00
 -3.5759515e-01
  1.0283865e+00
  1.1208002e-01
 -2.8945584e-02
  4.4114962e-03
  6.4227784e-01
  1.6063832e+00
  5.9268186e-03
  1.2516210e+00
 -2.7972093e-02
  1.1591090e-01
  1.3377034e-02
 -5.7297930e-02
  1.2043855e-01
  1.8873857e-02
  5.9111404e-01
  2.0930089e-01
 -1.2284867e-01
  5.9494782e-02
 -8.4851626e-03
 -1.9290383e-01
  7.5176798e-02
  4.9584523e-02
  8.6476767e-01
  6.2333994e-02
  1.0022756e-01
 -3.7075281e-02
  6.7438912e-01
  1.0467807e+00
  4.1180387e-02
  1.1491023e-01
  2.0635135e-01
  2.0929711e+00
 -3.8325138e-02
 -2.0994123e-02
  4.5948663e-01
 -2.1182175e+00
 -1.6590499e+00
  1.1523027e-01
  9.6016079e-02
 -1.6191552e+00
 -6.3382852e-01
 -9.0511087e-03
  1.2303660e-01
  5.1684093e-01
  1.4136331e-01
  1.3723041e+00
  2.2292120e+00
 -3.5622320e-01
  1.3580810e-01
 -3.5844433e-01
  1.4107963e+00
  2.4403600e-01
 -1.7773662e+00
  3.1661543e-01
 -8.0415376e-02
 -1.7785276e+00
 -1.3665456e-01
  5.3031605e-01
  5.0566906e-01
  1.3085310e-01
  2.8077102e-01
 -2.4459834e-01
 -1.1295582e+00
  3.7190053e-01
  1.8976249e-01
  2.3008960e-01
  2.6057833e-01
  4.5857373e-01
 -5.5903394e-02
  6.0071528e-02
 -5.7516778e-01
 -3.3558078e-02
 -2.9171014e-01
 -1.9807078e-01
 -1.0336831e+00
  8.0889761e-01
 -2.5223374e-02
  3.6644781e-01
 -8.2347608e-01
  1.6214091e+00
  9.5230669e-02
  2.5488392e-01
 -8.5760570e-01
 -1.5172107e+00
 -2.8207237e-02
 -5.1967680e-02
  1.7270690e+00
 -4.5924228e-01
  2.0061132e-01
  5.5975121e-01
 -8.6997372e-01
  2.3563100e-01
  6.0742891e-01
  2.7695438e-01
 -1.9744809e-01
 -5.1996928e-01
  1.2685576e-01
 -5.3193754e-01
 -2.3780730e-01
  1.3977216e+00
 -4.7052861e-03
 -2.4691990e-01
 -1.6479006e+00
  6.4042848e-01
  1.0203938e+00
 -1.0366696e+00
  3.4835014e-01
 -4.6346942e-01
  4.4838957e-02
 -5.5976260e-01
  9.3887109e-01
  1.5907495e-01
 -1.3913419e+00
  7.0779197e-02
  1.1917129e+00
 -5.5515613e-02
 -1.7480749e-01
  4.4374222e-01
 -1.2270916e-01
 -6.0919422e-01
  2.0524237e+00
  2.8164604e-01
 -1.1622311e-02
  7.8646829e-03
  8.4634468e-02
 -7.2992541e-02
  1.1245617e-01
 -5.5764429e-02
  7.2706419e-01
  1.5599106e-01
  5.7870962e-02
 -8.8970977e-01
 -7.4144071e-01
  3.2764610e-02
 -1.0790215e-01
 -2.4674812e-02
 -3.7222403e-01
  1.9451837e-01
  1.4750494e-01
  4.5701304e-01
  2.9799277e-01
 -3.6541864e-02
 -2.1531375e-02
  1.5141972e-02
  5.6978631e-01
  6.6135868e-02
 -1.1928728e-01
 -3.4024733e-01
 -4.0302467e-01
 -1.6730611e-01
 -5.2924952e-03
  2.4343453e-02
 -8.9647651e-02
  9.9017069e-02
  1.1928481e-01
 -1.2421180e-01
  1.0364985e+00
 -1.9079153e-01
 -1.4293060e-01
  3.1169647e-02
  3.8554573e-01
 -1.2022655e-01
 -1.4466715e-01
 -1.3067591e-01
  1.2625228e+00
  2.9309008e-02
 -5.3474031e-02
 -2.2546047e-01
  5.5801934e-01
 -7.0895135e-02
 -1.1635261e-01
  1.7371997e-02
  2.1534392e-01
  2.9679859e-01
  3.6389923e-03
  1.8227054e-01
 -1.4522435e-01
 -5.1250714e-01
  7.9274774e-02
 -4.8089275e-01
 -8.1107542e-02
 -1.4500159e-01
 -2.2349349e-01
  5.1216948e-01
  1.7037454e+00
 -9.6198857e-02
 -9.3598753e-02
  1.1871699e+00
 -5.9903119e-02
 -2.5434792e-03
 -2.4896665e-01
 -1.1250468e-02
 -9.1112405e-02
 -1.4110665e-01
  3.9951619e-02
  3.4532422e-01
  6.0178053e-01
 -2.5015983e-01
 -2.7852270e-01
  7.4776107e-01
  4.3411431e-01
  1.8958163e-02
  3.2089837e-02
 -3.7142837e-01
 -7.3894866e-02
 -1.7063546e-01
  1.5165815e-01
 -1.1645258e-01
 -2.1946281e-02
 -9.1592915e-02
  9.5139191e-02
 -1.0157464e+00
  1.7812395e-01
 -1.0863143e-01
 -1.5189072e-01
  6.5961963e-01
  3.7536360e-02
 -4.6783227e-02
 -4.3835794e-03
 -6.5029943e-01
 -2.3741125e-01
  1.1439245e-01
  3.7632678e-03
 -5.3477563e-02
  6.2288214e-02
  6.3322134e-02
  8.0947332e-02
 -3.2617363e-01
 -1.4147393e-01
  8.1345327e-03
 -1.8838385e-02
 -3.2026336e-01
 -7.2508599e-05
  4.6338707e-02
 -8.7206550e-02
  1.4402980e-02
 -5.2295588e-02
 -7.2861267e-06
 -1.5642453e-03
  1.0357662e-01
  1.6648496e-03
 -3.9425809e-02
  7.4065119e-02
 -3.5979822e-02
 -1.2014554e-01
 -1.0377453e-03
 -2.3209474e-03
 -1.1551488e-01
 -3.0999305e-02
  2.8152889e-02
 -4.6885382e-02
  1.0933729e-01
  3.0118147e-02
 -3.8946435e-02
 -1.7977254e-02
 -5.7200335e-02
 -8.5214324e-02
 -6.5747839e-03
  7.7830695e-02
  7.0676035e-01
  3.6204558e-02
  1.2684489e-02
 -3.5382046e-03
  1.4345380e-02
 -1.1623845e-01
  6.0290932e-03
  1.2363151e-03
  4.3661140e-02
 -6.3861301e-03
 -5.3500455e-02
 -1.9380042e-02
 -6.0345697e-01
  2.0087384e-02
  1.9973484e-01
 -7.0032435e-03
  6.0527712e-01
 -7.8234732e-02
 -3.9765604e-02
 -7.9621844e-02
 -6.9055670e-01
 -1.0831480e-01
 -9.1343641e-02
 -7.4964218e-02
  3.8435128e-01
 -1.0581747e-01
 -4.8330069e-02
  2.3336170e-02
 -9.8428531e-03
 -6.7416437e-02
  1.5177935e-01
 -2.1508427e-01
  2.0814963e-01
 -6.6406243e-02
 -1.0646170e-01
 -3.4779467e-02
  2.1872198e-02
  9.0809487e-02
  1.5064842e-01
 -1.3428536e-01
 -2.3224622e-01
 -2.4524173e-02
 -9.8746060e-04
 -1.8806256e-02
  1.0428890e-01
 -8.8344067e-03
 -1.6463079e-02
 -7.5597800e-02
  2.4740461e-01
  1.3612951e-01
  9.3687847e-02
 -2.3174216e-03
 -1.5950507e-01
 -1.7779736e-01
 -1.9533601e-02
  2.1517108e-01
  2.1517108e-01
  2.1517108e-01
  2.1517108e-01
  2.1517108e-01
  2.1517108e-01
  2.1517108e-01
  6.0767341e+00
  6.0767341e+00
  6.0767341e+00
  6.0767341e+00
  6.0767341e+00
  6.0767341e+00
  6.0767341e+00
  3.0845664e+00
  3.0845664e+00
  3.0845664e+00
  3.0845664e+00
  3.0845664e+00
  3.0845664e+00
  3.0845664e+00
  1.2707429e+00
  1.2707429e+00
  1.2707429e+00
  1.2707429e+00
  1.2707429e+00
  1.2707429e+00
  1.2707429e+00
  3.9686659e-01
  3.9686659e-01
  3.9686659e-01
  3.9686659e-01
  3.9686659e-01
  3.9686659e-01
  3.9686659e-01
  2.4156071e+01
  2.4156071e+01
  2.4156071e+01
  2.4156071e+01
  2.4156071e+01
  2.4156071e+01
  2.4156071e+01
