nep3 1 Si 
cutoff 5 5 53 53
n_max 10 10
basis_size 10 10
l_max 4 2 1
ANN 50 0
  1.8507870e-05
  5.3012527e-06
 -1.4906464e-05
 -2.4286253e-05
 -2.0675630e-05
  9.2848259e-06
 -1.4815014e-05
  3.4763951e-05
 -1.1914214e-05
  2.2065145e-05
  7.7205681e-05
 -4.2092277e-05
 -2.4251705e-05
  1.2108389e-05
  5.1207582e-05
  3.0134141e-04
 -1.9987789e-05
 -2.5374264e-05
 -2.8309344e-06
  2.1030291e-05
  2.0481571e-05
 -4.9900777e-05
 -4.2008946e-06
 -2.3314147e-05
  5.4772654e-06
 -1.9968524e-05
  1.6171545e-05
  4.5820157e-06
  8.8488792e-05
 -3.9327275e-05
  1.3292029e-06
  2.5209472e-05
  4.6546734e-06
  4.2743039e-05
  4.0592913e-06
  2.0449041e-05
  1.3610932e-05
  1.5830990e-05
  8.1156668e-06
 -1.7655542e-05
 -2.3464432e-05
 -5.4098518e-06
 -5.6885739e-07
 -1.2933760e-06
 -1.7298312e-06
  3.9170052e-05
 -3.0042707e-05
 -1.3949663e-05
  2.4681972e-06
 -1.2970779e-05
 -7.7838877e-06
 -4.6047360e-05
  1.4984038e-05
  2.3994860e-05
  3.0895153e-05
 -4.6990859e-05
  3.6573947e-05
 -3.3300844e-01
  1.4555921e-05
 -3.8505623e-06
 -1.3064464e-06
  2.3770415e-05
  2.7989730e-04
 -9.1138128e-05
 -1.7403449e-06
  1.0891185e-04
  2.6823448e-06
 -7.1118106e-05
  5.2729927e-05
  5.4344709e-06
  3.2081634e-06
  8.8127817e-06
  2.2933589e-05
 -5.0064483e-07
 -8.1077160e-05
  2.2617403e-05
  2.0937885e-05
  2.5572903e-03
 -1.8792138e-01
 -2.8564915e-01
 -3.6770586e-04
 -6.0093015e-02
  3.1231066e-05
  2.2098261e-01
  5.0196679e-05
 -2.8305070e-05
  1.3102365e+00
 -4.7602348e-06
 -3.4534310e-06
 -5.0600932e-04
 -4.5398781e-05
  3.7665508e-05
 -5.8972186e-05
 -7.1228928e-06
 -2.0466894e-05
  1.6577473e-05
 -4.7273279e-05
 -4.1725710e-07
  1.8436755e-05
 -5.2936623e-05
 -3.2601511e-05
 -3.6342386e-02
 -3.6206772e-04
  3.3162294e-05
 -5.7825546e-06
 -2.6377803e-04
  1.1143172e-04
 -4.4448520e-06
 -1.3818905e-03
  4.5723926e-05
  2.1720003e-05
  2.5763612e-03
 -3.6917221e-02
  1.1493982e-03
  1.3892882e-04
  3.4114407e-04
  2.3871899e-05
 -4.1727712e-05
 -8.9576170e-05
  3.2255873e-03
 -4.4514695e-01
  5.9892969e-05
 -8.2285488e-01
 -2.2819720e-06
 -2.7945012e-01
 -1.1662751e-05
  8.3414780e-05
  2.4534127e-04
  7.2406670e-05
  5.0852195e-06
  1.5272915e+00
 -1.7245125e-05
 -4.0758121e-05
  9.5258747e-06
 -1.7391149e-05
  1.5526190e-05
  3.4271241e-05
 -4.9874703e-05
  1.1751431e-05
  9.4669167e-06
  4.7089766e-06
  4.6022080e-05
 -2.6605650e-05
 -5.3120701e-05
  4.3888504e-06
 -3.2341959e-05
  3.0062416e-05
  3.7983275e-05
  7.8137593e-05
  2.0017422e-05
 -3.4472567e-05
 -2.9611538e-05
 -4.7683898e-06
 -6.5386203e-06
  5.7316673e-05
  6.5391314e-06
 -5.9128577e-01
 -1.5289079e-05
 -6.4043766e-01
  1.4513016e-05
  4.7708927e-05
  2.7911166e-05
  1.1477793e-04
 -4.1513765e-01
 -3.4501377e-02
 -5.4482596e-05
  2.6445223e-02
  2.2228993e-05
  1.1032401e-04
 -7.5914375e-03
 -1.5569583e-04
 -3.5551038e-05
 -7.6401513e-05
  6.8357858e-06
 -1.4509688e-04
 -1.2843885e-02
  2.7266233e-05
  3.0557701e-05
  1.1181136e-02
  1.4575644e-01
  2.5472693e-05
 -5.8596594e-05
  3.9903964e-05
  2.1314627e-05
 -3.1876372e-04
  3.6176223e-02
  4.4846172e-05
 -1.3816186e-05
 -9.3835740e-07
  1.7585974e-04
  1.7974480e-05
  4.4247434e-02
 -1.6837515e-05
  2.6719381e-05
  1.6559833e-06
 -4.4379258e-06
  1.6182357e-02
  2.5230249e-02
  1.2209461e-05
 -1.0281690e-01
  3.7086968e-06
 -2.7873581e-02
 -4.4607106e-01
  1.8336411e-04
  1.2982678e-05
  6.1034919e-03
 -4.2926054e-06
 -3.9707819e-01
 -1.4329638e-05
  8.7012246e-05
 -3.5792258e-05
 -1.6630687e-04
  1.3920512e-05
  3.4527877e-06
  8.8773049e-06
  1.0631337e-05
 -1.7954897e-05
 -5.5786779e-05
 -2.2921487e-05
 -4.1446528e-05
 -1.6343880e-05
  4.0679821e-05
 -3.5016106e-05
 -8.4916406e-05
  4.6984776e-05
  7.8415826e-07
 -1.1040309e-05
 -1.4769339e-05
 -2.5894435e-05
 -2.5903206e-05
  1.9310351e-05
  4.3677588e-05
  1.4285723e-05
  5.4588245e-06
 -1.8689962e-05
 -1.8984776e-06
 -1.0266202e-05
 -3.5788812e-06
 -3.4724651e-06
  2.7537797e-05
  4.0815044e-05
  1.1724921e-05
  1.5960328e-05
  2.0794101e-05
 -5.9633976e-06
  1.6262156e-05
 -7.9023615e-05
 -1.1033102e-05
 -1.3895656e-05
 -3.4996232e-05
  3.3015629e-05
 -4.5890545e-05
  1.1991044e-04
 -4.5660854e-05
 -5.6679914e-05
 -1.4148915e-06
 -5.7146190e-06
  3.1099331e-05
 -1.7721014e-06
  5.5047538e-05
  5.3971613e-05
 -8.9812002e-06
  3.3619857e-05
  2.4604537e-05
 -4.8514721e-06
  1.8921612e-05
  1.4416479e-06
 -3.0498430e-05
  2.4785109e-05
 -2.3625260e-05
 -1.4808863e-05
 -3.3027798e-05
  4.4135188e-05
 -5.4425072e-06
  5.9118414e-05
 -3.8997041e-07
  4.6025911e-05
 -2.8658731e-05
  3.2403291e-06
 -1.9661700e-05
 -1.3522116e-05
 -1.6467897e-05
 -7.9943720e-06
 -4.3073553e-05
 -9.8045962e-07
 -2.0546035e-05
  1.1009769e-05
 -7.3596886e-05
 -1.9826417e-05
  4.6398518e-06
 -8.5622756e-05
 -7.2471987e-05
  1.4439944e-05
 -3.4898228e-05
  6.6927743e-05
 -5.0580220e-05
 -5.2397058e-06
 -9.0003141e-06
 -4.0152686e-06
  1.1144194e-05
 -4.5484285e-05
 -2.5933659e-06
 -1.4452150e-05
  1.5986598e-07
  9.5628464e-05
  6.8740553e-07
 -6.3091902e-06
 -7.2190405e-06
  2.5254849e-02
 -5.6680614e-01
  5.4262990e-01
 -2.6151523e-01
 -9.5259207e-01
  1.4643252e-01
  1.5109991e+00
 -3.3056504e-06
 -4.6772176e-01
 -2.5502460e-02
 -2.9911121e-02
 -9.7714536e-02
 -1.0618577e-04
 -1.0120556e+00
 -1.1504537e-01
 -4.3939391e-01
 -1.4111559e-01
 -3.8150066e-04
  2.0815878e-01
  1.0687510e-04
 -5.5498070e-01
 -9.2629206e-01
  3.0351456e-02
 -8.3289966e-02
 -1.6950497e-01
  9.0028709e-01
 -2.7088687e-01
  8.4094208e-06
 -1.6470209e-05
  4.5283118e-01
  2.7907589e-02
  2.2115822e-01
  4.2219052e-01
 -1.5675947e-04
 -6.6194713e-01
 -1.7806171e-02
  2.4860284e-01
  6.2782884e-01
 -1.1142427e+00
  1.3835074e-01
 -4.4287941e-01
 -2.3415853e-01
  1.1335146e+00
 -9.4401717e-02
 -1.1948270e-04
  1.4729312e-01
 -2.7665922e-01
  3.3225890e-02
 -3.3336100e-01
  1.6583655e-05
  9.4149364e-06
  2.7368236e-05
  1.1864784e-01
 -9.5833308e-01
 -8.3666295e-02
 -2.6203412e-05
 -1.0371376e-03
  7.9376750e-02
  4.3700828e-05
  1.0241866e-05
 -1.5932576e-01
  3.2908152e-05
  4.7290444e-01
 -2.7986016e-05
 -2.3522809e-05
 -1.9853638e-05
 -1.0949355e-05
  1.1009028e-05
 -5.6841800e-05
  5.4244563e-05
 -1.4410698e-01
  6.2202010e-02
 -8.3071509e-06
 -2.0566089e-05
  9.6308286e-06
 -5.3984767e-01
 -1.0191815e-01
  2.3190132e-05
  1.0522373e-05
  1.2926178e-04
 -2.4777040e-05
  1.0964647e-05
 -1.9896073e-05
 -9.0709676e-05
  1.7022301e-04
  6.9020949e-05
  2.3414335e-05
  2.5164392e-05
 -3.7692553e-06
 -3.3861186e-05
 -1.1794549e-05
 -5.7660869e-05
 -4.6013934e-05
 -1.5946151e-05
  2.2336699e-06
 -6.0275372e-05
  3.0785126e-05
  1.9759727e-06
  3.7367668e-06
 -7.4756383e-07
  1.3280428e-05
  4.0956631e-05
  1.1320218e-06
  2.2183765e-05
  9.0258727e-06
 -2.1241716e-05
  1.4577312e-05
 -1.2376760e-05
 -2.8891675e-06
  1.1469017e-05
 -3.6901565e-05
  1.6131537e-05
 -2.3858023e-05
  1.0458239e-05
 -1.1949560e-05
  1.1348631e-06
  5.9987547e-06
 -4.6608602e-06
  2.7602837e-05
  5.1942707e-06
  9.9836179e-05
  5.5587457e-06
  2.4585108e-05
 -2.1744299e-05
  6.4647946e-05
 -3.7596077e-05
  1.4678764e-05
  1.8697798e-05
  4.9798386e-05
  6.0119028e-06
  8.5508727e-05
  2.3557406e-05
 -9.0018904e-05
 -2.7605773e-05
  3.8917608e-07
  6.3488397e-07
  6.0993774e-05
  1.9532197e-06
  3.1885040e-05
  3.0684373e-06
 -5.9880695e-06
  6.0841849e-06
  9.5858384e-05
  9.3893887e-06
  2.5003621e-05
 -4.5904057e-05
 -1.8716745e-06
  1.4369948e-05
  6.5290674e-06
 -1.2001596e-05
  1.0656760e-05
 -1.6213658e-05
 -4.8681027e-06
  9.2348437e-06
  1.4783438e-01
  3.0653402e-01
  4.6419948e-01
  9.5799427e-05
  2.3113063e-01
 -1.2109961e-04
 -5.3220743e-01
  2.6635656e-05
 -1.7022105e-02
 -1.9666091e-01
 -4.6899784e-01
 -2.2578621e-05
 -3.8026577e-05
  1.5772961e-05
 -2.9944926e-05
  2.4376991e-04
  3.6513935e-05
  2.8013184e-05
 -9.3046017e-03
  1.2113544e-04
  6.9380530e-06
 -2.1272054e-04
  3.3326862e-05
  2.8045191e-05
  1.4819069e-02
 -1.3395485e-04
  3.0627554e-05
  2.5806474e-04
 -1.2894560e-05
 -1.6370487e-01
  2.0660620e-04
  4.5217961e-04
  2.4292887e-05
  5.6668050e-05
 -2.7415881e-04
  5.2503210e-01
  6.8848222e-02
  1.7582297e-06
  4.3310339e-07
  8.9009263e-05
 -3.2188010e-04
  1.3903908e-02
  2.9290965e-01
  9.7749454e-01
 -1.8241608e-01
  8.3418764e-02
 -2.7030836e-05
 -7.9013205e-01
 -2.1009315e-05
 -1.0949184e+00
 -1.7541267e-02
  3.5037458e-06
 -4.1125709e-01
 -1.6313367e-01
 -2.9385183e-04
 -1.0564295e-05
 -1.0064652e-04
 -3.8504531e-06
 -3.5031564e-05
 -9.9111039e-06
  5.8548711e-02
 -1.2749736e-04
 -9.9811485e-05
  7.1298084e-05
 -4.0621882e-05
 -3.9960472e-05
 -2.7019109e-05
  1.4953482e-05
 -3.8540279e-06
 -1.1158983e-04
  2.6266454e-05
 -3.8024140e-05
 -5.4944390e-05
  1.0908088e-06
  9.4810584e-06
 -6.7902274e-06
  2.1721973e-05
  1.1339800e-03
 -3.2375118e-01
  4.3421665e-01
 -1.4429079e-06
  2.3130749e-01
  9.7156735e-05
  1.4037020e-05
  3.7972051e-05
 -1.9250000e-04
  1.4975157e-02
  3.1270836e-02
  1.6145535e-05
 -1.2481398e-02
  3.1441116e-06
 -3.6802005e-02
 -5.3858821e-06
  1.6843417e-04
 -4.8219699e-06
 -1.8743644e-05
 -6.6731516e-03
 -4.9403796e-05
 -8.2037259e-05
 -8.1716113e-05
 -4.5060231e-05
 -1.2584198e-03
 -2.8766993e-02
  2.3516354e-06
 -4.3934673e-07
 -1.2613845e-05
 -7.2281505e-06
  1.1713636e-04
 -3.1414915e-02
  3.5925623e-05
  1.1269513e-03
 -8.8580556e-02
 -1.5648176e-05
 -1.2197661e-05
 -8.0116220e-02
  1.3740732e-04
 -6.3407148e-05
 -8.7231811e-06
 -3.7394377e-05
 -7.3808074e-02
 -4.2976569e-02
  3.4684388e-05
  7.5527638e-02
 -1.0894148e-04
  5.1125001e-02
  2.1723934e-01
  7.3392321e-06
 -1.0924216e-05
 -8.8857091e-04
  5.8440384e-07
  3.4368032e-01
  3.8913994e-03
 -8.4643116e-06
 -1.8040275e-05
 -6.6415905e-06
 -2.7297318e-04
 -1.9708763e-05
 -4.1448493e-06
 -7.0577021e-06
  7.2933435e-05
  8.0005564e-05
  1.4431900e-04
  1.2234233e-03
  5.0266335e-05
  5.2934738e-05
 -3.1173393e-05
  9.6542963e-06
 -8.2813021e-05
  9.2617402e-06
  4.8036864e-06
  4.8897459e-07
  1.1513865e-04
 -4.4060031e-05
 -4.3321281e-05
  2.9756514e-02
  3.8375092e-01
 -2.5350183e-02
  3.5267809e-01
 -1.2344514e+00
 -2.2609832e+00
 -5.3789794e-01
 -5.3733841e-02
 -6.2528187e-01
 -4.4349808e-01
  7.5546634e-01
 -8.4771324e-05
 -1.6454507e-05
 -5.8012325e-01
  7.1838307e-01
 -7.1079195e-01
  6.5977418e-01
 -7.9345155e-01
  1.4501140e-01
 -2.8974950e-01
  8.1671274e-01
 -3.4032330e-01
 -1.1846672e-02
  1.3114928e-01
 -1.1207850e+00
 -8.3552349e-01
 -3.1079763e-01
  1.8323772e-04
 -2.4404429e-05
 -1.7646673e-01
 -1.4826421e-01
  5.3284589e-02
  6.2298793e-03
  1.8281037e-02
 -1.3189460e+00
 -5.1399744e-01
 -7.2541511e-01
 -1.4119096e+00
  1.2002902e-02
  6.8465579e-01
 -4.1392115e-01
 -2.0057213e-02
 -1.1378627e+00
  2.3094536e-01
 -1.7866504e-01
  6.6282773e-01
 -6.7545438e-01
 -2.0960074e-02
 -1.0561661e+00
  1.0315957e-01
 -6.1532621e-05
  4.5781249e-01
 -1.1345787e-02
 -3.3449718e-01
  3.0343160e-01
 -5.5064052e-01
  2.7526718e-01
  6.3322937e-01
 -3.8993773e-01
 -4.3358368e-01
 -5.1979325e-03
  2.0594433e-01
  6.9276939e-05
 -8.7350287e-02
  3.7034652e-01
  2.3059298e-03
  3.8298094e-06
 -7.7267505e-06
 -6.0873790e-05
  1.3743020e-05
 -7.9552400e-01
  1.1844770e-04
  8.1791164e-05
  4.8671391e-05
  2.9170836e-04
 -1.9716546e-01
 -1.0721946e-04
  2.1572299e-05
 -3.0019809e-02
  1.2934006e+00
  5.5563301e-05
  2.8888205e-01
  1.0118997e-04
  1.2155944e-01
 -3.9259512e-06
  1.5800335e-05
  1.5872702e-01
  1.0087726e-02
 -2.1752207e-04
  2.1602817e-04
 -9.1977841e-01
 -4.3644282e-05
 -1.0313713e-01
  7.0149831e-02
 -6.3833126e-05
 -1.1907036e-05
  9.5868621e-05
 -1.8357736e-03
 -6.3918638e-01
  1.0214524e-05
 -3.4487931e-04
 -6.9067919e-01
  1.7105315e-03
 -6.7896336e-01
 -3.2545528e-03
 -4.5802608e-05
 -2.8672004e-02
 -2.3755653e-01
  7.9983807e-01
 -6.4849246e-01
 -6.0313641e-06
 -2.0488952e-01
 -1.3593775e+00
  6.8831338e-05
  1.9369854e-01
 -4.1234740e-05
  2.3277935e-05
 -9.5526785e-02
 -2.7979340e-04
  9.2219785e-02
 -1.4308631e-02
  2.2687079e-06
 -1.9590798e-05
 -4.5811245e-03
  7.5883756e-05
  4.5218225e-05
 -5.8297701e-05
 -9.8179453e-06
 -1.5419266e-02
 -5.2182215e-05
  1.5374942e-03
 -2.0807518e-05
 -3.0937692e-05
  1.6436270e-05
  9.6702379e-01
 -1.3720401e-05
  1.3477834e-04
  3.7988325e-06
 -8.8590692e-05
  3.4018599e-06
  2.8446570e-04
  6.4082094e-02
  3.6312185e-06
 -5.3616142e-05
 -4.4587840e-05
 -7.1190372e-03
 -1.1028094e-04
 -4.6807229e-05
  3.3420311e-05
 -1.5952197e-05
 -2.1517351e-05
 -8.5730780e-06
  2.0784006e-05
  1.1117627e-05
  1.6883170e-04
  1.2458231e+00
 -1.2365320e+00
 -5.3472645e-03
  6.6016501e-01
  2.2710633e-01
 -6.6870308e-01
 -4.7620566e-04
  3.0177338e-02
 -4.4446260e-02
  1.4008884e-04
 -2.7700710e-01
  8.6910797e-05
 -3.9081392e-01
 -8.5960180e-01
  6.6360790e-01
  3.1878638e-01
 -6.6433035e-02
 -1.9780761e-03
 -3.4539062e-01
 -3.6045441e-01
 -3.6241534e-05
 -1.4399947e-02
  7.9943677e-03
 -3.4948912e-02
 -2.4889372e-02
  1.9111844e-04
 -3.8631663e-01
  1.8326173e-05
  2.8217228e-03
 -8.1554574e-01
  5.8400532e-04
  5.4716587e-04
  1.7079987e-01
 -1.0846719e-02
  4.7252746e-03
  1.8768368e+00
  8.3747208e-02
  1.5648315e-05
  5.1768560e-02
  2.5828395e-02
  2.4899867e-01
  3.9341792e-02
  1.6852789e+00
  4.2824366e-04
  1.4507467e+00
  6.4677324e-06
  1.7251845e-01
 -4.6183151e-01
  2.4730580e-01
 -2.5080919e-05
 -1.6247070e-01
  4.1264623e-01
  1.1273466e-01
 -6.4958739e-01
 -4.1387386e-05
  1.4119673e-06
  6.0045412e-03
 -8.6731336e-05
 -4.3591280e-02
  2.6651236e-05
  1.3433868e-05
 -2.9948607e-05
 -5.4153326e-05
 -3.5705860e-05
  7.9286164e-01
 -5.1660441e-05
 -1.1912292e-04
 -1.8853131e-04
  1.0541613e-05
 -6.3673207e-05
 -5.8192627e-06
 -7.2405987e-06
  4.0464416e-05
 -2.8991786e-05
 -4.0773358e-04
  1.2864562e-04
  9.8847404e-06
 -6.4028545e-06
  1.4462097e+00
 -3.6726284e-05
 -2.2722114e-07
 -8.1105420e-05
  1.7473087e-04
  1.3138648e-04
  4.3011067e-05
  3.3148221e-04
 -1.5494374e-05
 -1.0017279e-05
 -1.0959230e-01
 -1.1731029e-06
  2.5197593e-05
  8.9028354e-06
 -1.5941201e-05
  2.0790163e-05
  2.8655777e-05
 -1.3351981e-02
  3.3326629e-05
  5.6996207e-05
 -1.0020228e-04
 -6.5572240e-05
  4.1735126e-05
 -5.0386030e-02
 -2.6099980e-05
  1.5853441e-04
 -1.0414198e-05
  6.7240668e-05
  2.5772296e-02
 -2.4925230e-01
 -1.6619697e-05
  8.3510931e-05
  5.1600941e-06
  1.7153595e-06
  1.9842082e-04
  4.6638317e-05
 -1.4181175e-05
 -9.0449357e-05
 -8.2234597e-05
  1.6329066e-05
  4.5396486e-01
 -6.7387603e-02
 -3.8361250e-06
  5.2475207e-02
 -4.5813755e-05
  2.6420087e-02
  5.6585914e-01
  2.1720616e-06
  3.0220026e-05
  1.7111932e-05
 -1.6153228e-05
  1.8250015e-01
  8.0483709e-04
 -3.3339955e-05
 -1.2722153e-06
 -1.2663390e-05
  4.1922522e-05
 -7.2452072e-05
 -1.0266009e-05
  3.1085379e-05
  1.1557584e-05
 -5.9273974e-05
 -6.8622858e-06
  3.5616569e-05
  1.1797430e-05
 -1.6156935e-07
  6.0535393e-05
  1.5241847e-05
 -9.2729633e-06
  2.3798930e-05
  7.8716057e-06
  3.4031582e-06
 -6.1119579e-05
 -5.0237715e-05
  1.1639004e-05
  1.7124050e+00
 -7.9214826e-02
 -1.0851346e+00
 -1.3688348e-01
  1.1739730e+00
  2.4875967e-01
  1.3261695e-01
  8.5440251e-06
  1.0456455e-01
 -8.5273689e-01
  1.0033042e+00
  8.5854401e-05
 -7.1660644e-01
 -9.6071732e-01
 -7.4156057e-03
 -9.6293890e-01
 -5.9862464e-04
  4.1639933e-06
 -1.8093951e-05
  5.5244278e-02
  1.3533303e-01
 -7.9349853e-02
  9.1544473e-07
  8.9391133e-06
 -8.9488661e-01
 -5.1619565e-05
 -5.2864134e-01
 -3.6527166e-05
 -2.4325913e-03
  8.3038589e-04
 -1.9593465e-01
 -1.6399142e-01
 -1.3314881e+00
 -3.7975274e-02
 -1.1550901e+00
 -7.7547479e-01
 -5.8815219e-03
  2.4515261e-05
  2.4930045e-01
 -7.0381239e-02
 -9.9788889e-02
  1.5278895e-01
  5.7760132e-03
 -1.8579805e-01
 -2.1462187e-01
  5.5957335e-01
 -4.3256187e-01
  2.0720220e-01
  5.9348389e-05
 -1.6465427e+00
 -3.9884422e-02
 -1.5947299e-01
 -7.1151205e-04
  1.0976743e+00
  8.3905320e-07
 -7.6291853e-06
 -6.7985622e-04
  6.0698700e-01
  2.3729910e-05
 -1.6472228e-01
  7.2256364e-05
 -1.2229946e-05
 -3.4963095e-06
 -6.8314970e-01
 -3.2408726e-01
  3.9961553e-04
  1.2711686e-04
  5.2230418e-05
 -2.9495895e-05
 -2.7432900e-05
 -6.4654814e-05
  6.9298312e-02
  1.6891602e-06
  4.0791465e-06
  5.1443584e-02
  2.1429951e-03
  3.3253320e-05
  8.6288655e-06
  1.8832827e-05
 -7.5737621e-06
  3.2941833e-05
  2.1414893e-05
  6.0324860e-06
  1.4477020e-05
 -3.0820870e-06
 -1.2151586e-05
  1.0077554e-06
 -3.4325538e-05
  8.1926606e-05
 -5.7369751e-05
 -7.6482820e-06
 -3.2807988e-05
  3.1564785e-05
  1.1879086e-05
 -3.3445249e-05
  1.8185248e-05
 -7.7550074e-05
  9.0290287e-06
 -4.6731520e-07
 -6.0039929e-05
 -4.7230606e-05
  1.1464403e-05
  1.0196425e-05
 -2.8101929e-05
  3.4561501e-05
 -5.5728058e-05
  2.9147122e-05
  3.3009831e-06
  2.6521922e-05
  2.9674100e-05
  2.4701010e-05
 -2.4199038e-05
 -1.3695490e-05
 -1.4394629e-05
 -2.3798057e-06
  1.5623669e-05
  1.2087719e-05
 -8.3680670e-06
 -3.6297970e-05
  1.8708095e-05
  3.9368344e-05
 -5.3949618e-05
 -5.5142486e-05
 -2.5338168e-05
  2.8414725e-05
  1.6281912e-05
  4.3192809e-05
 -4.7066642e-05
 -5.1744155e-07
  6.6862027e-05
  1.1869312e-05
 -8.7594426e-06
  2.5513296e-05
 -2.5214687e-05
  3.8218845e-06
 -1.3806515e-05
  2.2007107e-05
  4.8953880e-06
 -8.2389079e-07
  9.9653143e-06
 -7.6111523e-06
 -7.0042843e-06
 -3.0157775e-05
  5.7513807e-07
 -3.1261974e-05
  1.5599098e-06
 -1.1970089e-05
 -2.3077624e-05
 -1.7743610e-05
 -5.6852488e-05
  8.3710001e-06
 -1.0302265e-05
 -7.7547938e-06
  6.1088889e-05
  2.8874874e-01
  2.4322994e+00
  3.8659997e+00
  1.1804001e+00
 -4.4678837e-02
  5.5031544e-03
  2.0977028e-01
  2.0068257e-01
  5.6634712e-01
 -3.9034929e+00
  5.7780075e-01
  6.4550426e-05
 -1.7308235e-01
 -4.2797136e-04
  5.8670629e-02
 -4.8540886e-02
 -4.6942182e-04
 -9.3363808e-04
 -2.0936495e-01
 -7.9236001e-02
  7.8968519e-01
 -2.4550030e-01
  4.0658171e-07
  3.2248117e-03
 -3.4651458e-01
  4.2810211e-01
  6.4723380e-04
 -1.9554080e-01
 -2.1603640e-02
  2.6729929e-01
 -3.4176272e-01
  3.1382525e-01
 -4.0638126e-02
  6.1225750e-05
  1.1799794e+00
 -8.6653233e-01
  1.1537296e-01
 -8.4459114e-01
  1.5800425e-03
  1.7156136e-03
 -3.3073089e-01
  3.4976006e-01
  2.9288778e-01
 -6.0487813e-01
 -3.6200585e-05
 -6.2724537e-01
 -2.0378723e-04
 -3.9237702e-01
  1.3379194e-02
 -7.2291189e-01
  1.9188368e-01
 -1.9452689e-04
 -4.1969863e-01
  1.3054183e-01
  8.0939598e-02
 -5.4698317e-05
  1.0738251e-05
 -1.1591590e-06
 -2.4502291e-05
  6.7836794e-05
  4.3912078e-05
  9.8210228e-05
  4.4539388e-02
  1.8085435e-04
 -3.1731683e-01
 -4.3509332e-05
  2.1463815e-05
  1.8171456e-06
  4.5121888e-05
  6.9580469e-06
 -2.5415224e-05
  1.1047724e-01
 -2.0337155e-05
 -3.7602740e-06
  2.6472670e-05
  8.7948960e-05
 -4.6412482e-05
 -2.6486808e-01
 -1.2275684e+00
 -1.1992580e-01
  2.9071584e-01
  1.0679113e+00
  3.2835007e+00
 -3.0401359e+00
 -1.7516497e-01
 -1.6009474e+00
  2.6106343e-01
  8.1631756e-01
  3.5099665e-04
  9.5684576e-01
  2.0509933e-01
  4.9101461e-02
  5.4834527e-01
 -1.1123242e-01
  2.9279372e-01
 -1.8929896e-01
  3.9683062e-01
 -9.8983574e-01
 -2.6935391e+00
  2.4670660e-01
  2.5919464e-01
 -1.7747648e-01
  2.3741887e+00
 -9.9143451e-01
  2.7858195e-01
 -1.4680782e-01
 -1.4536573e+00
  2.7371603e-01
 -9.9353617e-01
 -1.9594988e-01
  1.0771413e+00
  1.4592062e-01
  1.4163303e+00
 -2.4185029e-01
 -1.6719763e+00
  7.7648282e-02
 -6.4116991e-01
 -6.3372517e-01
  2.8211635e-01
 -9.8684084e-01
 -4.0850416e-01
 -1.5670833e-01
 -1.8730821e-01
  8.4475592e-02
  6.8166053e-01
 -2.1193829e-01
  1.3401139e-01
 -7.0465624e-01
  2.2696367e-01
 -1.7553063e-04
  2.8829837e-01
 -1.2708431e+00
  1.9715105e-01
 -3.4523553e-01
 -6.1171986e-02
  7.9862976e-01
  2.5884736e-01
 -8.3358864e-05
  8.3334871e-06
  2.0687266e-03
  4.5842600e-01
 -1.2233663e+00
 -2.4857605e-05
 -1.8958590e-05
  6.1053899e-05
  8.2279939e-06
  7.3342092e-02
 -3.6126883e-05
 -8.9862435e-05
 -1.5195982e-04
 -2.8145594e-05
 -1.8879697e-04
  5.7285327e-01
 -3.1943828e-01
  3.5528017e-06
  3.4918485e-05
 -1.5051849e-01
  9.8961580e-05
 -3.4869347e-05
  5.5105947e-06
 -1.9798203e-05
 -1.6039399e-05
  1.5120479e-05
  3.9084345e-05
  4.4072708e-06
  1.2663830e-05
 -2.4504283e-05
  4.6021851e-06
  5.5426385e-06
 -4.9650713e-05
 -1.0691097e-05
  1.8219633e-05
  6.8972928e-05
  2.0453981e-06
  2.0618647e-05
 -5.3095348e-05
 -4.2697506e-05
 -3.6011932e-06
  5.1585957e-05
 -2.0952015e-05
 -9.5406767e-06
  1.8072098e-05
  1.3021722e-04
  5.5817083e-05
  5.9278432e-06
 -4.1837147e-06
  6.5247696e-05
  1.6540060e-05
  9.5442520e-06
 -3.2708933e-06
  6.9400958e-06
  1.4233500e-05
 -1.7683313e-05
 -2.5529500e-05
 -1.5098741e-04
  3.4729430e-05
 -2.2691225e-04
 -3.0631779e-06
 -5.7336852e-05
 -1.1683367e-05
  7.3573315e-06
  1.5881425e-05
  5.1623756e-06
  2.0878788e-05
  1.7907626e-06
  3.4614943e-05
 -4.0865372e-05
 -3.9497827e-04
 -1.3691115e-05
 -4.0027021e-07
  1.0216520e-05
 -1.0187345e-04
 -1.5546011e-05
  2.0971331e-05
  2.7511460e-06
  1.2666981e-05
  8.5477113e-06
 -1.7311478e-06
 -1.4996078e-06
 -3.7659622e-05
 -1.5920039e-05
  2.5304316e-06
  2.2643217e-05
  4.5962890e-05
  6.2658673e-06
  4.1315732e-05
 -5.8350768e-05
  1.6700948e-05
  2.0260963e-05
  3.6759058e-05
 -4.5093361e-06
  5.3162294e-05
 -2.1766919e-06
  1.9832219e-01
  4.8097522e-06
 -3.1331467e-05
 -6.8655121e-05
 -1.0171218e-05
 -8.5602751e-06
 -1.1902487e-06
 -3.5192010e-05
 -4.7548820e-05
  3.8046942e-06
 -7.7878889e-05
  8.8382476e-06
 -2.4224995e-05
 -2.4689427e-05
 -5.1530827e-05
  9.7126227e-05
  2.1635240e-06
 -1.6888267e-05
 -8.5752123e-05
 -4.5337015e-06
 -1.1440577e-06
 -3.0815092e-05
  1.4867922e-05
  6.5021573e-05
  2.4337021e-05
  2.9189994e-06
  7.1872033e-05
 -1.1574203e-04
 -5.4929853e-07
 -3.4555545e-05
  5.0007066e-06
  1.4855706e-05
 -2.3529331e-06
  1.4386214e-05
 -4.2935346e-05
 -1.6719816e-04
  6.4901219e-06
 -4.4638273e-05
 -1.4121695e-04
 -1.4996770e-06
 -2.9715631e-04
  5.1093746e-05
 -3.8930409e-07
 -2.1801250e-06
 -6.6149849e-05
 -8.0800259e-05
 -3.4143607e-04
  4.7896556e-06
 -8.2891711e-05
 -2.1893852e-06
 -1.9837733e-05
 -2.4439601e-04
 -1.7078544e-04
 -1.5658885e-05
  3.8714761e-06
  5.9442391e-05
 -1.0322124e-05
 -3.8554026e-06
  4.0334355e-05
 -5.6649037e-06
 -3.3977332e-05
  1.6136657e-05
  2.9627554e-05
  5.8799778e-06
  7.8458525e-06
  4.9175669e-06
 -2.8258553e-06
  1.0209377e-05
  3.4716684e-06
 -1.3750807e-05
 -2.0108155e-05
 -5.9352897e-07
 -6.1089586e-06
  4.4497014e-05
 -2.4706588e-04
 -9.0051830e-01
  1.3133080e+00
  1.1322753e+00
  2.0971634e+00
  1.0700649e+00
  2.1418200e+00
 -5.3248769e-01
  4.4960533e-03
 -6.4928359e-01
  1.8648693e-02
 -7.2937369e-02
  2.5243801e-01
  3.6960371e-02
 -3.3612464e-02
  5.3575299e-05
 -9.7875994e-01
  5.3193018e-02
  3.8479324e-05
 -3.1951070e-01
 -1.0745054e-01
  2.0927130e-04
  5.3667836e-06
  3.0250451e-01
  1.0584987e+00
 -5.9727173e-02
  4.9872503e-02
  1.2576605e+00
  5.1736695e-01
 -2.9404348e-01
  1.2108628e-05
 -6.3426942e-01
 -6.0457426e-01
  2.4632070e+00
 -1.6901613e+00
 -5.8230925e-01
  3.5669273e-01
  2.2733019e-01
  7.0058465e-01
 -1.6963917e+00
 -3.6003137e-01
 -6.3378286e-01
 -5.0950205e-01
  3.1224820e-01
 -7.4572898e-02
 -3.7067648e-04
 -1.3334237e-01
  6.4658794e-05
 -2.6694393e+00
 -7.0287146e-02
  2.0600886e+00
  1.9888163e-01
 -5.8126166e-02
 -1.0169237e+00
  9.9188708e-02
  3.6559030e-01
  2.0048399e-03
  1.7223541e-05
  9.9178042e-06
  6.7862603e-03
  2.4758041e-01
  6.1335039e-01
 -1.3726069e-04
 -2.9057658e-01
  1.1676017e-04
 -9.6446747e-05
 -3.0391693e-01
  6.1192797e-05
  5.6317953e-05
 -3.4971286e-05
  1.6672207e-06
  8.4263518e-02
 -7.3180022e-04
 -1.1063958e-05
  2.7534721e-05
  1.7552146e-04
  4.8456588e-01
 -2.0866582e-06
 -2.3925996e+00
  1.3066390e+00
 -1.8179699e+00
 -7.7001131e-01
 -3.0356445e+00
 -1.1181506e+00
 -4.9353296e-01
  1.4316631e-04
 -6.3239813e-01
 -9.0949607e-01
 -1.6364270e+00
 -2.0815876e-01
 -8.1479108e-01
 -5.5091476e-01
  1.0788594e-03
  9.1947877e-01
  1.3722627e-01
 -4.7359282e-01
  1.0304008e-01
  6.3569270e-02
  1.6456633e+00
  1.7490180e+00
  1.0947016e+00
 -8.1858879e-01
 -1.2943162e+00
 -8.2241034e-04
  2.0882568e-01
 -7.4708080e-01
  9.5995056e-05
  7.4193424e-01
  1.2164531e-01
  2.7191162e+00
 -2.3998933e+00
  8.2291581e-02
 -9.7057319e-01
 -1.1382428e+00
  1.6061258e-01
 -3.7679833e-01
  1.4394859e+00
  5.1141393e-01
 -3.4460822e-01
 -3.5306138e-01
  1.1904898e+00
  4.0708795e-01
 -8.9003012e-02
  6.5686107e-01
  6.2807685e-01
  2.8619835e-01
 -3.7848692e-02
 -5.3585327e-01
 -1.2083209e+00
 -8.2405043e-01
 -2.9127437e-01
  7.1927059e-01
  4.2682546e-01
 -7.0919991e-01
  2.1943593e-01
 -1.8663168e+00
 -6.4096904e-01
 -3.9020693e-01
  2.8009063e-05
  4.6774191e-01
 -4.6578461e-01
 -1.4132255e-01
 -1.0644554e+00
 -1.2533106e+00
  6.8572402e-02
  7.4166164e-04
  7.4612433e-01
  1.1660202e-04
 -2.9788139e-01
 -7.0367802e-05
  9.7266648e-06
 -2.8289431e-01
  2.2142385e-04
 -9.7114474e-01
 -7.3044568e-01
  2.1805411e-04
  1.4641407e-05
  8.4240302e-02
 -4.6252240e-05
 -4.3174705e-01
  7.7650831e-05
  1.4646595e-05
  4.4957196e-06
 -6.9190210e-05
  1.8768603e-02
 -7.4172253e-06
  1.1417224e-05
 -1.4580453e-05
 -2.6086514e-04
  5.7440443e-06
 -1.1301800e-04
 -3.2249382e-06
 -5.9330163e-05
 -2.8707803e-04
  1.1690099e-05
  3.9246206e-05
  2.6183150e-06
  1.1341514e-05
  2.8814688e-05
  2.7219153e-06
  4.0604460e-05
 -6.2749168e-05
  1.1739685e-05
 -8.4433355e-05
 -2.4479981e-05
 -5.7306603e-05
  2.7768954e-06
 -1.1885214e-07
 -3.4399291e-06
 -1.1963741e-05
 -1.0608901e-06
  1.6127831e-04
  2.6326356e-05
  1.7924734e-06
  1.2555136e-05
  1.6787288e-05
 -1.3512137e-05
  1.0955227e-04
  4.0144547e-05
  7.3012052e-05
  6.5920816e-05
 -1.0362717e-06
  1.0092611e-04
  4.0836421e-05
  6.8378882e-05
  2.7440910e-06
 -3.1882741e-05
 -1.6024102e-04
  1.6170278e-03
  1.3197240e-04
 -1.2213812e-05
 -3.7416783e-06
 -3.3736927e-05
 -3.5921646e-05
 -2.3781702e-05
  1.9142055e-05
  7.3458864e-07
  3.4791286e-04
 -1.1081220e-05
 -6.9826233e-06
 -3.0165909e-05
  5.8443209e-05
 -7.9940910e-06
  8.4711382e-06
  1.8068561e-06
 -7.7473633e-06
 -2.6959320e-05
  4.8597666e-04
 -9.4900215e-06
 -7.8232033e-06
 -3.6962865e-05
 -1.0387576e-05
 -6.0728633e-01
  1.4780692e+00
  1.2152387e+00
  4.0453312e-01
  1.0080396e+00
  1.5810512e-05
  8.1163429e-02
 -4.4623066e-02
  2.6563999e-01
  5.8702481e-01
 -3.1213021e-01
 -5.7568308e-05
 -8.7419051e-01
 -3.4742493e-06
  7.8759402e-01
 -1.8790386e+00
 -2.8870618e-02
  3.5522861e-04
 -4.5889670e-01
  4.8760366e-01
  3.2391649e-01
 -3.1055298e-01
 -8.9804654e-04
  4.3607262e-01
 -3.2202788e-05
  9.1128543e-02
  7.2492039e-01
 -4.8289245e-01
  9.4155745e-05
  1.1753322e+00
 -8.9444500e-01
  3.0505019e-01
  2.1859400e-01
 -1.3467588e-01
  9.7199333e-01
  1.2856247e+00
 -3.3430237e-01
  2.0801152e-01
 -6.1744578e-07
  2.3858005e-01
  2.0937720e-02
  1.0118023e-01
 -1.6532922e-01
  4.1662693e-01
 -2.7915348e-05
  1.6782467e-01
  2.6433823e-01
 -7.0443106e-01
 -4.8862296e-01
  2.9942981e-05
  2.1852949e-04
  1.8357024e+00
 -1.9468559e-01
  1.1120411e+00
  2.4204871e-01
  7.5771545e-06
  4.7819886e-01
 -3.7284745e-04
  2.3280886e-06
  2.2520317e-01
  9.0873082e-06
 -2.7892142e-04
  6.6539469e-05
 -4.2258263e-01
 -5.0493498e-05
 -6.2447250e-01
 -4.0928262e-05
  9.0291369e-06
 -8.1225344e-06
  1.5833783e-05
  7.7927530e-02
 -1.8615922e-03
  3.1170050e-05
 -9.3971003e-06
 -2.9607516e-05
  7.4719840e-01
  4.4031939e-04
 -4.4877341e-01
 -1.3284533e-01
 -3.7543368e-02
  2.4911103e-01
  1.7033355e-01
 -4.9789876e-01
  1.7820281e-01
 -2.1464748e-05
  3.1705126e-02
  1.0435450e-01
  7.5644173e-02
  1.1691482e-04
 -7.2074225e-05
  6.7340904e-01
  1.3259939e-05
  7.0498055e-03
  2.3715317e-01
 -5.6112412e-06
 -4.6396081e-06
 -6.2619761e-02
 -4.3409492e-04
 -2.0099087e-05
 -2.2450590e-07
 -7.1640145e-03
  3.1638178e-01
 -4.8741212e-04
 -1.6135898e-05
  2.2353617e-02
  3.5926283e-03
 -3.7256435e-02
  6.0448147e-02
  3.8629264e-02
  7.4000452e-03
 -7.1133740e-02
 -4.2469519e-01
  1.3315283e-01
 -7.4418047e-03
 -7.0637948e-04
 -7.6304605e-05
 -1.4414272e-03
 -5.2589584e-02
  1.7188150e-02
 -3.1769477e-02
  2.8823531e-01
  6.1269913e-02
  3.5140267e-01
  6.4390503e-02
  7.4750125e-02
  4.2383537e-01
 -4.0024556e-03
 -6.6833593e-02
 -8.1132360e-02
 -9.0729721e-02
  1.2317689e-01
 -2.8382076e-04
  3.5365843e-04
 -5.4470591e-05
 -1.1507814e-01
 -1.3865144e-05
 -2.3129993e-05
  4.4971818e-01
 -6.5184737e-05
 -1.4365414e-05
  1.7982222e-02
 -2.4516117e-03
 -9.1899093e-04
  2.4081888e-05
 -1.0140401e-04
  9.8769669e-05
  1.0120559e-05
  3.1999910e-01
 -2.4900524e-04
 -3.8584240e-05
 -6.5665692e-05
 -3.8761456e-05
  2.1024556e-01
  9.8701428e-05
  4.0200848e-05
  6.7987938e-05
  9.0556932e-05
 -1.6821823e-06
 -7.9598667e-06
 -9.9021299e-06
  3.8167105e-05
 -7.2543808e-06
  3.3977936e-05
  3.3485485e-05
  2.1017348e-05
 -8.1584758e-06
  5.0921608e-05
  7.8735357e-05
 -2.6522921e-05
  4.8483462e-06
  6.1463536e-05
 -4.5028894e-05
  3.6194397e-05
  9.6521771e-06
 -1.3125226e-05
 -6.6139960e-06
  3.2145490e-05
 -9.6065287e-06
 -7.4390769e-06
  4.2521955e-05
  1.1118604e-05
 -6.5275031e-05
 -4.4579294e-05
 -2.2826145e-05
 -8.4472185e-06
 -1.5792471e-05
 -1.0203594e-05
  6.6562687e-05
 -3.1878710e-05
  6.3724960e-06
 -2.4044090e-05
  1.4143470e-05
  5.4688011e-05
 -1.6251961e-05
 -1.2393574e-04
  5.3123476e-05
 -8.9648092e-06
 -7.2792391e-06
 -1.3136046e-04
  8.4296721e-07
 -1.7569360e-05
  4.0064419e-06
  8.6944492e-06
 -3.6165187e-05
  1.2611687e-05
 -4.1019288e-05
  5.7954244e-06
  1.5636935e-05
  1.0354268e-04
  6.7288647e-06
  4.4624549e-06
 -8.0753771e-06
  8.1716516e-06
  4.0934378e-07
 -1.4233422e-05
 -1.0474998e-05
  1.0831087e-05
 -1.7007162e-06
 -4.5206434e-06
  1.5735257e-06
  1.2717936e-05
 -1.2662662e-05
 -7.2184674e-05
 -4.1822477e-05
  1.1882318e-05
 -3.2622036e-05
  1.1686672e-04
 -8.9056830e-06
  4.4051525e-05
 -4.5288616e-06
  3.3649349e-06
 -1.8931261e-05
  1.7986380e-05
  6.2163472e-06
  1.1934532e-07
  9.8829069e-06
 -1.5869708e-05
 -5.5727578e-06
 -5.7815350e-06
  3.6669448e-05
 -5.9491176e-05
  4.0753876e-06
  1.1412370e-05
 -1.6674276e-06
  1.4827538e-05
 -1.0861055e-04
 -1.2690091e-05
 -5.7479301e-05
  6.1340988e-06
  1.0519799e-05
 -1.0512587e-04
 -2.0511352e-05
  5.1866271e-05
 -1.0081393e-05
  1.2758878e-06
 -8.0793170e-06
  1.4967976e-05
  8.1710834e-07
  8.9402565e-06
 -8.1485950e-06
 -9.6425447e-06
 -3.4920879e-05
  8.3383702e-06
 -1.0884683e-05
  1.2033840e-05
  9.6865106e-06
  3.5491132e-05
  2.3598683e-05
  7.8263665e-06
 -2.1860513e-05
 -4.0085994e-05
  8.9082896e-06
 -4.3529326e-06
 -2.7518614e-05
 -6.7067660e-05
 -4.1058316e-05
  6.0284601e-06
 -1.2494024e-04
 -9.3384071e-05
 -2.2012970e-05
 -1.5153364e-05
  2.6870050e-06
  7.6357046e-06
  1.1279346e-04
  1.2124473e-05
  6.1300256e-05
 -1.1112301e-04
 -6.0895592e-05
 -2.6273214e-05
 -3.9236242e-05
  1.8448187e-05
  6.2330646e-06
 -1.1960891e-05
  4.0020896e-05
 -2.4724663e-05
 -8.7785675e-06
  4.8369642e-05
  1.3033555e-05
 -1.4000481e-05
  1.1932952e-05
  5.6217423e-06
  7.1349718e-06
  6.3305939e-05
 -8.6819873e-06
 -1.1505213e-05
  4.2901243e-05
  5.5500834e-07
 -6.0942916e-06
 -2.6532172e-05
  2.4612256e-05
 -2.1530818e-06
 -2.8668281e-05
  9.1596112e-06
  6.9459975e-06
  6.8536800e-05
 -1.0094166e-05
  1.5670801e-05
  6.8798159e-05
  4.3906992e-05
  9.5428932e-06
  1.5069290e-05
 -1.3285267e-06
  8.1871858e-06
  9.9860281e-06
 -3.4428089e-05
 -1.8748797e-06
 -7.0849186e-05
 -4.3840842e-05
  1.1510171e-05
  1.7794227e-06
 -6.3118182e-06
  1.0004139e-05
 -1.6024464e-05
  1.6113981e-05
  3.1439104e-05
  9.3286471e-06
  3.8027400e-05
  7.4540048e-06
 -1.4180005e-04
  4.7310488e-05
 -3.2404769e-05
  4.3883265e-05
  2.0180654e-05
 -1.2443898e-05
 -3.1223601e-05
 -9.4418674e-06
  1.5238452e-05
  1.1522661e-05
 -1.2468929e-05
 -1.1026201e-05
 -5.6446519e-05
  4.7494985e-05
 -4.5525135e-06
  7.0041242e-05
  3.0160622e-06
 -6.6400731e-05
  4.1638900e-06
 -1.3113509e-05
 -3.7896742e-05
 -6.3811320e-05
  1.2918377e-05
 -8.2055212e-06
  1.2427309e-05
  1.0920454e-05
  1.3827069e-05
 -7.7495788e-06
 -4.0893276e-05
 -1.3212221e-04
 -7.4339943e-05
 -4.4524222e-07
 -1.1386150e-05
  9.5799958e-05
  5.6695721e-05
  3.4180972e-05
  6.3817351e-06
 -4.2897136e-05
  2.2942081e-04
  9.3098533e-06
 -3.4687393e-05
 -3.0056901e-05
  1.0055443e-05
  7.3810872e-05
 -1.7211907e-05
 -9.1505572e-06
  1.3831855e-05
 -5.5675660e-05
  9.6621574e-05
 -1.9580057e-04
  5.3839040e-07
 -1.9995030e-05
 -9.1830043e-06
 -2.6320806e-06
 -4.0627740e-05
  1.9108752e-03
 -1.0517890e-04
 -3.4936027e-05
 -4.7143731e-06
  1.0728904e-04
  1.1638328e-05
 -5.8819005e-05
 -2.8438291e-05
 -2.7194078e-06
  3.5556255e-05
  1.0858949e-05
  1.3623813e-04
 -8.4136846e-06
 -4.1289830e-05
  2.5303032e-06
  1.1587726e-05
 -1.2837180e-05
 -1.5753998e-05
  4.1065541e-05
 -2.7021615e-05
  2.8569724e-05
 -7.4024342e-06
  1.0937767e-05
  6.4494918e-05
  4.1634339e-05
  2.4873445e-05
  8.1706285e-06
  1.4182928e-07
 -1.4446108e-05
  8.6312415e-05
 -2.9568469e-06
  1.5857140e-06
  4.5577402e-05
 -4.1754298e-05
  1.4468214e-06
  4.2177493e-05
 -2.2995435e-05
  2.6482961e-05
  2.1701670e-05
 -2.3941308e-01
  7.5380285e-06
  1.1592910e-05
  5.8257774e-07
  6.4847183e-05
  3.5964238e-06
 -5.5728003e-04
  1.1818577e-05
  2.1901473e-05
  9.0086087e-06
 -1.5905290e-04
  1.1763868e-04
 -6.0546577e-06
 -9.8527735e-06
  1.2918192e-05
 -1.2246098e-05
  9.8682511e-05
 -6.6813715e-05
 -6.4718362e-05
  4.4197124e-05
 -5.5201999e-06
  1.2099017e-05
 -6.3918822e-07
 -1.2755427e-06
 -3.0640747e-06
 -9.6841322e-06
  3.6968697e-05
  6.7220681e-05
  6.7111963e-05
 -2.1084639e-05
  1.3932223e-05
  4.3275577e-08
  1.0731356e-05
 -5.9744548e-06
  2.8186269e-05
  1.5146836e-05
 -6.5993030e-05
 -5.6210870e-06
  2.4887777e-06
 -3.4760637e-06
  3.9575756e-05
 -1.2350632e-05
 -5.8975165e-06
 -1.2529972e-04
  2.2961638e-05
  1.2891641e-05
 -1.2826725e-04
 -9.0840076e-06
  9.9496938e-06
 -5.6900026e-06
  4.6853170e-06
 -5.1212806e-05
  4.3373502e-06
 -1.3048197e-05
  4.6744067e-06
  1.0146800e-04
 -4.5407905e-06
 -1.6744252e-05
  2.1672226e-06
 -7.4656200e-05
 -1.3049607e-06
 -8.3441755e-06
  3.8199225e-05
 -1.9429459e-05
  1.1065368e-06
  1.6127673e-05
  6.9713838e-05
 -6.9677699e-06
 -3.4165405e-05
  4.5360340e-04
  4.6893742e-06
  6.7665342e-06
 -3.6509271e-05
 -2.2491542e-07
 -1.8321402e-05
 -5.7042457e-06
  2.1212004e-06
 -3.5358629e-05
  1.8686214e-06
 -6.3996296e-05
  1.0635798e-04
 -1.5720370e-05
 -2.8835922e-05
 -3.5159221e-05
 -1.0047397e-05
 -1.4695052e-05
 -9.6246936e-07
  7.1791503e-05
 -9.8968467e-06
  1.0643318e-05
 -2.0394064e-05
  8.9253654e-06
 -5.6691515e-06
  7.5208860e-05
 -2.9882540e-05
  8.1080098e-06
 -3.5811172e-05
 -8.7810422e-06
 -8.9662744e-06
 -6.4623324e-05
  2.4265570e-05
  3.4012111e-05
  4.6157497e-06
 -4.1900901e-05
 -7.0562863e-05
 -9.9361114e-06
  2.4004826e-06
 -3.0431725e-05
  3.3932592e-06
  2.6779366e-04
 -5.9563217e-06
  1.3416930e-05
 -4.4520264e-05
  1.2669658e-05
  1.0778803e-05
  6.3274667e-05
  2.0643110e-05
  2.4365181e-05
 -1.0791935e-05
  1.3908019e-05
 -3.0798688e-05
  5.1792267e-06
 -7.0348775e-05
  2.4282324e-05
  7.4983009e-06
  4.9050715e-05
 -6.3019201e-07
  5.4771472e-06
  3.4565801e-05
  1.3853337e-05
  7.1986920e-05
 -1.6805858e-05
  1.1705736e-05
  2.4526013e-05
  1.0520039e-04
 -5.3821773e-06
  6.8970844e-06
  1.3562849e-05
  5.4521229e-06
  5.3702888e-06
 -6.0375256e-05
  2.7635180e-05
  4.0815561e-05
  2.6012271e-05
 -1.4385114e-05
  1.9035685e-06
 -5.1180933e-07
 -2.9363564e-05
 -7.8475359e-06
  3.3908227e-04
  4.3333112e-06
  2.0047488e-05
  8.9605128e-05
  9.1492093e-06
  4.2208216e-05
  1.2278167e-05
 -1.9030917e-05
  1.4342974e-05
 -1.0982105e-05
  2.8825076e-05
  1.5246435e-05
 -1.1877699e-05
 -4.0661858e-04
 -2.7335511e-05
 -1.4250151e-05
 -1.1054877e-05
  2.3025181e-05
 -3.4429737e-05
  2.8727913e-05
 -5.0410886e-06
  8.5701822e-06
  1.2266528e-04
  1.5938978e-05
 -6.5676654e-06
 -3.1441246e-05
  3.0674262e-04
  1.4261908e-05
  3.5760659e-05
 -3.1516232e-05
 -1.9081779e-04
  4.6417936e-06
 -7.3233332e-06
 -1.7932078e-05
 -1.4546092e-05
 -5.6306756e-04
 -2.7676961e-01
  2.4689892e-02
 -3.9223763e-05
 -1.1430526e-05
 -3.9664650e-05
 -4.3382507e-04
  3.4475975e-06
 -2.7476195e-03
 -3.4711593e-01
 -7.5372314e-05
  3.7510912e-05
 -3.8431085e-06
  1.6147447e-03
  1.8099898e-04
 -6.3902378e-05
 -3.4268417e-06
 -4.5565002e-08
  4.4438177e-05
  1.1317287e-05
 -1.4202391e-04
  3.4554432e-06
  3.4620407e-05
 -7.9487772e-06
  2.0099229e-03
 -5.3340655e-06
  1.1022727e-05
  7.6886885e-05
 -4.7154340e-06
 -4.7284100e-04
  2.6798956e-04
  3.4429368e-02
  9.5703703e-04
 -5.2922999e-04
 -9.2241589e-06
  1.0225618e-01
 -5.2374107e-04
 -2.0488221e-04
 -8.8733985e-05
 -1.2622954e-04
  1.2430369e-05
 -2.2112670e-05
 -3.3669354e-04
  1.9080253e-02
 -3.5785153e-03
  5.0897354e-05
  1.4680146e-05
 -1.8794471e-02
 -1.0589122e-04
 -3.6387955e-04
 -6.7496864e-04
  1.8287358e-04
 -3.6766031e-03
 -5.5692203e-02
 -1.7004875e-02
  1.4040456e-05
 -3.8176120e-05
 -4.8335996e-06
 -1.2396400e-05
  2.0586452e-04
  9.4679807e-04
 -1.1004258e-05
 -2.3633082e-05
  1.3504652e-04
 -1.4998835e-04
 -3.3893620e-04
  1.0947751e-05
  3.1219258e-06
  7.1255505e-05
  2.7226736e-07
  3.3694603e-03
 -1.7682391e-05
  2.9277701e-06
 -6.3348518e-05
  2.5895943e-05
  8.9575100e-05
  9.8015051e-05
  1.8527894e+00
  9.0477997e-01
 -7.4218315e-01
  8.4511405e-01
  3.9603624e+00
 -4.2884392e-01
  1.5302049e-01
  1.3374111e-01
 -2.1543288e+00
  2.7482614e-01
  7.7848792e-01
 -2.2059958e-05
  1.3544914e-01
  2.9944646e-01
 -8.9103758e-02
 -4.7946215e-01
 -3.3253327e-05
  1.6557944e-05
 -1.9254448e-01
  1.1110102e-01
 -1.4490443e+00
  5.9087671e-02
  2.2362468e-05
  2.1421225e-01
  7.0282930e-01
 -5.2797823e-05
  3.7568927e-01
  9.0219446e-02
  5.3474629e-05
 -1.3535669e-02
  2.6045537e-01
  5.0136106e-05
  2.5646418e-01
 -9.8248345e-01
  9.5289521e-02
  2.0023539e+00
  7.1418321e-01
  7.2168136e-01
 -1.3152275e+00
 -9.4897622e-01
  4.6257323e-01
 -1.3462240e-01
  1.5858806e+00
  1.9769742e+00
  5.7113599e-02
 -2.7487935e-05
  4.1517329e-01
 -4.5859632e-01
  3.5373929e-01
  1.4365958e-05
 -4.7986623e-04
  1.1425538e+00
  2.7085727e-01
  2.9750040e-01
  6.1624721e-02
  1.2329960e-04
  5.8939251e-05
 -1.7986168e-01
  1.2626368e-05
  3.1010017e-01
 -1.5325831e-03
  4.5004403e-05
  2.7526598e-03
 -8.4112035e-05
  3.9430855e-05
 -5.1897293e-01
  3.9294577e-05
 -2.1914693e-06
 -1.3352826e-06
  7.3007135e-07
  2.8284465e-05
 -2.1528247e-05
 -3.2128348e-05
 -1.7198089e-04
 -3.2907265e-05
  3.0320961e-04
 -1.1256933e-05
  4.5840308e-05
  6.2753870e-06
 -7.3239407e-06
 -1.5981709e-06
  3.2866152e-05
 -2.8085777e-05
  1.2920132e-05
  2.2952795e-06
 -1.8292360e-05
  2.4149971e-05
  9.7117736e-05
 -1.0174546e-05
 -4.2764732e-06
  1.6264481e-05
  7.4228928e-06
  1.0106410e-05
 -8.3327541e-06
  1.6908891e-05
  1.8853283e-05
 -2.8678343e-05
  3.5515477e-06
 -4.1279505e-05
 -5.3420484e-07
  1.3645198e-05
  4.1370195e-06
  3.8287504e-05
 -1.4056763e-05
 -2.8797607e-05
  1.6386035e-05
  1.1916793e-05
  9.6073654e-07
  4.5396871e-05
  1.3875072e-05
 -8.9828018e-06
 -1.8459878e-07
 -8.5242277e-07
 -1.2083014e-05
  1.3868652e-05
 -6.0889570e-06
  1.4700871e-05
  2.6092868e-05
 -6.6601438e-06
  2.4770852e-06
 -3.1803691e-05
  4.1058582e-05
  1.0411050e-05
 -9.4370025e-06
 -3.5240824e-05
  3.9502778e-05
  6.0604184e-06
  2.5925869e-05
 -4.8703841e-06
 -9.9926046e-06
 -3.3549339e-05
  1.8165800e-05
 -5.5172291e-07
  6.9447102e-05
  4.4398475e-06
  5.4304242e-06
  2.2084838e-05
  3.1466698e-05
 -9.7895108e-06
 -6.8333749e-05
  9.0983758e-06
  5.4709841e-07
  5.4966258e-05
  3.9484403e-05
  2.3223527e-05
  1.0276081e-05
 -9.0408967e-06
 -2.6625512e-06
 -1.0130664e-04
 -3.8218357e-05
 -1.5464550e-04
  5.9388181e-05
  1.2432199e-05
 -4.2685704e-05
  1.5995429e+00
 -1.5926105e+00
  1.3939586e+00
 -1.4045564e+00
  2.5258760e+00
 -1.5745221e-02
  1.6283894e+00
  3.4068953e-06
 -6.9523144e-01
 -1.2814730e+00
 -7.9957134e-01
 -2.0643498e-05
 -9.2623435e-02
  2.8323057e-01
 -4.1586924e-01
  5.3123248e-01
 -1.5747237e-01
  8.7970346e-02
  5.2027977e-01
 -6.7444295e-01
  4.7614245e-05
  9.8712349e-01
  1.2951735e-01
 -2.8022552e-01
  8.5958284e-01
  6.0381526e-06
  1.3797089e-01
  3.3966002e-01
  2.0659518e-06
  1.4044635e-01
  6.6269618e-01
 -1.0092564e+00
  8.0908453e-01
  1.5153077e-04
  1.2844461e+00
  8.8258165e-01
  2.7471695e+00
  3.3248132e-01
 -8.0346785e-05
  3.0854132e-02
 -3.3591522e-04
  2.5523725e-01
  8.6903673e-01
  8.8732243e-02
 -4.4333339e-01
  1.0818000e+00
  6.7475551e-01
 -7.5465791e-02
 -4.7424770e-04
  3.4983748e-01
  2.9379508e-01
  3.1834012e-03
  5.7646513e-02
  1.1622788e+00
  1.4884105e-01
  1.2923383e-04
  3.5168825e-05
  6.6187777e-06
  2.1336633e-05
  7.3693313e-02
  1.1759657e-04
  4.7685258e-05
  1.1685951e-04
  1.7859310e-02
 -3.7795203e-06
 -7.3399831e-04
  2.7954964e-05
 -4.9698874e-06
  1.5444361e-06
  1.3994329e-05
  1.2441968e-04
  1.7319617e-05
  9.5799121e-05
 -1.3981636e-05
  1.6510011e-06
  7.2910979e-02
  5.4445418e-06
 -5.8449437e-05
 -4.7865515e-06
  3.8947219e-05
 -1.5533878e-05
 -8.1883463e-06
 -3.7953381e-05
 -4.3276345e-05
 -7.1100105e-05
  1.4739743e-05
  3.0002038e-06
 -2.0177848e-05
  1.9735019e-07
  6.6502243e-06
  6.1259678e-05
  6.4474742e-05
 -4.9677354e-05
 -6.7040737e-06
  5.1886916e-05
  4.0517029e-05
  2.5021878e-05
  1.7918837e-05
 -2.3596581e-06
  3.8216615e-07
 -3.1029801e-06
  3.4677278e-06
  2.9698044e-06
  1.0552100e-06
  2.6367934e-05
 -9.0254558e-05
  9.7675638e-06
 -1.5017556e-05
 -9.6928503e-05
  4.1590971e-05
 -8.0067150e-07
  1.4903919e-05
 -8.5287902e-06
  3.1095718e-05
 -8.3080276e-06
 -6.5081142e-05
 -2.3435869e-05
 -1.1660060e-04
 -1.6328327e-06
  3.5501059e-06
  3.2217416e-05
 -8.8909592e-06
  2.3340046e-05
  6.3475803e-05
  6.5439035e-06
 -8.5739148e-06
 -1.2508511e-05
 -4.4145134e-05
  5.6824342e-06
 -4.3223605e-05
  5.6655472e-06
  6.7353453e-06
  3.2452361e-05
  2.0410762e-05
 -9.9042136e-06
 -4.3372394e-05
 -3.0792438e-05
  3.7175356e-05
 -1.3780239e-05
  2.2026217e-05
  1.2279866e-05
 -2.4045734e-05
  6.2597777e-05
 -6.3916596e-06
  8.3639388e-06
 -6.3577118e-06
 -4.1740634e-05
  1.6643091e-05
  3.7592206e-06
 -6.4312394e-06
 -3.7522011e-06
  4.0312148e-07
  5.9891859e-06
  1.6522050e-05
 -2.4910612e-04
  1.1415090e-04
 -8.2567319e-02
 -2.5841809e-05
  8.9067824e-02
 -8.8380322e-02
 -3.4682974e-04
  2.4844581e-05
 -2.8340792e-02
 -4.9730018e-02
 -9.7847238e-02
  4.7944977e-06
  3.5117999e-02
  1.1011641e-01
  7.1144468e-06
 -4.5266916e-05
  1.8646903e-04
  4.2642052e-05
  4.4967976e-05
  4.0488617e-06
 -2.7522666e-04
 -1.7156783e-06
 -2.1293981e-06
 -3.3108008e-05
  8.6313896e-02
  4.0519903e-06
 -7.7551871e-05
  3.4362885e-05
  7.6603265e-03
 -1.8954130e-03
  7.5791958e-03
  5.0746933e-02
  4.4987205e-02
 -2.0847393e-02
  8.0156831e-05
  6.9771498e-02
 -7.1375273e-02
  2.1666324e-02
 -8.6207744e-03
 -1.8968315e-04
 -2.1917798e-05
  6.2982590e-06
 -3.4085494e-03
  1.2148462e-01
 -8.5874692e-02
  1.9237207e-03
  5.8038131e-04
 -1.1609285e-01
 -1.9990522e-04
 -3.8982704e-02
 -9.4330028e-02
  6.3090090e-05
 -2.6826559e-05
 -3.6141727e-02
 -4.5933478e-02
  2.5577054e-04
  7.1840582e-06
 -5.9647788e-04
  1.0441913e-06
 -4.0154550e-06
  4.9814455e-02
 -1.9580225e-04
 -4.2135674e-05
 -3.4131459e-05
 -3.7483036e-04
 -5.2852738e-05
 -6.1795487e-05
 -6.7963811e-05
 -5.9358854e-06
 -4.4124663e-06
  1.1967567e-01
 -5.5995279e-06
  6.1438323e-07
  9.2802875e-06
 -1.9130453e-05
  3.8774569e-02
  5.7745881e-05
 -2.8103368e-05
  5.9911999e-05
  1.0133865e-05
 -1.2128476e-05
 -1.2483175e-05
  5.9326044e-06
  3.5447873e-05
  2.2508284e-05
  7.2282201e-05
 -6.2607623e-06
  1.0281190e-05
  1.5022947e-05
  5.5402434e-06
  1.3726614e-05
 -4.0142641e-06
 -2.0161531e-05
 -6.7889254e-05
 -1.2030771e-05
 -4.8667607e-07
  6.8078625e-06
 -1.3892886e-05
 -1.0646205e-05
  1.3519140e-05
 -1.0365784e-04
  1.0795404e-05
  1.3916576e-05
 -7.1127770e-06
  8.7355111e-05
 -2.5873891e-05
  2.1541005e-05
 -2.2513968e-04
  9.5050709e-06
 -2.2417946e-05
 -3.3057193e-05
  6.6774792e-06
 -1.1448396e-04
 -4.5780973e-05
  9.8603614e-06
  5.3272150e-05
  2.1316823e-06
  1.4760383e-05
 -6.6280013e-06
 -2.1759068e-05
 -5.7312900e-05
  6.1730125e-06
 -9.8312175e-06
 -1.2873657e-05
  2.5127236e-05
 -1.0319825e-05
  1.2832497e-05
 -4.0048785e-06
  3.1519969e-05
 -2.9700013e-05
 -1.2497104e-05
  4.4328535e-05
  8.8022143e-06
 -3.1347458e-06
 -5.4970289e-05
  8.0426270e-07
  3.8908100e-05
 -8.6018417e-07
 -1.6275937e-05
 -2.6975080e-05
 -4.4760272e-05
 -1.7216905e-06
 -4.4578778e-06
 -7.6455544e-06
 -3.9060171e-05
 -2.9814878e-06
 -3.0331466e-05
  2.0051079e-05
 -6.1778610e-07
 -9.9642684e-06
  4.4135137e-05
 -1.2611275e-05
 -3.3296987e-05
 -8.5440161e-07
  1.4289119e-06
  3.8250371e-05
 -3.0452845e-01
 -7.3984011e-05
  1.1418466e-05
  1.1023889e-04
 -1.0942599e-04
 -1.1676233e-05
  9.9040021e-04
 -6.6305168e-02
  2.5334133e-05
  4.1427957e-05
  8.9179557e-05
  3.3982669e-04
 -2.5570166e-06
 -8.2593751e-06
  1.2701123e-04
  8.5903673e-07
 -1.8569785e-06
  4.6911431e-05
 -8.1000780e-06
 -6.9044923e-05
  9.4316565e-06
 -1.4234812e-05
  3.9114620e-05
  8.2905108e-06
 -2.3459766e-05
 -9.8860246e-06
  6.8253503e-05
  5.0390404e-06
  1.6791560e-05
  1.1259466e-05
 -6.7658533e-05
 -7.5406992e-05
 -1.0990088e-05
 -6.5668690e-05
 -1.5424375e-02
 -4.3515760e-05
 -8.4162712e-06
 -1.5217998e-05
  2.5199855e-05
 -3.0207110e-04
 -1.0010303e-04
  1.5187744e-04
  3.3011625e-06
 -3.3504665e-01
 -1.0554510e-05
 -6.1879348e-02
 -1.0585121e-04
  4.1125627e-06
 -1.5965315e-04
  6.8484558e-05
 -1.7867493e-05
 -1.1419191e-01
 -1.0159028e-03
  8.5550870e-05
  1.0318507e-07
 -3.7398124e-05
 -1.2154122e-05
 -1.3755775e-06
  2.8201791e-06
 -1.0277727e-05
  1.0811330e-05
 -3.2061398e-06
 -9.2987821e-06
 -6.5994391e-07
 -1.6218197e-05
 -4.8078808e-05
 -2.4070828e-06
 -1.3361479e-05
  1.0867342e-05
  5.5782957e-06
 -1.6892578e-06
  1.8638985e-07
 -4.2363812e-05
 -4.5098033e-05
  2.0949535e-06
 -8.1199387e-06
  3.8868111e-05
  8.8803245e-05
  1.4307608e-05
 -1.2281414e-05
 -4.7979393e-07
 -2.1688149e-05
 -7.9515936e-05
  1.5120037e-05
  5.0439610e-08
 -6.9637963e-06
 -9.9214003e-06
  5.1255915e-06
 -8.5197222e-05
  3.1692813e-05
 -4.2851265e-05
 -3.0570608e-04
  1.1244308e-05
 -4.3448988e-05
 -3.7606318e-05
  1.2881646e-05
  5.0563349e-06
 -3.8258568e-06
 -1.2744392e-05
 -3.1965741e-05
  2.6363270e-05
 -1.7819377e-05
  1.3032149e-05
 -1.4574187e-04
  1.2320633e-05
 -1.3550834e-05
  2.1552090e-05
  4.3548698e-06
  5.6428803e-06
 -5.4033047e-05
 -6.0008886e-05
  5.0428742e-05
 -9.4638535e-06
  1.9786168e-05
 -4.6051373e-05
  6.2411150e-06
  3.8740316e-05
  1.6903281e-05
  5.1486954e-06
  2.2762866e-05
 -1.5329526e-05
  8.4926029e-07
  1.3840054e-07
  9.2636437e-06
  7.5487267e-05
  2.6989401e-05
 -1.2619590e-04
 -6.2836065e-05
 -1.7741791e-05
  7.8530938e-06
 -3.4258483e-05
  2.8917906e-05
 -7.6126144e-06
  4.3221598e-06
  7.6587394e-06
 -1.2508103e-06
  6.1335447e-07
 -1.2811154e-04
 -1.3988289e-05
  1.2763508e-05
  3.0766190e-05
  1.3111216e-04
  4.7825772e-05
 -1.7787180e-06
 -1.6618411e-04
 -5.9047065e-06
  4.4662454e-05
 -2.8759993e-07
  8.8493675e-07
 -1.7366905e-05
 -1.7319306e-05
  2.5247912e-06
 -1.5202373e+00
 -2.7007642e-01
  1.5946915e+00
  1.5594913e+00
 -4.3608287e-01
 -9.7838361e-03
  1.8245782e+00
  1.1325639e-01
  4.4187859e-01
  2.8495173e+00
  2.0452328e+00
 -6.0845254e-05
  3.5943656e-05
 -2.1939832e-01
 -3.7473598e-01
  2.0063474e+00
  2.8707457e-01
  3.9887062e-05
  5.9833461e-01
  7.3304996e-02
  8.5639548e-01
  8.3744317e-01
 -1.6957244e-02
  5.4913908e-01
 -5.6634385e-02
 -3.8584611e-05
 -1.9038508e-02
  1.2337625e-04
 -5.5121309e-01
  4.5983925e-02
 -4.3583459e-01
 -3.6604181e-01
 -1.3913764e+00
 -4.3924788e-01
 -2.6626727e-01
 -1.3782807e-01
 -7.8710121e-01
 -2.9678342e-01
 -1.0871425e-01
  3.5566490e-02
  3.7333167e-01
  4.1164193e-01
 -3.8676071e+00
 -1.1789863e-01
  1.3693590e-01
  1.7952144e+00
 -2.9596312e-03
  1.1210760e+00
 -1.0748608e+00
  1.7217474e-01
 -6.9223708e-05
  4.5890454e-02
 -5.2710835e-02
 -1.8534579e+00
 -8.9346743e-01
 -9.1180236e-06
 -5.7833286e-06
 -3.1806752e-01
  8.1633334e-05
  4.3256577e-02
 -2.0420477e-04
  1.8814519e-05
 -4.0508217e-05
  9.0219110e-02
 -1.2184539e-04
 -3.6564478e-01
  1.1674961e-05
 -3.5755027e-05
 -2.4725578e-06
 -1.4361315e-05
  8.3260184e-06
 -5.5018895e-06
 -2.7770122e-06
 -7.5263357e-05
 -3.7979611e-05
 -2.0758282e-06
  1.3798559e-05
 -2.6333067e-03
  3.4809185e-05
 -1.1094243e-01
 -2.5822919e-05
 -3.8238286e-05
 -2.3057182e-05
 -1.1294235e-04
 -1.1554543e-05
  1.9064889e-04
 -6.8915901e-03
  6.0882949e-06
  9.0331858e-05
  3.0496716e-07
 -7.5900662e-06
 -2.0518839e-06
  1.0024016e-05
  9.0961412e-06
 -3.4749948e-05
 -3.9910497e-06
  7.1311479e-05
  3.5164234e-05
  9.0262110e-06
 -4.0752493e-05
  1.3786488e-05
  9.8082910e-06
 -1.3718978e-05
  3.7686236e-06
 -6.2269966e-05
  1.3925232e-05
 -7.7259807e-05
  2.2965353e-06
  6.6772991e-06
 -1.0489403e-05
 -2.1639946e-01
  2.9590517e-06
  1.2528604e-04
  1.1735696e-04
 -7.0050388e-05
 -4.9492632e-05
  6.7128612e-06
 -2.6942653e-05
 -1.7169590e-06
 -1.7934812e-02
  2.9974241e-02
 -2.4160545e-04
 -1.5615235e-05
  8.0181017e-05
 -1.4075324e-02
 -8.7341059e-06
  4.6893547e-06
 -7.5970660e-05
  7.3032543e-02
 -2.5958389e-05
 -4.6812385e-02
 -1.6133007e-04
  3.9576804e-05
 -1.4145114e-05
 -2.0078813e-05
  7.0553375e-05
  3.5329100e-05
  1.6569800e-05
 -1.1885828e-04
  3.6123831e-05
 -4.6400008e-05
 -1.4256718e-06
  1.3459696e-05
 -3.4541761e-06
  1.0927183e-05
 -4.7380213e-06
  5.4793954e-06
  3.9244411e-04
 -2.5546560e-06
 -4.8648285e-06
  6.4491296e-06
  6.4690548e-06
  9.6543670e-07
 -2.9577248e-05
  5.0728013e-05
 -9.6779513e-07
  4.5599845e-01
 -5.4901179e-06
 -1.9078723e-05
  1.1155897e-05
 -3.0675549e-06
  7.1194754e-06
  3.5282064e-06
  3.9913164e-05
 -1.1176430e-05
  9.4436346e-06
 -5.0207062e-05
  1.0900293e-05
 -1.5655145e-05
  1.4118583e-05
 -2.2987926e-05
  3.8451864e-05
  1.6602187e-05
 -1.1699933e-05
  1.7535202e-06
  2.8084474e-05
 -1.2433875e-04
 -2.6816413e-05
  3.4420991e-06
 -8.1552489e-06
  8.7444889e-05
  1.3801713e-05
 -1.4421606e-05
  1.3977905e-05
  1.0031375e-05
 -5.5041994e-05
  6.2501320e-05
  2.7804199e-05
  2.0026780e-05
  1.3974832e-05
  3.0972180e-05
 -5.4745029e-05
 -1.0765655e-05
  1.9431383e-05
 -6.7849753e-05
 -5.0077992e-06
 -9.4618099e-06
  1.2169203e-05
  7.5302531e-05
  6.1809355e-06
 -4.3598593e-05
 -2.5515366e-05
 -3.0085353e-06
  8.6019209e-06
 -5.1263389e-05
  2.2266627e-06
 -2.6820442e-05
  1.4332691e-04
 -1.9575369e-05
  2.9751811e-05
 -4.5512202e-06
 -4.2719374e-05
 -1.1403729e-05
 -4.5064411e-05
 -4.4703738e-06
  7.2418907e-06
 -9.4462521e-06
  7.9250734e-05
  1.0264498e-04
  2.1182938e-04
  1.4742621e-05
 -2.7461261e-05
  1.4524318e-05
  3.5160545e-05
 -8.3825282e-05
  2.6458853e-05
  3.5592243e-06
  1.1012577e-05
 -2.9145047e-05
  6.7232195e-06
  3.9690312e-05
 -1.1723040e-03
  5.2182379e-05
 -4.3476367e-01
 -1.3425040e-05
 -1.7750202e-05
 -3.3096017e-05
 -3.2241025e-04
 -1.8762701e-05
  3.0579834e-04
 -3.8463749e-02
  1.2692016e-06
  3.2183547e-05
  7.9913356e-05
  1.8777185e-04
 -1.0649303e-04
  1.3650704e-06
 -4.4342145e-05
 -3.8411050e-05
 -3.7268335e-05
  9.2525461e-06
 -1.0204722e-05
 -9.0540861e-06
  1.0448779e-05
 -2.1814260e-05
  1.3665608e-05
 -3.0916486e-05
 -5.5253968e-06
 -1.3132814e-04
  1.1441451e-05
  1.5114493e-05
 -5.1815150e-06
  9.5608812e-05
 -2.6862610e-05
  3.5979638e-06
 -1.6271805e-04
  5.2223786e-06
 -4.3427144e-04
 -2.2393226e-06
 -3.7508335e-06
 -3.8020371e-05
  1.4205514e-05
 -2.2421882e-04
 -7.1076800e-05
  2.5917748e-03
 -7.1164381e-05
 -1.6601240e-05
  6.4382839e-05
 -2.2816196e-01
 -1.2063260e-04
 -3.4652032e-05
 -2.0202470e-04
  6.8335743e-05
 -1.0617491e-04
 -2.4329258e-02
 -1.1916729e-06
  5.3149038e-06
  3.4007338e-05
 -2.1825093e-04
 -4.8249640e-06
  8.5482825e-05
  1.0556014e-05
  7.7259192e-06
 -1.8316116e-05
  8.6306072e-06
  3.6153466e-05
 -1.4972890e-05
  4.7473586e-06
  7.3628449e-05
 -2.8324144e-05
 -2.5403369e-05
  4.3868149e-05
 -7.1760137e-06
 -2.5381689e-05
 -3.4197561e-05
  1.2383172e-04
  9.7791608e-06
  7.3677552e-06
 -8.7556057e-02
  5.8986843e-01
 -1.7431404e-01
  6.1188102e-01
  1.1624718e-01
 -3.1913114e-01
  1.2580661e-01
 -1.8616640e-06
  4.7683754e-04
  2.7852366e+00
  2.8240749e-01
  3.3639266e-05
  2.8136401e-06
  4.2234398e-05
  7.5071130e-06
  1.1715302e-05
  2.0357637e-01
  4.1991196e-05
  4.1101457e-06
 -3.3020217e-05
  2.0149775e-05
 -6.6445726e-05
  1.5197723e-05
 -4.2642890e-03
  8.0317739e-05
 -3.4878157e-02
  2.6150551e-06
  2.7709374e-02
  1.5162122e-05
 -2.5592515e-01
  2.3520695e-02
  3.3008255e-06
  7.8312141e-06
 -1.0272570e-05
 -3.3465806e-01
  5.7804234e-02
 -6.4882704e-05
 -5.3843163e-05
  1.0960997e-03
 -4.9626095e-05
 -5.2260503e-02
  1.0145114e-01
 -7.6565158e-01
  5.7403643e-02
 -7.8836951e-05
  4.2410013e-01
 -2.4019224e-05
  4.7056204e-01
  3.7032226e-01
 -2.5433940e-01
 -2.4486825e-04
  6.1800006e-06
 -1.3005623e-01
 -3.9123175e-01
 -6.9640279e-05
  4.2889942e-06
 -4.9061284e-05
  3.8419399e-05
 -3.6316284e-05
 -1.5669314e-06
  1.5234019e-04
 -2.9818491e-05
 -3.0845287e-05
  1.9483080e-06
 -2.2588516e-05
 -2.8715433e-05
 -2.4665833e-05
 -8.5370020e-06
 -4.4093581e-06
  1.5841271e-05
 -1.3080756e-06
  9.9792756e-05
 -1.5522843e-05
  9.8179968e-05
 -1.3609305e-05
  9.4716670e-06
  3.1839612e-05
  7.0173509e-02
 -4.0069875e-01
  1.6150667e-01
  6.6330957e-01
  3.3829156e-01
 -1.1409349e+00
 -1.2546586e-01
 -1.1315036e-05
 -1.0042527e-01
 -1.1034182e+00
  1.1182591e-01
 -8.7823049e-05
 -1.1122814e-02
  1.9523964e+00
 -7.1267830e-04
  9.3248956e-02
 -2.8446963e-01
 -7.9682977e-06
 -1.0346075e-02
 -1.5423175e-02
  6.5432268e-01
  9.6395802e-01
 -1.8157500e-05
 -8.0164552e-01
  1.5299392e+00
 -1.1469682e-03
 -6.3249111e-01
  1.9523448e-01
  1.1980442e-01
  5.1617831e-02
 -5.6002200e-01
  4.8199293e-01
 -5.0626051e-01
 -6.9997001e-01
 -3.7180832e-01
  1.1750811e+00
 -2.7624106e-01
 -6.4138126e-01
 -5.2152071e-02
 -4.7489521e-01
 -2.5071645e-01
  3.4697706e-01
  9.9870378e-01
 -1.7262490e+00
  2.5494299e+00
  9.2202151e-01
  5.4721475e-01
 -7.6221716e-01
 -3.1062183e-01
 -3.0375342e+00
 -3.9072920e-02
 -8.0176997e-01
  1.1844494e+00
  2.9129103e-01
 -2.8911197e-01
  2.1398734e-01
  5.8172595e-02
 -3.1192150e-02
  1.2798096e-02
 -8.9883588e-06
  3.4886616e-05
 -1.1039269e-03
 -1.2208550e-04
 -2.3889714e-01
 -1.3783699e-01
 -1.9680201e-04
  1.1406966e-05
 -5.6400426e-05
  4.4871758e-05
  6.6408866e-05
  6.6062266e-01
 -1.8290474e-01
  1.1435412e-05
 -2.6355785e-05
 -1.5208817e-05
  6.3309395e-01
  1.5131927e-01
  6.9653982e-01
 -1.6056014e+00
  8.1152272e-01
  2.2575204e+00
 -1.2741627e+00
  1.3797741e-01
 -7.6014078e-01
 -1.2563184e-04
  1.0759429e+00
  7.2303754e-01
  6.7151850e-01
  1.2462380e+00
  1.9036223e-01
 -5.4006028e-01
  6.5772945e-01
 -1.4848293e+00
 -4.2478899e-03
  6.4108044e-01
 -4.1502889e-02
 -2.2463410e-01
 -1.4610694e-01
  1.4087085e-01
  5.8715492e-01
 -1.1280061e-01
 -9.5212190e-06
  1.3442787e+00
  7.7035658e-02
  5.4101008e-01
  3.8773371e-05
  2.4044153e-01
 -7.0547742e-01
 -2.9064646e+00
 -3.5373989e-01
 -2.2293313e+00
 -9.5663929e-01
 -1.1019729e+00
 -2.7122066e+00
  7.4137777e-02
 -2.6112083e-01
  3.3666048e-02
 -6.7103082e-01
  2.3685983e-01
 -2.7665789e+00
  1.5397457e+00
  1.4185205e+00
  3.2019025e-01
  5.5204830e-05
  7.4997681e-01
 -1.0182365e+00
  6.0952991e-01
  3.9216809e-02
  2.8968081e-01
 -1.5913256e-01
 -2.2396154e+00
  3.0672497e-01
  1.5276078e-04
 -1.5958176e-05
 -5.5076820e-03
  8.3758920e-02
  3.4788841e-06
  1.3817552e-05
  1.8722845e-05
 -1.2964426e-03
  9.7486818e-06
 -5.0416535e-01
 -7.8547513e-05
 -6.1534274e-06
  1.2677564e-01
  1.3043376e-04
  6.3922918e-05
  3.6211037e-05
  1.2991422e-05
  1.0355937e-04
  2.8731442e-06
 -6.7605943e-05
  1.7521130e-01
 -1.5751866e-05
 -6.3492924e-05
  4.4111152e-05
 -1.7545190e-02
  5.3487686e-03
  5.8721326e-02
 -7.7317446e-02
 -3.5206678e-03
  1.4138368e-06
 -6.0286518e-02
 -1.0436586e-01
 -8.2752174e-03
  1.5204982e-04
  6.7830831e-02
  1.1250243e-01
 -1.3339097e-05
  9.1231348e-05
  1.5227059e-03
  1.0836642e-04
 -5.2147798e-06
 -1.9059895e-04
 -1.5554873e-04
  8.1656657e-07
  2.9433813e-04
 -3.8957227e-05
  8.0905974e-02
 -2.1864102e-05
  2.3738703e-06
 -4.0360217e-05
  1.1780597e-01
 -8.1619499e-03
  9.1816457e-03
  4.6109226e-02
  7.8658760e-02
 -4.0460393e-02
 -6.9997646e-02
  3.0214581e-01
 -2.3063016e-01
  8.1211656e-06
 -3.8472875e-03
 -3.1206958e-04
  3.7015638e-05
  2.0846519e-05
 -2.0877166e-02
  2.3971426e-01
 -6.6972531e-02
 -1.5025869e-03
  3.2349330e-06
 -1.1542668e-01
 -7.8180218e-03
 -5.8105677e-02
 -2.3102933e-01
  4.0831676e-04
 -1.0550535e-01
 -1.3100700e-01
 -1.4621505e-01
  4.5462983e-04
 -4.7606933e-05
 -6.7079171e-05
  6.4092467e-04
  1.2739650e-04
  5.4430462e-02
  2.6409394e-05
  1.3339670e-06
  3.2226573e-05
 -1.1522228e-04
 -1.2096195e-03
  4.1364997e-06
 -2.1695159e-05
 -3.3508248e-05
  3.3839999e-06
  2.2155602e-01
 -4.4622594e-03
  2.9344401e-05
  7.0738519e-05
 -1.0542516e-04
  1.6819397e-01
 -5.2643718e-05
 -1.4225887e+00
 -7.1589214e-01
 -4.7838384e-01
  1.6661390e+00
  3.3605547e+00
  1.2396388e+00
 -4.6363667e-01
 -3.6706448e-02
 -1.1650842e-01
 -3.7930354e-01
  1.1959344e+00
 -2.2492884e-01
  4.3730032e-01
 -9.8962516e-02
 -4.8054527e-02
  1.3423650e-01
 -1.5123290e-01
  6.3247193e-05
 -8.0756921e-01
  2.1071951e-01
 -5.7081032e-01
  3.2112911e-01
  6.2579449e-05
  1.3033707e-05
 -4.6833825e-01
 -2.9478131e-02
  1.4946734e+00
  7.5274043e-02
 -1.0640789e-05
 -1.4784736e-02
 -8.8163441e-05
 -6.6951215e-01
 -1.1318086e+00
  1.0994238e+00
  1.3644233e-01
 -2.8459387e+00
  2.0620251e+00
  6.0471445e-01
 -1.2551197e-01
 -1.9160939e+00
 -7.7533960e-01
 -5.9164393e-01
  8.9366600e-02
 -1.9005208e+00
 -1.7413905e+00
  1.5911975e+00
 -7.2476715e-01
 -3.2600346e-01
 -1.1759976e+00
 -1.2654666e+00
  3.6872014e-05
 -6.9950390e-01
  4.1703530e-02
  8.0824172e-01
  3.7623052e-02
  1.8512421e-05
  5.9113907e-05
  1.1625667e+00
  2.7577147e-05
  2.6574543e-01
 -1.2670789e-05
 -1.2189254e-05
  4.7646417e-06
 -1.1190423e-03
  1.0396217e+00
  7.3442280e-01
  5.1051079e-06
  9.5892154e-02
 -4.4579485e-01
 -1.8433593e-05
 -1.5178064e-04
  9.1680835e-05
 -9.1804059e-06
  3.7972558e-02
  3.2106877e-06
 -1.5058392e-05
  1.4180047e-05
 -1.7010719e-03
  1.3840591e-04
 -4.8969865e-01
 -1.1379173e-05
 -8.4294923e-05
  2.8521647e-05
 -1.7227350e-05
 -2.2032449e-05
 -4.5618473e-04
 -3.1338997e-02
  1.8204428e-05
  8.9134583e-06
  7.3922936e-05
  1.3257403e-05
  1.0189498e-05
  4.9960745e-06
 -1.1555081e-05
  2.1489535e-05
 -8.8996043e-05
  1.6485526e-05
  1.7911281e-05
 -6.6369052e-05
  8.6264852e-05
  7.2661976e-05
  1.1141202e-04
  8.0956270e-05
  4.4237549e-05
 -1.9260064e-04
 -1.4533181e-05
 -2.2384511e-06
 -2.8944767e-05
 -9.4037614e-06
 -8.3433471e-05
  2.8408442e-05
  2.4514333e-05
  1.9843452e-05
 -3.0220741e-05
 -1.2138058e-05
 -8.4219166e-05
 -3.1425741e-06
 -2.3981971e-05
 -7.3505340e-05
  1.2813711e-01
  1.1682879e-05
 -2.0315019e-05
 -3.5233577e-05
  7.3667134e-06
 -2.0167184e-04
 -7.7460627e-06
 -6.0339094e-05
 -2.6700216e-05
  1.0312031e-05
  1.7708682e-05
 -5.4381870e-02
  5.8638818e-07
  2.1317312e-05
 -9.4468633e-05
  7.9981055e-06
  5.0268391e-06
  1.8241006e-05
  9.0876594e-05
 -8.0663194e-05
 -2.4451110e-05
  1.1531828e-06
 -1.2264540e-04
 -1.9873936e-04
  1.4102066e-05
 -9.5509076e-06
 -2.9548364e-05
 -2.3120654e-05
  8.9292771e-05
  1.7360057e-05
  2.1906830e-05
 -4.9592392e-05
  1.4469569e-05
 -5.4171032e-05
 -1.2404870e-05
 -8.0571954e-05
  1.2406084e-04
 -4.6159646e-01
  4.7235371e-05
 -2.6728130e-05
 -1.7909233e-05
 -3.8578029e-05
 -1.1579473e-05
  1.1217995e-03
 -8.7838183e-05
 -7.0504611e-06
 -1.7318689e-05
 -9.1234644e-05
  4.5716642e-05
 -6.2225452e-05
  2.8855375e-05
 -2.1759688e-05
 -1.0811059e-04
 -3.0057407e-05
  2.1653475e-05
 -8.8400184e-06
 -1.9552553e-04
  3.8036425e-05
  9.3772151e-06
  1.2161427e-05
  7.8007775e-05
  1.8306037e-05
 -5.6126850e-05
  1.3937349e-04
 -2.5661140e-05
 -2.7676366e-05
  7.4272220e-06
 -3.7157106e-06
 -6.6039138e-05
  1.6135202e-05
  2.4818986e-05
 -1.7375288e-04
  8.7152832e-05
 -3.0669715e-04
 -2.2024695e-05
  2.3380089e-05
  2.6783842e-05
  1.8182302e-05
 -2.7659748e-05
  1.0132934e-04
 -2.1400934e-04
  6.8469104e-05
  2.0507061e-05
 -2.7050287e-04
 -1.4824605e-04
 -7.5992066e-06
 -4.6415962e-06
  4.0669302e-06
 -1.6736662e-01
 -8.4721753e-05
 -2.7624854e-05
  1.5075384e-04
 -9.3351417e-05
 -1.9996764e-05
  8.6416854e-05
 -1.0480042e-05
  2.1602547e-05
  2.5606696e-05
 -2.0398207e-05
  8.7205000e-05
 -5.4506119e-05
  1.3074700e-05
 -6.0901348e-05
 -2.5264708e-05
  2.0997979e-05
 -2.0338889e-06
  1.0112080e-05
  3.7053640e-06
  2.4598739e-05
  2.4524292e-05
  2.2363763e-05
  9.0319270e-05
 -1.0430723e+00
  5.7407987e-01
 -1.1284389e+00
 -4.5255050e-01
 -2.7882750e+00
 -1.3617684e-01
 -1.1656996e+00
 -1.8818650e-01
  8.3494288e-01
 -1.1175085e+00
 -3.3025104e-01
 -1.8939218e-05
 -7.5943613e-01
 -4.2909268e-01
  2.4357295e+00
  1.1342098e+00
 -5.2445465e-01
 -3.2210314e-01
 -2.2267918e-01
  4.6300769e-01
  2.1561604e+00
  1.9145538e+00
 -2.6711082e-01
 -8.4699941e-01
 -1.2683390e+00
 -1.2783961e-05
 -3.0411640e-01
  8.4142514e-02
 -4.2073268e-01
  4.6703245e-02
 -3.3459300e-01
  1.0490267e+00
 -4.0157059e-01
  2.4411158e-04
 -6.7457092e-01
 -2.1586278e-03
  1.9548333e-04
 -2.6742956e-02
 -6.1169463e-05
  9.4654877e-03
  2.7374328e-05
  2.2811280e-01
 -1.6266894e+00
  1.8549358e+00
  1.0552417e-01
  2.3096313e-01
 -1.5808305e+00
  6.5648770e-01
  1.9771165e-01
 -5.6363747e-06
  1.5234257e-04
 -2.5904137e-01
 -5.4663873e-01
  5.8336759e-01
  2.7373506e-02
  1.2086949e-01
 -1.1146915e-05
  2.5288498e-03
  1.4389989e-04
  5.1615991e-02
 -2.1860769e-05
 -7.2216690e-02
  1.6387074e-01
  2.9873972e-05
  3.3132005e-01
  5.1009207e-05
 -1.1302963e-01
 -6.5898057e-05
 -1.0579621e-01
 -4.1120711e-01
 -7.2704643e-01
 -2.0762242e-05
  2.6373094e-05
  3.7726269e-03
 -7.5560593e-04
 -2.2752366e+00
 -7.6199003e-02
 -1.5291884e-04
  9.0309542e-01
 -1.9522867e-01
 -1.6965763e-05
 -2.6335889e-01
 -2.2461070e-05
 -6.1806780e-01
 -4.6293205e-01
 -2.0678558e+00
 -7.5784689e-01
  1.0673060e-01
  7.9859620e-01
 -2.4802256e+00
 -2.6243626e-05
  1.8598710e+00
 -2.6246312e+00
 -1.3652726e-05
 -2.7850239e-05
 -5.8466833e-02
 -2.5353244e-01
  7.2921066e-05
  3.9844525e-01
  1.2363448e+00
 -5.6780664e-06
 -2.1304422e-05
  6.3958414e-06
 -1.7082668e-05
 -2.4302581e-06
  5.1028815e-06
  3.0192869e-05
  1.7782618e+00
 -1.2370248e-05
  3.3345573e+00
  2.2618911e-05
 -3.7470020e-04
 -3.1262050e-05
 -2.2302805e-02
 -1.1714537e-05
 -3.0312186e-02
 -5.3316795e-05
 -6.0029283e-06
 -2.7712897e-05
  2.2044725e+00
  5.1500493e-01
 -5.5578929e-01
 -6.3869148e-02
 -7.2639346e-01
 -1.5112087e-04
 -5.5136774e-05
  5.1125628e-01
 -1.3857119e-02
 -1.4526178e-01
  2.5475070e-01
  1.3199520e-02
 -5.0041646e-01
  1.8207675e-04
  2.3448034e-01
 -4.9806482e-01
 -9.8993576e-01
 -6.3161403e-01
 -4.3671250e-01
 -1.5606920e-01
 -8.0935407e-01
  7.7963508e-05
 -8.8766164e-01
  2.7237473e+00
  4.9284406e-02
  7.4467637e-02
  5.0367707e-01
  2.4797804e+00
 -1.0842082e-01
  5.6375003e-01
  6.4340347e-01
 -1.2311288e-02
 -2.6453528e-05
 -2.2719270e-05
  8.2598507e-02
 -1.1228566e-05
 -1.7503650e-04
  2.6417226e-01
  4.7191969e-01
  8.4628509e-06
  3.8439080e-01
  2.2500444e-05
  3.1589186e-01
  6.5611726e-05
  1.2871583e-01
 -5.0312147e-02
  3.9817327e-01
  1.5980227e-01
 -9.5218070e-02
  1.4665897e-01
  2.1206622e-01
  6.2345290e-01
  3.9667198e-01
  3.6907265e-01
 -1.5044357e+00
  1.3265929e-01
  1.2190812e-01
 -2.4853261e+00
  2.9210753e+00
 -1.4901913e+00
 -1.0002543e-01
  1.0000037e-01
 -6.4144468e-01
  1.6637026e+00
 -1.7546844e+00
  5.4962707e-01
 -1.0295451e+00
 -6.2002414e-01
  9.7894281e-01
  1.9755770e+00
 -4.6352234e-01
  1.0004203e-01
  1.7514780e+00
  1.5314249e+00
 -4.2086655e-01
  1.1822691e+00
 -2.4213490e+00
 -2.3914218e+00
 -2.5718474e+00
 -2.5770061e+00
  1.0000572e-01
  1.5493245e+00
 -1.0001331e-01
  2.5107899e-01
  1.9974668e+00
 -6.7897975e-01
  1.2285324e+00
  2.7206392e+00
  8.1299841e-01
  1.1445470e-01
  1.7884775e+00
 -1.3896422e+00
  2.5830142e+00
 -1.0000003e-01
 -8.4151703e-01
  1.7692909e+00
  2.0574818e+00
 -1.2019593e-01
 -8.9250988e-01
 -1.1885153e+00
 -5.2507794e-01
 -8.3473867e-01
 -1.0597230e+00
  1.0165380e+00
 -1.0000030e-01
 -1.2641721e+00
  1.3401892e+00
  3.8512478e+00
 -3.4387391e+00
  6.6278660e-01
  6.4150476e-01
  1.9887050e+00
 -1.1431487e+00
  3.7835687e-01
 -1.6242701e+00
 -1.9026339e-01
  5.2228659e-01
  3.1163552e+00
 -2.9229817e+00
  1.6274992e-01
 -1.2650822e+00
 -1.0062248e-01
 -1.4812844e+00
  1.0237343e-01
  1.0000327e-01
  5.9145641e-01
  4.3018365e-01
  1.1846530e+00
 -6.2241095e-01
  1.2941328e-01
  3.1380650e-01
 -2.0583425e-01
  4.5932671e-01
 -9.3401694e-01
  1.8279796e+00
 -2.4674296e-01
 -1.3840148e-01
 -1.0004281e-01
  1.0005620e-01
  1.0000441e-01
 -1.0003006e-01
 -1.0008964e-01
 -1.0006537e-01
  1.0000158e-01
 -1.0003185e-01
  5.3952068e-01
 -1.2343841e-01
  9.4617838e-01
  1.3961187e-01
 -4.9278963e-01
  5.6805468e-01
 -4.2999488e-01
  2.5190718e+00
 -1.7178469e+00
 -5.1339459e-01
  1.1587884e+00
  1.0000000e-01
 -1.0000071e-01
 -6.1772686e-01
 -1.0000127e-01
 -8.5816818e-01
  1.1725641e+00
  1.7642676e+00
  1.6453395e+00
 -1.4464661e+00
 -2.4711804e+00
  1.3896918e+00
  4.7384081e+00
  1.7731005e+00
 -1.0731164e+00
  1.0531914e+00
 -1.2790179e+00
  1.0024532e+00
 -7.6539749e-01
  7.8286684e-01
  2.8367260e+00
 -1.6589800e+00
 -4.7205272e-01
  1.4938128e-01
  6.2538981e-01
 -6.4252901e-01
  1.4384547e+00
  1.5455350e-01
  9.6281880e-01
 -4.9499974e-01
 -1.4276592e+00
  1.4401996e+00
  1.7026403e+00
 -1.9159663e-01
  2.8133655e-01
 -1.0000132e-01
 -1.0004711e-01
 -1.0000003e-01
 -3.9961603e+00
  1.4275513e+00
  2.7587321e+00
 -1.9963900e+00
  1.6950173e+00
 -3.1193979e+00
 -4.0246475e-01
 -5.0283378e-01
  7.3724341e-01
  5.2257401e-01
  3.7149985e+00
 -2.6313431e+00
 -6.8848193e-01
  2.6127501e+00
 -1.8299435e+00
 -2.4548514e+00
  1.9787070e-01
  2.2419100e+00
  1.3901139e+00
  4.8555443e-01
  1.0425583e+00
  4.7926798e-01
 -9.2695993e-01
 -1.0077722e+00
  2.4599984e+00
  7.3305339e-01
  3.2351375e+00
 -1.7069623e+00
 -1.2560828e+00
 -1.0000022e-01
  2.2377521e-01
  1.7059706e+00
 -2.5892866e-01
 -3.6196499e+00
  1.0843432e+00
 -3.0814235e+00
  1.0000128e-01
 -1.0476320e+00
 -4.7928229e-01
 -3.4945111e+00
 -2.6319072e+00
 -1.0152978e-01
 -9.8313409e-01
 -5.5091166e-01
 -1.0000020e-01
 -1.1892673e+00
 -1.7053891e+00
  1.6872247e+00
  1.0000015e-01
  1.4323016e+00
  3.4384511e+00
  1.0000207e-01
  4.0811688e-01
  1.0000107e-01
  1.0000364e-01
  1.0706388e+00
 -1.1050476e+00
  1.5835346e-01
  1.1585037e+00
  1.0000248e-01
  1.0001643e-01
 -2.4098444e-01
 -8.6178571e-01
 -1.7997576e+00
  1.0000002e-01
 -5.6167388e-01
  1.0000123e-01
 -3.8833192e-01
 -6.5712851e-01
 -2.9924521e+00
 -1.0000008e-01
  1.0000277e-01
  9.4320279e-01
  6.9819003e-01
 -2.2358069e+00
  1.0372467e+00
  1.0000709e-01
 -6.8537360e-01
 -5.4201066e-01
  1.0000018e-01
  2.8445461e+00
  4.7114539e-01
 -3.0988257e+00
  1.6443765e+00
 -1.0002591e-01
 -6.6114539e-01
 -2.4385884e+00
 -2.0638118e+00
 -1.0000385e-01
 -2.0351164e+00
  1.0000515e-01
 -3.5350239e-01
 -1.1494466e+00
  1.3915418e+00
  1.4641694e+00
  6.4459538e-01
  3.1278503e-01
  1.2533401e+00
  7.2359544e-01
 -1.0000040e-01
 -1.5594242e+00
  2.3446724e+00
  3.7654290e-01
 -1.0000054e-01
  4.6345687e-01
  1.2061781e+00
  1.7963532e+00
  8.7104809e-01
  2.5284978e-02
  2.5284978e-02
  2.5284978e-02
  2.5284978e-02
  2.5284978e-02
  2.5284978e-02
  2.5284978e-02
  2.5284978e-02
  2.5284978e-02
  2.5284978e-02
  2.5284978e-02
  4.5465637e-02
  4.5465637e-02
  4.5465637e-02
  4.5465637e-02
  4.5465637e-02
  4.5465637e-02
  4.5465637e-02
  4.5465637e-02
  4.5465637e-02
  4.5465637e-02
  4.5465637e-02
  2.5835413e-02
  2.5835413e-02
  2.5835413e-02
  2.5835413e-02
  2.5835413e-02
  2.5835413e-02
  2.5835413e-02
  2.5835413e-02
  2.5835413e-02
  2.5835413e-02
  2.5835413e-02
  1.5193031e-02
  1.5193031e-02
  1.5193031e-02
  1.5193031e-02
  1.5193031e-02
  1.5193031e-02
  1.5193031e-02
  1.5193031e-02
  1.5193031e-02
  1.5193031e-02
  1.5193031e-02
  1.0317245e-02
  1.0317245e-02
  1.0317245e-02
  1.0317245e-02
  1.0317245e-02
  1.0317245e-02
  1.0317245e-02
  1.0317245e-02
  1.0317245e-02
  1.0317245e-02
  1.0317245e-02
  1.1813610e-02
  1.1813610e-02
  1.1813610e-02
  1.1813610e-02
  1.1813610e-02
  1.1813610e-02
  1.1813610e-02
  1.1813610e-02
  1.1813610e-02
  1.1813610e-02
  1.1813610e-02
  4.4295518e-03
  4.4295518e-03
  4.4295518e-03
  4.4295518e-03
  4.4295518e-03
  4.4295518e-03
  4.4295518e-03
  4.4295518e-03
  4.4295518e-03
  4.4295518e-03
  4.4295518e-03
