nep3 1 Si 
cutoff 5 5 53 53
n_max 10 10
basis_size 10 10
l_max 4 2 0
ANN 50 0
  1.2306795e-04
 -2.6005694e-01
  6.4762011e-02
  2.1902353e-05
 -2.9402574e-05
  2.8001029e-06
 -1.8611290e-05
  3.0370265e-06
 -4.1234064e-01
 -1.4081351e-05
 -5.4473627e-02
 -3.9058682e-06
  2.2613217e-06
  9.4217576e-06
 -2.0976160e-05
 -1.0429707e-04
  7.4034404e-05
 -1.3264490e-04
 -9.1864364e-05
 -2.0069703e-02
  2.1821650e-04
 -3.0148312e-05
 -7.4294571e-06
  7.1029877e-05
 -1.1422805e-05
  5.0305988e-04
  6.6179095e-04
 -5.4217140e-05
  1.8075725e-05
  5.3697953e-05
  1.3921375e-04
  1.4304619e-05
 -2.6647567e-06
  3.0194804e-05
  1.1560366e-05
 -1.2801273e-03
  2.2993879e-03
 -2.1680022e-05
  7.7565150e-05
  2.0236446e-05
 -3.5586767e-05
  1.3515236e-05
  1.7484332e-05
  9.0759859e-06
  5.5877696e-05
 -1.2478539e-05
 -3.8179485e-05
  2.1420727e-05
 -2.1906930e-05
  3.1934436e-05
  1.7684915e-05
 -6.0914164e-05
  2.3910237e-04
 -1.0052343e-06
 -8.2205028e-05
  4.5859852e-05
 -1.5442860e-05
 -8.8464449e-06
  9.2488908e-06
 -3.4445006e-06
  2.7416059e-05
  1.3070212e-05
 -6.3074713e-06
 -4.1948413e-04
  3.6188325e-05
  3.3123531e-05
  8.7170488e-01
 -8.9914596e-01
  9.1180480e-01
 -2.4670596e-01
  8.8758284e-01
  4.9538827e-01
  5.6519264e-01
  4.4186518e-01
 -8.7082726e-01
  6.9580871e-01
 -2.0755248e+00
 -5.3986836e-02
 -2.7437449e-01
  4.3984238e-02
 -2.0454498e-01
  6.5260415e-06
 -6.3476157e-01
 -9.3372136e-01
 -3.8255906e-01
 -1.6631324e+00
  1.4903735e-01
 -9.1695917e-01
 -9.6363835e-02
  5.8232015e-04
  1.2962833e-01
  3.1228730e-01
  4.0151939e-05
 -8.3714074e-01
  1.0745385e-02
 -1.0168868e+00
  2.8118182e-05
  8.0829018e-01
 -2.4528347e-01
  2.9362839e-02
 -4.2868084e-01
 -8.2262802e-01
 -1.7859290e+00
  5.4582930e-04
 -1.6249889e+00
  7.8356588e-01
 -1.4470572e+00
  4.1258091e-01
 -4.9321002e-06
  3.3582464e-01
 -3.4697437e-01
 -2.0549031e-01
 -2.3858951e-01
  2.5589076e-01
 -1.4159839e-02
 -1.3576555e+00
  7.1626544e-02
 -1.9250990e-01
 -7.2775435e-01
  5.0537218e-03
 -4.0031549e-01
  6.7575663e-01
 -3.5665382e-04
  3.4285147e-02
  6.7981541e-01
 -2.5557489e-05
  2.2408712e-01
  2.9735467e-05
 -9.3926328e-01
  1.7569078e-05
  6.0133814e-05
  4.3110904e-05
  1.9582245e-01
  7.4518317e-01
  1.1868573e-01
 -9.0078837e-01
 -4.5364864e-02
 -1.9977392e-01
 -1.1016464e+00
  9.1413480e-01
  1.3506435e-01
 -1.4950181e-04
 -3.5159317e-01
  1.9951332e-02
 -1.3262741e-01
 -1.4075389e-02
  2.6325074e-01
  1.9298865e-02
  1.1233951e-01
 -1.6594853e-05
  1.8183302e-05
 -1.9301365e-01
  4.5532760e-01
 -4.9290364e-05
  1.2783135e-01
 -1.7197681e-05
  7.7117991e-05
 -1.3287291e-01
  4.0402271e-02
 -1.4960867e-01
 -8.8370485e-05
 -1.1228644e-04
 -2.9316400e-03
  2.3902451e-01
 -4.8846960e-02
  3.5648870e-01
 -5.1204711e-02
  3.6092669e-01
  3.5471044e-02
  5.9861846e-02
 -3.2485762e-01
 -1.0892441e-01
 -7.6807958e-01
 -9.6072005e-03
  2.5912273e-01
 -4.8209816e-01
 -5.3355479e-01
 -3.9509866e-01
  1.4677928e-01
  7.4891321e-02
 -1.5086424e-01
  1.0420968e-05
  1.3432552e-01
  3.7255965e-02
 -1.5124311e-01
  2.3191580e-01
 -3.6088202e-02
 -2.2138738e-05
  4.0651594e-07
 -3.2913259e-03
  1.6213255e-04
 -4.5760127e-05
  4.5255098e-02
 -5.7284942e-05
 -6.3498963e-05
  1.5691920e-05
  2.5300682e-02
  1.6158363e-06
 -1.1686580e-05
 -1.1005207e-05
  4.3382624e-06
  6.6000007e-07
  2.5778345e-05
 -7.9337995e-05
  3.1412469e-06
  5.1083396e-05
 -1.5654003e-05
  3.9521651e-06
  1.0760717e-05
 -2.5203928e-05
  7.6220585e-06
 -2.7469176e-05
  1.3647314e-05
 -1.9007091e-05
 -5.3971735e-06
  1.8107612e-06
 -1.7082890e-05
  2.2833396e-05
  2.0130408e-05
 -2.3155031e-05
 -4.1235347e-05
  8.5127094e-06
 -1.5631542e-05
 -1.2704695e-05
  7.8788071e-06
  2.2843442e-06
  6.1660971e-06
 -1.4317944e-05
  2.9273979e-06
  4.2545857e-06
 -1.6425718e-05
 -4.7234469e-05
  5.6100589e-06
  4.9172206e-05
 -9.6755457e-06
 -1.8488659e-05
 -1.2600655e-04
  7.3238552e-06
  3.7295111e-05
  3.1507749e-05
 -7.0029011e-05
  1.5327976e-05
 -2.2318247e-06
 -3.4591740e-06
  1.8098467e-06
  3.0573548e-05
  9.7940974e-06
 -2.2882439e-05
 -2.1062639e-05
 -2.5555886e-05
 -2.8319404e-05
  1.1874763e-06
  9.4745177e-05
  2.7583863e-05
 -5.8813741e-05
 -4.3600165e-05
 -1.9253200e-06
  1.0823483e-05
  1.4266053e-05
 -1.1204935e-04
  2.2252338e-05
  5.3499311e-06
  6.8625748e-05
 -2.7900205e-05
 -5.0641305e-05
  2.7484652e-06
 -1.5069029e-05
  4.9647195e-05
 -6.2845775e-06
 -8.0761502e-06
 -8.2296901e-07
 -5.6059221e-06
  4.2782112e-06
 -1.5226387e-05
 -2.5557156e-05
  9.4962252e-06
 -1.7161603e-06
  2.0387284e-05
 -1.4510413e-05
 -1.1500300e-05
  1.2613993e-04
 -3.9744141e-06
  1.2094711e-05
  4.6584024e-05
 -5.3003801e-06
  5.4763996e-07
 -3.7155530e-06
 -1.0432960e-06
  1.8225930e-05
 -2.8631899e-05
  2.1599824e-05
  1.3215379e-05
  2.0835407e-05
  4.6857494e-05
  2.4417439e-05
 -3.4094272e-05
 -2.2073759e-06
 -1.3729243e-07
  5.4202916e-05
  6.7600158e-05
 -3.7840236e-05
 -1.3912713e-05
 -5.4590259e-07
  5.1525563e-05
 -2.1797503e-05
  9.7983320e-06
  3.9805382e-05
 -1.2661503e-06
 -1.6761403e-05
  4.2355030e-05
 -6.2413412e-05
 -4.2308358e-05
 -1.4866982e-05
 -4.1580872e-05
  2.3141271e-05
 -3.6878773e-05
  1.0243487e-05
  6.0861312e-06
  2.7477970e-05
  2.5183865e-05
  2.0669833e-05
  6.1215742e-06
 -3.1786793e-05
 -2.2900709e-05
  9.8447399e-06
  3.3070176e-06
 -1.0146028e-05
  1.7545426e-05
  5.8419741e-06
 -5.3080479e-05
  4.7733552e-06
  7.5421743e-02
 -2.0153254e-01
 -2.8116938e-06
  1.0020785e-05
  2.0643358e-06
 -4.0118619e-05
  9.6428312e-07
 -1.3546828e-05
 -3.1961654e-06
 -2.4598010e-01
 -4.6886038e-05
  1.4365163e-04
  1.1161670e-05
  1.7032922e-06
 -2.1618045e-05
  3.2343617e-06
  1.6169721e-05
 -5.8539772e-06
  6.5040964e-05
 -2.0763882e-02
 -3.1483567e-05
  3.6479759e-03
 -3.4342425e-05
  1.0980530e-06
  1.3396112e-05
 -2.2895229e-05
  5.5702840e-05
  1.7815402e-05
 -2.3872299e-05
 -4.8941783e-05
 -1.1180100e-02
  5.2811389e-05
 -6.9961556e-05
  6.6777509e-05
  1.0287586e-06
 -6.5203180e-04
 -2.0794800e-05
 -2.1523982e-05
 -1.6300955e-05
  1.6198650e-01
  6.5762550e-04
  1.1137771e-05
  2.7640206e-05
 -3.8211560e-04
  1.0867641e-06
 -9.5967216e-06
 -1.6241283e-04
 -3.4215700e-05
 -1.0981964e-02
 -1.3235463e-04
  5.7835490e-03
 -1.6586011e-05
 -3.0134467e-04
  1.9803444e-02
 -2.3135784e-05
  6.4885290e-04
  7.4098127e-05
 -1.3200452e-05
  1.9797331e-05
 -3.6959264e-06
  2.6197199e-07
  3.4741013e-05
 -1.1575039e-05
  3.1775262e-06
 -9.0795671e-05
  1.4053588e+00
 -3.1717765e+00
  2.0453129e+00
  5.9140974e-01
  2.2255355e-01
 -6.6040200e-01
 -1.6272011e+00
 -1.3173791e+00
 -6.7621571e-01
 -2.4378273e-01
  1.6425407e+00
  8.3723694e-01
 -1.7058358e-01
 -5.7855779e-01
  2.9963019e-01
 -9.6861698e-04
 -1.5194597e-05
 -6.3755322e-01
 -1.1349412e-01
 -1.8253109e-03
 -6.7704827e-01
 -1.4631058e+00
  2.8370107e-03
  1.0768960e+00
  5.1870531e-01
  4.1018786e+00
  2.1765108e-01
 -6.1859208e-01
 -3.4766746e-01
 -4.8259113e-02
 -1.2622489e+00
  4.8068145e-01
  2.9600350e-02
 -1.8241639e-01
  1.1717432e+00
  2.2231482e-01
 -2.3405647e-01
 -3.1120304e-03
 -1.1558504e+00
 -2.3468225e+00
 -2.7737448e-02
 -8.2730848e-01
 -8.2767838e-01
 -5.1033404e-02
 -7.9421192e-02
 -8.9512813e-01
  3.4018703e-02
  8.0548012e-01
 -7.7569722e-03
 -1.0040723e+00
  4.3399578e-01
 -1.6106437e-01
 -2.6567739e-01
 -8.8783622e-01
 -2.8930485e-01
  1.6429617e-01
 -3.7084132e-01
  5.5406924e-02
  1.0213622e+00
 -2.4313311e-05
  1.1953741e+00
 -1.6172555e-05
 -3.6134562e-01
  4.5840279e-06
  3.9091301e-05
  6.8312861e-02
 -6.6024703e-03
  7.8628607e-02
 -1.3257837e-01
  1.2062786e-01
  4.0470311e-04
  2.1176891e-06
  1.9727711e-04
  2.7428192e-01
  2.6762694e-01
 -2.9718442e-05
  6.0295773e-01
 -8.7407982e-04
 -8.8586339e-06
 -1.5313812e-01
 -4.5844337e-01
  3.2211856e-06
 -3.2193717e-01
 -2.1503560e-01
 -3.8476284e-03
 -3.1533611e-01
 -2.2205958e-01
 -2.7617696e-01
  8.4753716e-05
  8.1955710e-05
  1.2898489e-03
  4.9796218e-01
 -8.7915566e-07
  2.9328486e-01
  6.0764658e-05
  9.8255486e-04
 -3.2383559e-06
 -3.8525991e-07
  1.3455594e-01
  2.6079244e-05
  9.5974380e-04
 -1.3669685e-01
  5.3591626e-03
 -3.2954065e-06
  9.7725755e-01
 -1.1364535e-06
  4.1719586e-01
  8.8822716e-01
 -4.6674082e-05
  2.2035953e-01
 -6.2688785e-03
 -5.0204090e-04
  3.1961030e-01
 -3.6428303e-01
 -7.0014693e-02
 -2.3786221e-01
  3.9337305e-05
 -1.2687354e-01
  9.4859183e-02
 -1.4584821e-04
  3.4095560e-06
  1.3547624e-02
 -4.6704568e-05
  5.6400389e-05
 -1.0959266e-05
  1.1322838e-05
  4.7287631e-06
  7.9152296e-06
 -3.3540513e-05
 -3.1285288e-06
 -7.1047555e-07
 -2.6026144e-06
  4.8643269e-06
 -5.4368782e-01
  2.1740901e-01
 -3.8995338e-04
 -2.5092912e-05
 -4.9366349e-06
 -2.5521970e-01
 -3.7688443e-01
 -1.1086903e-03
 -1.0120159e-05
 -1.0306888e-01
  2.3845644e-04
 -1.4122112e-06
  1.0933174e-03
  7.6899651e-06
 -1.1492458e-05
  1.1195610e-04
 -1.3582263e-05
 -4.6894580e-05
  1.5836228e-04
  7.8581564e-02
  9.9501193e-02
 -7.6662056e-04
  1.3221395e-05
  4.2238421e-06
 -1.3716961e-01
  3.3855704e-05
 -5.6758709e-05
  1.1499278e-05
  2.1359472e-06
  2.6778836e-04
  1.5815377e-03
 -1.3857052e-05
 -2.5037163e-05
 -1.2822337e-05
  6.4809188e-02
 -4.7143392e-05
  1.3450651e-06
 -5.8232087e-01
 -1.3286460e-05
 -3.4859728e-02
 -3.5967237e-01
  1.0049352e-05
 -1.9338318e-05
  2.6100568e-04
  3.1972167e-04
 -6.9193484e-05
 -2.4959246e-02
  7.8259240e-05
  3.1808034e-02
 -5.7232697e-05
  1.3809926e-05
 -8.5048545e-05
  2.2918601e-04
 -9.8530854e-06
 -1.2441324e-04
  3.9057762e-05
 -3.3575641e-05
 -6.2373743e-05
  1.4879560e-05
  2.7866208e-05
 -7.2286548e-07
 -9.9652161e-06
  3.6279740e-05
  1.7116901e-05
  2.0032116e-06
 -1.1523670e-03
 -4.1530842e-01
 -1.7647438e+00
  2.4534895e+00
 -7.4769218e-06
 -5.6004596e-06
 -9.9298221e-01
  3.0954012e-01
 -2.9760847e+00
  1.1069968e-01
 -1.8827070e+00
 -5.4282582e-01
  7.2655374e-01
 -1.9794279e-01
 -8.8252574e-01
 -3.9875379e-01
 -1.4982214e+00
 -4.7574934e-02
  1.9425780e-02
 -1.9992607e-05
 -1.3080701e+00
 -3.8051021e-01
  2.7720455e-02
 -4.0499686e-05
  7.9582250e-01
 -2.7018276e-01
 -6.4787143e-03
 -3.4360048e-05
  7.7509561e-05
 -8.6950463e-01
  6.9651589e-02
 -4.2587107e-01
  8.5215256e-02
 -2.2805728e-01
 -2.3562464e-01
 -4.6097362e-01
  2.4024365e+00
 -3.2019630e-02
 -4.4123727e-01
  1.8419515e-01
 -1.3035191e-02
 -1.2803771e+00
 -2.9605394e-07
  1.4276606e+00
  9.7336337e-02
  2.0310819e-01
  1.2237621e-01
 -5.0605941e-01
 -5.1877392e-04
 -2.8704843e-01
 -6.3838291e-01
  3.5420632e-01
 -7.6230073e-01
 -9.1006047e-01
  4.9675226e-01
 -3.8351445e-03
 -1.5969745e-06
  4.0603310e-05
 -1.3723748e-05
 -5.5416272e-06
 -2.7364751e-04
 -6.4461688e-05
  1.3880348e-03
 -3.0944877e-05
 -6.0017712e-05
 -1.6221398e-05
 -1.0874136e-05
 -4.9052432e-01
  8.7306416e-03
 -3.5990073e-05
 -2.3880319e-05
 -2.1585752e-06
  3.7264190e-06
 -3.2768711e-01
 -6.3240469e-01
 -1.9492256e-06
 -1.3139692e-01
  2.2823495e-05
  5.8370235e-05
 -8.1741244e-05
 -4.2127735e-06
 -1.5727157e-06
  1.3975087e-05
 -1.0085467e-06
 -1.1679245e-05
 -4.2812924e-05
  3.8109050e-05
 -2.7267665e-06
 -2.0221170e-05
  9.9622457e-06
 -1.7481472e-05
 -2.4351370e-05
  3.9559953e-07
 -6.4334192e-05
  8.7790642e-05
  3.3646826e-05
  2.0439353e-05
  2.1822248e-06
 -3.9461906e-06
 -2.9593368e-05
 -1.0218379e-05
 -1.2560505e-04
  3.2035576e-05
 -1.4789767e-05
  7.4969071e-01
 -2.0276464e-06
  7.6537095e-02
 -4.3162049e-06
  6.0898856e-05
  1.0917661e-01
  1.8978927e-06
  6.3907959e-07
  9.0694295e-05
  7.0340247e-06
 -1.2691244e-05
  5.8193373e-06
  8.1902972e-06
  2.0873678e-05
 -3.2497665e-05
  6.8861441e-06
  6.7828150e-06
  1.0989021e-05
 -2.6983125e-06
  6.1705374e-05
 -5.6342160e-06
 -7.8166573e-05
  2.0319752e-05
  4.1508465e-06
 -2.2851225e-06
 -5.8468740e-06
 -5.8372316e-06
  4.8732047e-05
 -2.1889433e-02
 -2.5063183e-02
  6.2523395e-01
  4.8829764e-01
  2.3588318e-01
 -2.1561329e+00
  1.6368557e-03
 -3.4975323e-01
 -7.1488005e-01
  1.5031056e-01
  8.9849755e-02
  9.4688259e-04
  3.0428222e-01
 -2.6738185e-01
 -8.2651414e-02
  7.4650186e-01
 -1.6663662e-01
 -6.2424045e-02
  5.5355740e-01
 -3.2994431e-01
  1.6621438e+00
 -3.5982224e-01
 -4.2158801e-02
  7.0334619e-01
  7.7098906e-02
 -2.9175106e-01
  1.4619509e+00
 -9.3127704e-01
 -9.2733793e-02
 -7.5934798e-01
 -9.1823941e-01
  2.0853001e-01
 -4.6175037e-02
  5.4940986e-03
  3.5613960e-01
 -6.5497452e-01
 -7.5793159e-01
  1.2532908e+00
  1.2952456e+00
 -4.8677057e-01
  1.1338407e-01
 -1.5734228e+00
  1.9297916e+00
  9.1626585e-01
  3.4676760e-01
 -2.2638238e-04
  5.7541990e-01
 -8.0842841e-01
  9.9090836e-04
  1.5460334e-02
 -1.3096340e-01
 -2.5685996e-01
  2.5730523e-01
  1.5084944e+00
 -4.8682255e-01
 -3.8164046e-01
 -6.5725900e-02
 -1.4955892e-01
  9.5750045e-05
 -3.8498685e-01
  3.2859654e-05
  3.6927022e-04
 -1.2121006e-04
 -6.0559185e-03
  1.1588985e-01
  2.3928201e-01
  1.6348889e-05
  5.1570196e-06
 -1.8384987e-01
  1.6919852e-04
  1.0468649e-04
 -1.9438767e-06
  2.5464669e-02
  5.9367990e-06
  3.5934892e-04
 -2.4510065e-05
 -2.9936856e-02
 -2.3295035e-04
  4.0383065e-06
  6.8174624e-05
 -2.5398585e-06
  4.2463921e-06
 -1.7926930e-05
  3.8747648e-06
  4.6840145e-05
  4.2848042e-05
 -2.5179476e-01
  4.9026788e-05
  1.7070567e-03
 -2.0115674e-05
  3.4992349e-06
 -1.0382338e-04
  2.7114204e-06
 -4.2944277e-05
  1.5684648e-08
 -7.5406584e-05
 -8.3154161e-04
 -4.6222672e-02
  3.8865305e-06
 -3.8612976e-05
 -2.1270347e-05
  4.4846605e-04
 -4.9666112e-05
  1.4283160e-05
 -1.4889873e-05
  3.2609509e-04
 -6.9256132e-03
  1.2567976e-03
  1.7732513e-05
 -3.1703920e-03
  1.6155278e-05
 -5.0353632e-05
  2.5660574e-02
 -4.3053951e-04
 -2.7057571e-05
 -1.3386562e-02
 -1.0913868e-05
  2.8296381e-02
 -7.1449392e-02
  4.9141800e-06
  4.7064939e-04
 -5.1000411e-06
  3.3026867e-05
  1.6388327e-05
 -2.8899261e-05
 -3.9875507e-05
 -1.5579161e-04
 -2.8131051e-05
 -7.6834726e-07
  1.5848770e-04
  1.2103612e-05
 -2.2893822e-05
 -2.5634782e-04
 -1.8122320e-05
  4.2903857e-06
  4.2708456e-05
 -1.8814027e-04
 -1.2002082e-05
 -1.2792861e-04
  5.5623190e-05
  2.6141619e-04
  5.1472221e-06
  4.6982947e-05
  1.4210817e-05
  1.3594467e-06
  1.2478721e-06
 -6.9120852e-06
 -1.4304113e-05
 -6.3165236e-05
  3.4695456e-06
  7.1204653e-05
  1.0697875e-04
 -3.8983358e-06
  3.4748100e-05
 -3.5111821e-05
 -7.2962712e-07
  1.5554349e-05
 -5.2359061e-05
 -2.5072834e-05
 -1.3668913e-05
 -9.6219601e-06
  9.1229749e-06
  3.1943164e-05
 -6.4327123e-06
  3.0928455e-05
 -9.5490877e-06
 -1.0528478e-05
 -2.5941328e-05
 -2.4861854e-05
  1.6388198e-05
  4.0934752e-05
 -1.9089504e-05
 -6.7800006e-06
 -4.6345725e-05
  2.2585889e-05
 -9.5148651e-05
  3.5270983e-05
  2.5945114e-05
 -2.9010100e-05
  3.2370848e-05
  1.2316662e-04
 -6.6424160e-05
  1.4154984e-04
 -3.6084832e-06
  4.4165754e-06
  1.0094501e-05
  1.9043034e-04
 -2.9944749e-05
 -5.0914383e-05
 -4.4707682e-05
 -7.9495558e-06
 -1.3130515e-05
 -1.5186713e-05
  1.8399123e-05
  4.9602633e-05
  1.2291413e-05
 -5.7206249e-05
  1.3748700e-05
  3.8051956e-05
 -1.0953460e-05
 -1.0738893e-06
  1.5929114e-04
  9.9385416e-06
 -4.6656267e-05
  6.1134117e-05
 -1.8030243e-05
 -1.8482093e-05
  3.1061243e-06
 -1.0243140e-05
  1.5420412e-06
 -3.6190715e-05
  4.7992830e-06
  5.9181781e-07
  1.5806656e-06
 -4.3491400e-06
  2.7176648e-06
  1.0969615e-05
 -2.6163564e-06
 -2.2254621e-06
 -1.9986478e-06
 -4.9455950e-05
  4.5387649e-05
  1.3799242e-06
 -2.8870982e-05
  7.1484715e-06
 -2.7350039e-05
  1.1533139e-06
 -1.1051657e-06
 -1.0487850e-07
  1.4319290e-05
 -1.8371377e-06
  6.6010862e-06
 -3.8379647e-05
 -8.4074811e-05
 -1.6082140e-05
 -8.9709101e-06
  1.4348872e-05
 -2.6826552e-05
  4.2779916e-06
  1.4751419e-07
 -9.7216040e-02
 -8.0570235e-06
 -4.8515931e-06
 -2.1047690e-05
  4.2233987e-05
  3.3306456e-05
 -7.4867171e-07
 -1.0557842e-05
  4.2921442e-06
 -1.1351057e-06
  6.6533605e-05
 -6.7981905e-06
 -1.7284375e-06
  5.7442821e-06
  4.6438206e-05
  3.9433958e-06
 -2.3778446e-05
 -1.9278099e-05
  3.0488336e-05
 -2.3329825e-05
 -1.9267180e-05
 -4.9264116e-05
 -6.4443094e-07
  6.2933250e-06
 -1.3140928e-05
  1.2356372e+00
  8.4004140e-01
 -1.8452252e-04
  5.7141238e-01
  1.4108484e-02
  9.8817211e-01
  1.8774282e+00
  4.8963723e+00
 -8.8280159e-01
 -3.4753606e-01
  3.8772640e-01
  6.2656265e-01
  7.7793449e-01
 -6.6981006e-01
 -9.3408847e-01
  3.3359427e-02
  1.0006299e+00
 -2.2252925e-01
  1.4645977e-01
  1.1037533e-04
 -3.3781643e-03
  2.8989008e-01
  6.0121319e-03
 -1.1063721e+00
 -3.7392405e-01
 -3.3734079e-05
  5.8824688e-01
 -2.4715127e-01
  2.6885095e-01
  8.0145460e-01
 -9.0130031e-01
 -2.4958929e-01
 -2.3908487e-02
 -4.3439320e-01
  1.5830670e-01
  2.9049056e+00
 -2.9250997e-01
  3.0940096e+00
 -6.1065990e-01
  2.6181021e-01
  1.6039000e-01
 -2.4958040e-01
 -1.5037715e+00
  1.5688599e-03
 -3.0880641e-02
  1.4354795e-04
  3.7190560e-01
 -6.2309671e-05
  5.5297366e-03
 -2.6092719e-02
  7.0682110e-04
  9.5522687e-02
  7.8069315e-05
 -2.4736634e-01
  5.8294525e-05
 -3.6623687e-01
 -6.2210906e-01
 -7.2965131e-06
 -7.3689107e-06
  6.8167768e-02
 -3.5140997e-06
 -5.6220444e-05
  2.4854463e-01
  2.0603527e-05
 -2.0405393e-02
  3.0667468e-06
  5.3460099e-06
 -9.4495072e-06
  2.9255179e-05
  5.9459348e-06
  1.6805109e-06
 -1.3118825e-05
 -4.5774768e-06
 -1.8080650e-01
  2.6306690e-05
 -1.2582610e-05
  2.4182930e-06
 -3.3182000e-06
 -7.5023313e-06
 -1.3245479e-05
  2.6915113e-05
  1.3599570e-05
  5.5950004e-06
  1.4054369e-05
  3.7600028e-05
 -3.7815116e-06
  4.6941943e-05
  3.6382517e-07
  4.5101584e-05
 -1.4686155e-05
 -4.9033300e-05
  2.1740721e-05
  1.6459175e-04
  1.2654713e-05
 -4.8974161e-06
 -1.9562318e-05
 -1.0172247e-05
 -2.2765933e-05
 -6.4417859e-06
  5.9550471e-06
  1.1182213e-04
 -1.1413425e-06
  2.0278501e-05
 -2.0381518e-05
 -3.1994718e-05
 -4.8060931e-05
 -9.4666975e-06
  4.0883119e-06
 -2.3642437e-05
  2.2214976e-05
  1.1049809e-05
  9.9109449e-05
 -2.3571638e-06
  5.4730349e-06
  1.4498247e-05
  7.4644682e-05
 -1.8772098e-05
 -2.5956822e-07
 -4.7099489e-05
  2.6867338e-05
 -1.6326861e-05
  4.4937733e-05
  1.6268088e-05
 -2.9055142e-05
  1.9072015e-05
  8.0718282e-06
  4.4763647e-07
  7.6601418e-07
  3.0511404e-05
  4.2580855e-06
 -1.2718929e-05
  1.5933637e-01
  2.7664332e+00
  7.6626915e-01
 -2.2434199e-01
  5.2051364e-06
  5.4883245e-02
 -1.8409506e-03
  1.2433231e+00
 -4.0185806e-01
  6.6618013e-05
 -8.2601152e-02
  2.9500215e-03
 -1.3507427e-04
  3.3029916e-03
  8.6387470e-03
  1.9614830e-05
  9.6266762e-05
  4.6394875e-06
  2.9485321e-01
  9.9886708e-02
 -2.0030363e-01
  6.2707797e-02
 -5.0530783e-03
 -1.5564692e-04
 -1.6663188e-01
 -5.7902920e-01
  4.0617165e-06
  1.0758446e-05
 -2.3372363e-01
  1.7243190e-04
 -6.2854886e-02
 -1.5162189e-01
 -2.9127272e-05
 -5.7824873e-03
 -9.3921632e-02
  4.0212464e-02
  1.2514141e+00
  3.0581283e-05
  1.3369636e-02
 -8.7469451e-02
  6.3166204e-05
 -3.9430368e-01
 -6.8804806e-01
 -1.6336302e-01
  2.1584623e-03
  2.0343261e-06
 -3.7795267e-01
  9.6186221e-01
  1.7052726e-03
 -1.5054617e+00
 -1.8346300e-03
  1.5481769e-01
 -6.8901545e-01
 -9.7746670e-04
  6.2470967e-01
 -4.5021105e-05
  3.0609994e-05
  1.1579042e-05
 -3.2970967e-04
  2.2870345e-05
 -5.5616824e-06
 -7.1352268e-05
  1.0335266e-04
  2.0182676e-04
 -1.2788704e-05
  2.9052750e-05
 -2.0773480e-06
 -2.8428379e-01
  9.9870962e-01
 -7.6922648e-02
 -1.2637480e-02
  3.5621648e-05
 -1.0374354e+00
 -1.3031938e+00
  6.9006342e-01
  1.4570056e-05
  2.5534353e+00
  1.4011069e-05
  7.9568061e-05
 -3.4608474e-04
  7.7170507e-06
  2.7879139e-05
 -5.8476999e-05
 -2.0247795e-05
  1.8490773e-05
 -1.5746480e-04
  7.4610673e-03
 -1.7761977e-02
 -2.3729445e-03
  5.5860401e-05
 -3.7564179e-01
 -2.3645906e-04
 -3.0064939e-05
 -4.4796932e-03
 -3.1501695e-05
  1.0926778e-05
  3.2351140e-02
  6.0616925e-02
 -5.0254021e-05
  4.1077133e-06
 -6.8817494e-06
  2.7519852e-02
  4.9391320e-01
  1.9230298e-04
  4.2659824e-05
 -3.6473630e-05
  1.1032406e-02
 -2.1449169e-02
  4.2100798e-02
  1.7339812e-01
  2.5768304e-04
  1.2383216e-05
 -7.1074992e-02
  1.2375340e-02
  2.2065328e-01
  6.3575363e-01
 -3.0862698e-01
  3.1645179e-03
 -7.1584925e-02
  1.5476418e-05
  5.1058199e-02
 -2.3639888e-05
  3.2722477e-07
 -1.1237981e-04
  5.4748548e-06
 -6.2300546e-07
 -2.5332858e-05
  1.5728006e-09
 -1.0276923e-05
 -2.5811372e-05
 -5.7976267e-06
 -9.9695681e-06
  7.6836768e-05
  2.0236116e-06
 -1.6199643e-06
  3.8464543e-05
  5.2442974e-06
 -1.2979895e-05
  8.4333687e-06
 -1.2244485e-05
 -2.9751696e-05
  3.9419825e-05
  1.0487825e-05
 -2.9001587e-05
 -2.5367626e-06
 -2.2047677e-06
 -2.9025475e-07
 -4.3272150e-05
 -3.7984819e-08
 -4.9437022e-06
 -2.1756365e-05
  1.2106633e-05
  3.4080067e-06
  5.0394970e-05
 -6.0485063e-06
 -2.7828703e-05
  2.9484059e-05
  1.9422301e-05
  3.2049615e-05
  1.4846738e-05
  3.2026801e-06
  2.6948615e-06
 -1.0296356e-05
 -4.0077271e-06
  1.5991915e-06
  2.4191142e-05
  4.9223239e-05
  8.2868937e-06
  8.3531973e-05
  3.7052191e-06
  1.0050796e-05
 -1.0876268e-05
 -1.8108121e-05
 -4.1299895e-06
 -1.1011468e-05
  1.4534045e-05
  1.8853179e-05
  7.7411113e-07
  7.8473713e-06
  4.0042214e-05
 -5.8104188e-06
 -2.1545202e-07
  8.0295595e-06
 -6.3816110e-06
  4.2550778e-06
  6.7708334e-06
 -1.2128078e-04
 -5.7103580e-07
 -8.9266996e-06
  1.3132991e-05
  2.6920716e-05
 -7.9276557e-05
 -5.2761818e-05
  1.8681687e-06
  3.4527053e-04
 -9.4062470e-06
  1.0717587e-05
  5.0436556e-05
  2.4910914e-03
 -2.4526654e-02
  1.2438970e-02
  1.9952742e-05
 -2.1645718e-03
 -4.3185573e-05
 -2.8358022e-04
 -1.5143389e-05
  2.6952990e-03
  1.5774664e-06
 -1.9601886e-01
  1.0217389e-03
  8.0126971e-05
  8.9447468e-04
 -1.0066143e-03
  1.8443905e-01
  9.6680660e-06
 -1.6144980e-06
  3.6650865e-06
 -2.2322956e-02
  7.8515339e-01
 -7.4580960e-02
 -1.0105259e-03
  2.2511410e-02
  2.4703467e-02
  1.9747938e-01
  1.7092291e-03
 -4.5230839e-02
  1.8867025e-01
 -6.6639019e-05
  5.8301069e-02
  2.0935336e-01
  5.2768050e-06
  4.2580432e-04
 -2.8859982e-05
 -7.3028281e-02
  3.1270927e-03
 -1.9349851e-05
 -4.8345394e-02
 -2.3062380e-04
  1.6302674e-01
 -7.1754873e-02
  3.6041579e-01
  4.7933776e-03
  1.1126851e-04
  1.5720068e-02
 -5.1394321e-02
 -1.1453589e-01
  2.1542656e-01
 -3.5261676e-02
 -6.5826876e-03
 -1.2022330e-02
  9.7499602e-02
  6.1065704e-04
 -1.5342581e-01
 -3.1165771e-05
 -1.3225648e-05
 -2.6756996e-01
  9.6396208e-03
 -8.9312962e-06
  1.9443507e-04
  2.0741511e-03
 -1.2127968e-05
 -4.2118378e-02
  8.4575486e-06
  5.8495731e-04
 -3.7744841e-05
  9.8643686e-05
  1.6463992e-04
 -2.1757678e-05
 -1.5043125e-05
 -9.6058830e-06
 -3.1948046e-05
  8.5362648e-05
  3.5333011e-05
 -3.5033634e-05
 -2.0457382e-07
 -7.6585811e-06
  1.8962555e-06
 -4.7824538e-05
 -4.8662845e-05
  1.0611935e-04
 -3.4289656e-05
  7.7283485e-06
  7.7094473e-06
 -5.3024482e-06
 -3.0552592e-06
 -1.7789927e-05
  1.5172537e-05
  4.5152687e-05
  3.3330487e-06
 -2.3992184e-06
 -8.9247387e-06
  4.8370057e-06
 -1.0695238e-05
  2.2735144e-06
  1.1075470e-05
  2.2298442e-05
 -3.2255316e-06
 -1.8603949e-06
 -2.2037531e-05
  1.4153016e-05
 -4.0760537e-05
 -5.5492810e-06
 -6.2109775e-06
 -4.4463945e-05
  6.9381400e-05
 -5.7584868e-05
 -2.0072716e-06
  6.1376792e-05
  6.3046036e-06
 -2.1752174e-05
  2.3990431e-05
 -2.2769793e-05
 -2.8676318e-06
  1.1262384e-05
 -2.2109103e-05
 -2.0412782e-04
  1.8272911e-05
  2.3589198e-05
  7.5499956e-05
  2.6160254e-07
 -2.2418557e-05
  2.6120291e-05
 -6.6925140e-06
 -3.1029220e-05
 -2.9521019e-05
  7.9585516e-06
  2.2196442e-05
 -2.4654873e-05
 -7.3611395e-06
  5.5500300e-06
 -5.6732160e-06
  6.9760841e-01
  6.5572071e-01
  1.2374798e-02
  3.6684328e-01
  3.8033149e-01
 -9.9283531e-03
 -8.4852833e-01
  2.0797491e+00
  9.8273307e-02
 -2.8831175e-01
  1.1580298e-04
 -7.1026522e-01
  7.7796125e-01
  1.4820038e-03
 -7.7810329e-01
  4.2557767e-05
 -6.9441841e-05
 -4.9793344e-02
  1.1120178e-05
 -6.6747263e-05
  4.4456720e-01
  1.8849206e-03
 -2.0027416e-02
 -1.9124540e-02
  9.7157545e-06
 -5.7462740e-01
  5.3328508e-01
 -6.7192003e-02
 -3.9935875e-01
 -1.6210862e-01
 -1.0637031e+00
 -1.1740684e-01
 -2.3385085e-01
 -1.5349276e+00
 -1.1156458e-01
 -1.3042983e-01
 -1.0608828e+00
 -2.5835941e+00
 -2.6912072e-01
  1.4261973e+00
  1.4858796e-01
 -7.6343268e-01
 -8.3515093e-02
  8.9309707e-02
 -3.4314480e-01
  7.4335760e-01
 -7.8115833e-01
 -6.2065441e-03
 -4.9708594e-02
 -1.3853714e-01
 -1.0100265e+00
 -4.4055328e-01
 -1.7481293e-01
 -2.4288464e-01
 -1.0298006e-05
  3.1935819e-05
 -1.1477582e-04
 -4.5743913e-05
 -1.6031910e-05
 -9.9697398e-05
  5.0361185e-05
  3.2447343e-04
  1.0738090e-04
  4.5967608e-06
 -6.9941297e-02
  5.4182469e-06
 -9.2447087e-02
 -2.1849796e-01
 -4.5670422e-06
 -6.7753514e-05
 -1.4371082e-05
 -1.6629470e-04
 -2.0664853e-04
  1.9813851e-02
  1.9401383e-05
 -1.0956299e-01
 -9.6258931e-02
 -9.7294876e-05
 -4.3784399e-07
  1.2376908e-02
  1.5266933e-05
  1.4844541e-01
  9.6587732e-02
  6.6599822e-01
  4.0266958e-01
 -3.6108555e-05
  5.3240848e-01
 -1.0570236e-03
 -8.5593756e-06
 -3.8043268e-02
 -1.1506525e-01
  6.4518440e-07
 -1.5795909e-01
 -2.8632347e-02
 -9.6123411e-05
 -8.4147155e-02
 -2.3727468e-01
 -3.4372825e-03
 -1.5708621e-04
 -1.5124706e-02
  5.0926988e-05
 -1.9256134e-03
 -1.5986341e-05
 -3.3387989e-02
 -1.2700546e-01
 -7.2534913e-01
 -6.3206881e-01
 -2.7027881e-01
 -3.4238133e-01
  1.5311738e-03
 -2.1938953e-07
 -8.3397863e-05
  1.4888598e-01
 -6.0473987e-05
  7.2776467e-01
  3.1567571e-01
  3.7540904e-01
  7.6237950e-04
 -2.3189294e-05
  5.6622839e-01
 -7.7294222e-05
  8.5760576e-07
 -6.1351379e-06
 -2.9522754e-04
  5.4558368e-06
  8.1477447e-06
 -1.5679401e-04
  5.6094886e-04
  6.1941369e-05
 -1.1171383e-05
 -9.2782675e-06
 -3.6918521e-01
  1.2727775e-01
 -1.5905346e+00
  3.1801152e-01
 -2.6770934e-01
 -3.7727212e-05
 -3.4087059e-01
  1.9108465e+00
  8.0761689e-01
  6.1286464e-02
  1.9504699e-01
 -1.0819015e-01
 -2.1284053e-01
 -7.6813775e-01
  3.9186385e-03
  5.7675523e-01
 -3.8353598e-01
 -2.8311455e-01
  4.3599331e-04
 -1.1335416e-01
  1.8340357e-02
  1.2924326e-04
 -5.2537298e-04
  1.5972694e+00
  2.6130182e-01
 -9.9931073e-01
  1.1440491e-05
 -6.4930290e-01
  8.6972201e-01
  4.9978218e-05
  5.7663155e-01
  2.5620556e-01
  5.2242494e-01
  6.0840070e-05
 -1.2603310e-01
 -1.7633143e-01
  1.2431730e+00
  5.7234396e-05
  5.7843059e-02
  1.7133795e+00
 -6.6053659e-02
  7.7918333e-01
  1.1953183e-01
  3.5709000e-01
  1.4265548e-02
 -6.9700487e-05
  2.2601059e-02
  7.9733627e-03
  3.0067787e-02
  4.1846347e-01
  6.0244769e-01
 -9.7639628e-02
 -1.1037400e-03
 -3.9311271e-05
  2.4250452e-03
 -4.4399319e-04
  8.8067660e-05
 -2.1697642e-05
 -3.7492506e-02
  2.7761422e-07
 -3.1942971e-02
 -4.1169420e-05
  2.9730800e-01
 -1.1418943e-02
  6.5143133e-05
 -2.2450915e-05
  6.1448122e-06
 -4.4046043e-05
 -3.9251856e-05
  3.6122910e-05
  5.9085993e-05
 -6.9085574e-05
 -4.3501561e-05
  2.8762050e-05
  1.4247079e-01
  8.7908229e-06
  1.1927901e-05
  4.4138133e-06
 -1.8109313e-05
  8.4432213e-06
  1.1304342e-05
  2.3158914e-06
  5.5033845e-05
  6.9273813e-07
  1.0911214e-06
  1.0520914e-05
 -1.6884766e-05
  1.7956040e-06
  9.9221368e-05
 -3.9220606e-05
  3.6973252e-06
 -7.6845936e-06
  6.7470246e-05
  3.7197129e-05
 -4.8000616e-06
  5.2596617e-05
  6.4957671e-06
 -1.4847114e-05
 -9.4932011e-06
 -4.3613305e-05
  1.2123242e-05
  4.0446378e-07
 -1.1855052e-05
  3.2026314e-06
 -2.2751205e-05
 -9.7385873e-06
 -7.4795166e-06
 -4.2958593e-05
  9.8142291e-06
  3.4345430e-06
 -5.4130192e-06
 -4.3118052e-05
  6.7532041e-05
  9.5584683e-06
  4.2603620e-05
  2.4681108e-06
 -1.1554547e-05
 -7.8928133e-06
 -1.2324039e-05
 -3.4845503e-05
  7.0109786e-06
 -9.7880460e-05
 -9.3851768e-06
  5.2347892e-05
 -1.4723084e-05
  2.4801903e-04
 -7.6697281e-05
 -2.0667162e-06
 -2.1364927e-04
  1.7218365e-05
 -3.9584749e-05
 -8.6545197e-06
  7.0822120e-05
 -9.5637493e-05
 -5.1935538e-05
 -7.0078429e-05
 -4.1973261e-05
 -6.6684652e-06
  1.4956561e-05
 -9.0911735e-06
  1.6164334e-04
  1.5127154e-05
  8.8932728e-05
  1.1813374e-04
 -1.0124132e-05
 -3.2177397e-08
  3.0837851e-05
 -1.1893118e-05
 -5.7570538e-05
 -2.1946902e-05
  2.5529522e-05
 -4.1536805e-05
  8.8421657e-05
  2.6442029e-05
  1.5678139e-05
  4.8965603e-06
  7.2473867e-06
 -2.4096993e-05
  1.2856206e-05
  6.8842513e-05
 -1.4463373e-05
  2.3437649e-06
 -3.5255600e-06
 -2.2384011e-06
 -3.2373027e-05
  4.0236300e-06
  4.3043721e-05
 -7.4069561e-05
 -1.8445631e-05
  1.4951139e-05
 -8.3123385e-05
 -4.5200679e-05
 -1.2840927e-05
  1.1838199e-05
  2.8216533e-05
  5.9828990e-06
 -6.8799964e-06
  6.3090511e-08
  8.7977103e-05
 -1.2376421e-05
  1.1869528e-05
 -5.3710755e-05
  4.1757852e-05
  1.2144784e-05
  7.9696751e-05
  1.3723415e-05
  5.2329524e-05
 -1.1100987e-05
  1.2788179e-05
  1.0235966e-05
  1.5156078e-05
 -2.6348334e-05
 -2.7201897e-05
 -1.4798748e-05
  3.7592013e-06
  1.7564169e-05
  1.1776441e-05
 -2.3093580e-05
  6.7686374e-06
  1.1081739e-05
 -1.2275432e-05
  1.1147717e-05
  2.4434694e-06
  2.5819625e-05
  3.4166931e-07
 -5.8467649e-06
  1.0476693e-05
  2.4804119e-06
 -4.6563266e-05
 -1.6154596e-06
  2.2885358e-06
  1.4509371e-05
 -3.7298614e-06
 -1.6224727e-06
 -7.4452905e-06
 -3.0588679e-05
  1.2110961e-05
 -3.5594130e-05
  4.7982335e-06
 -8.4554213e-06
 -8.6706877e-06
  1.0467707e-04
  3.2797509e-06
 -6.4741907e-06
  1.3413862e-04
  3.0147385e-06
  4.6743969e-07
  2.3087356e-05
  1.3697062e-05
 -1.8501713e-06
  1.6296095e-05
  1.2844350e-05
  1.2454075e-05
 -2.4238363e-06
  1.0300891e-05
  6.1401315e-06
  5.5311652e-05
 -5.6604422e-06
  1.4888325e-05
  1.5438916e-05
 -9.2107166e-06
 -8.7855688e-06
 -1.0538226e-05
 -3.3905533e-05
 -1.0762923e-04
  2.2086413e-05
  3.5883069e-05
  6.5014348e-05
 -1.1517714e-05
 -2.7200863e-06
 -1.4268046e-05
  4.4101553e-06
 -2.8127470e-05
  3.7184305e-05
 -4.4171033e-05
 -5.5608052e-06
  5.9620506e-06
  8.7056897e-06
  6.9142420e-06
 -1.0108854e-05
 -1.3673365e-05
 -1.3354846e-05
  4.6288478e-06
  5.2187906e-06
  4.9794617e-05
  4.9985040e-02
 -8.6975682e-01
  2.6812925e-06
  1.0521294e-05
 -5.1760834e-02
 -8.5996874e-03
  2.1255156e-02
  1.0849187e+00
  3.4023300e-03
  1.1829893e-01
  4.1043134e-03
  8.4894568e-01
  2.4736951e-06
  3.8795276e-03
  2.2355260e-03
 -4.8604123e-03
  5.6487367e-02
 -1.2798357e+00
  7.7507335e-01
 -7.3809693e-05
  9.3458988e-02
 -3.2223531e-04
 -5.4750368e-03
  6.1619701e-04
 -5.3919906e-05
  1.7180955e-05
 -4.6246331e-02
 -6.3895392e-03
  3.0687256e-04
 -1.8409106e-01
  1.4321706e-01
  1.8300647e-05
 -1.8992686e-06
 -2.5914118e-04
  4.7772071e-01
  1.5836127e-01
 -8.4140929e-06
 -2.6013952e-06
 -1.8984867e-05
  2.0712881e-01
 -4.4428027e-05
  7.5490949e-05
  2.0600380e-01
  2.6290756e-05
 -1.0866782e-05
 -3.4192345e-07
  8.1918515e-06
 -3.4937417e-05
  1.9688347e-01
 -1.9294614e-05
  8.8409595e-02
 -4.6858363e-02
 -2.2421244e-03
  2.8232795e-03
 -7.4747315e-04
  3.6831832e-05
  1.0179760e-04
  4.2239499e-06
  1.4011853e-05
  8.6093187e-06
 -4.5605007e-05
  9.4842480e-06
 -2.6957637e-06
  1.0658395e-05
  5.1731628e-04
 -5.7119246e-06
 -1.5258150e-05
  8.2592286e-02
  2.2902555e-06
  7.9138354e-06
 -4.6608848e-06
 -5.7720081e-05
 -1.1708238e-04
  9.3708528e-05
  3.8798978e-05
 -2.3032054e-01
  1.3761106e-05
  9.6859840e-06
 -4.5902390e-05
  3.4140521e-05
 -4.4468175e-06
 -2.9369562e-06
  8.5036423e-05
 -7.1426034e-06
 -4.4820886e-06
 -1.3659265e-05
 -1.0150006e-05
 -1.3317185e-04
  3.0978543e-05
  4.4561351e-05
  2.3128941e-05
 -8.2235130e-07
 -7.6157021e-06
  7.5774146e-06
 -9.5160849e-06
 -4.3604396e-05
  3.4622283e-04
 -6.2465301e-06
  1.0349468e-04
 -2.3046262e-06
 -2.2786291e-04
  6.1230123e-05
 -2.3262415e-05
  8.5686093e-05
  1.7951262e-06
  3.6067991e-05
  1.0337831e-04
 -5.4768552e-06
 -5.8240152e-05
  4.4737961e-05
 -1.0171908e-05
 -2.5573570e-05
 -4.3429831e-05
  1.3371047e-05
 -3.9908350e-06
 -3.2221506e-05
 -4.3697364e-05
  1.3642886e-05
 -6.3198709e-06
  6.5020836e-06
  1.8426219e-07
 -1.6596758e-05
 -3.2476735e-05
  4.3495067e-05
 -1.3682323e-04
  5.6668682e-06
  3.7348138e-05
 -1.5457146e-04
 -1.8197922e-04
  9.4517009e-06
  2.3572372e-06
 -1.3614766e-02
  8.6734861e-01
 -1.0155064e+00
 -1.6569587e+00
  2.1289238e-01
  1.3314214e+00
 -7.5541451e-05
  8.5071999e-01
  1.8592970e+00
 -4.3471286e-05
 -9.7972065e-01
  6.5473485e-01
 -1.5066540e-01
  2.6398093e-01
  6.4741984e-02
 -3.4476459e-05
  1.1262530e+00
  1.8805951e+00
  1.9452468e-01
 -1.8329318e+00
 -9.3664555e-03
  1.3167604e+00
  2.2434207e-02
 -3.2279053e-01
  4.3344641e-01
 -2.4409010e-01
 -5.3705460e-01
  1.4001867e-01
  3.0369130e-01
 -1.3086984e-01
 -3.4030456e-02
 -2.2285345e-01
  1.7937169e-03
  1.3053338e-01
  1.2104365e-01
 -2.6114410e-01
 -1.6721343e+00
 -5.2900761e-01
 -2.5583753e-01
  6.0687540e-03
 -7.3597682e-01
 -2.3683099e-01
 -8.5952902e-01
 -6.8166562e-05
  1.2954034e-01
  1.2360884e-01
  3.3057982e-01
  3.4369084e-01
  2.8602148e-05
  1.1419331e-01
 -1.0367610e-01
 -5.6454790e-04
  7.5720340e-02
 -1.9780807e-01
  4.2163071e-01
 -4.9276441e-06
 -7.0517643e-05
  4.2747748e-03
  1.7502204e-01
  5.1742068e-06
 -4.0650019e-01
  1.9396883e-05
 -2.6908603e-01
 -2.7857933e-03
 -2.9069201e-05
 -1.0033447e-05
 -2.6916426e-01
 -3.6382291e-03
 -1.2146825e+00
  2.7166873e-02
  1.2404016e-05
  5.6284654e-01
  7.7985036e-01
  7.2556162e-01
 -6.8054748e-01
 -8.8253719e-01
 -1.2395103e-01
  3.2443997e-01
 -1.8931451e+00
 -2.8773558e-01
  1.8109910e-01
  7.4117415e-05
  1.3365866e-05
 -9.1177449e-02
 -4.3410438e-01
 -4.5527482e-01
 -1.7313349e-01
  2.2597724e-04
  2.5097796e-01
 -2.8452542e-01
 -2.6218295e-01
 -2.1815455e-01
 -5.1602960e-02
  1.0746866e+00
 -1.3764119e+00
  4.4138372e-01
 -2.9273739e-01
 -3.6943899e-04
  7.5197093e-02
  7.8414567e-02
 -7.6092118e-01
  7.9267538e-01
  2.4643698e+00
 -7.2683069e-05
 -3.0090840e+00
 -1.2405966e-01
  2.1143015e-01
  5.6765991e-01
 -8.3140528e-01
  3.7422847e-02
 -9.4973779e-04
  3.0134344e-02
 -4.6055484e-01
  1.0147712e+00
 -4.5085090e-01
  6.3266289e-01
  8.9614379e-01
  1.4208074e-01
 -1.3742344e-01
  4.6198298e-03
  2.0465492e-01
  5.0652698e-06
  8.3970072e-06
 -2.4653516e-05
 -1.9452510e-02
  1.3508020e-07
 -1.9471887e-02
 -5.4874261e-05
  2.9151674e-02
  3.0741051e-02
  7.0691849e-06
 -1.1387760e-01
  1.0797793e-01
 -1.0229567e-01
  8.9039016e-01
 -3.3438894e-01
  1.0665913e-01
  4.0887960e-04
 -8.4410362e-02
  1.1368245e+00
  6.0263461e-01
 -1.3750724e-01
  1.0626062e+00
  1.7890859e-01
  8.8830876e-01
  9.8823957e-02
  9.5373046e-01
  1.2095847e-04
  3.0065761e+00
  1.8522807e+00
 -2.1608676e-04
  6.2259978e-01
 -9.6311276e-05
  6.8511218e-01
  1.1190314e-01
 -5.3223974e-01
 -4.5104516e-01
 -8.1085980e-02
  1.2365804e-01
 -1.1205477e-01
 -2.7805102e-01
 -2.9106262e-05
  4.7783349e-02
  1.2305088e-01
  6.0938674e-01
 -3.9469418e-05
  1.0246128e-01
  9.5373333e-01
 -1.2246852e+00
  2.4474214e-04
 -8.5579908e-01
  1.2161853e+00
  1.2067035e+00
  1.0830086e+00
 -8.1376576e-01
 -2.5586691e-01
  2.5601737e-02
 -5.1123034e-02
 -6.9405846e-03
  2.1324642e+00
 -1.7524038e-04
  7.1559876e-02
  8.7223677e-03
  5.7457220e-03
  1.7222093e-02
 -4.2476836e-01
  1.6563161e-01
 -1.0510965e-05
 -8.8998386e-06
  2.6834673e-01
  8.8572119e-07
 -8.5308602e-06
 -7.2727613e-05
 -3.7847585e-05
 -1.4547139e-01
 -1.0278886e-04
 -2.4223707e-03
  1.0394195e-01
  9.4915675e-03
 -1.0905074e-01
  1.2644851e-01
 -6.8467949e-03
 -1.0306336e-02
 -5.0252642e-02
 -8.2962582e-04
 -3.7167633e-03
  7.0995314e-04
 -6.5889879e-05
  1.6891403e-01
  7.0040278e-02
  5.8791408e-04
  4.5400244e-04
 -6.9666109e-03
  2.2449672e-01
  1.7890010e-04
 -2.8350521e-05
 -5.0136470e-04
 -1.9666221e-02
  8.2129943e-01
 -1.3111784e-01
  1.1352977e-02
  4.4561572e-02
  8.5208714e-03
  9.6439488e-02
  2.9612244e-03
 -1.1387838e-02
  1.0038621e-01
  1.2066985e-02
  8.4913701e-02
  1.6190471e-01
 -7.0922491e-05
  6.5360125e-03
 -2.2712770e-04
 -3.0787217e-03
  9.7889174e-03
  2.6882829e-03
  4.3432247e-02
 -1.8485571e-04
  1.2221660e-02
 -4.5084536e-02
 -6.8060003e-02
  1.2181559e-02
  1.7788343e-03
  8.6203107e-04
 -3.4926545e-02
  5.7459623e-03
  9.6911095e-02
  1.1393619e-02
 -4.2950746e-02
 -9.2268407e-02
  2.4171449e-02
  3.7865695e-02
 -4.4193082e-02
  2.1209471e-05
 -1.9318572e-01
 -3.0182374e-01
  3.1646001e-01
 -3.7180554e-02
  1.3612126e-01
  1.7533077e-01
 -1.5763012e-01
 -4.1747622e-02
  8.7522669e-04
  5.1570348e-02
 -1.3825862e-05
  1.5972177e-05
 -4.0629911e-06
  1.1213946e-05
 -6.0192695e-05
 -2.5623442e-07
 -3.0626406e-06
  1.3382446e-05
  1.0597822e-05
  5.8431142e-06
  3.0421459e-05
 -4.3396118e-05
  1.0524333e-05
  5.7960369e-06
 -3.9227187e-05
  1.2924818e-05
 -5.3374565e-06
  3.0979256e-05
 -8.6265951e-05
  3.4024866e-05
 -1.9906940e-05
 -8.2478755e-06
 -4.3556654e-05
 -3.7740378e-05
  2.0808802e-05
  6.1984996e-05
  4.8521065e-06
 -2.9441850e-05
  8.3955092e-06
  3.6556476e-06
 -7.8312678e-06
 -7.4919204e-05
 -2.8378359e-05
 -1.4853271e-05
  2.8531244e-07
  9.1629108e-06
  3.8307439e-06
 -7.2113296e-05
  2.5611143e-06
 -8.7250133e-05
  3.4080367e-06
 -1.2258562e-05
  4.3155506e-04
  1.3180674e-04
  1.1905616e-05
  9.8540377e-06
 -1.5703212e-05
  3.0821440e-05
 -4.0003240e-05
  6.9903894e-05
 -7.2743278e-06
  3.7967729e-05
 -2.8268176e-05
  1.5579427e-04
 -8.6448317e-06
 -1.1288506e-05
 -6.7990327e-06
  3.0963518e-05
 -1.9123585e-05
 -1.2518707e-05
 -8.0592090e-06
  1.3570983e-05
 -6.4127989e-06
  2.9607913e-06
  1.9126946e-04
  4.0824660e-05
  1.3884256e-05
 -2.1236461e-05
  2.5370664e-05
 -9.5149308e-06
  1.0251030e-04
 -5.2956777e-05
 -4.6400291e-06
  1.3951491e-05
 -4.1339346e-05
  1.8864582e-04
 -1.9951203e-05
  2.4588146e-05
 -1.9475356e-05
  1.4196156e-05
  2.9986501e-05
 -1.1877980e-05
 -1.4168861e-06
 -4.4701577e-05
 -8.7871213e-06
 -4.6096240e-05
  2.3372086e-05
  1.4203622e-05
  3.9802148e-05
 -7.7067198e-06
  2.6680444e-05
 -9.9934841e-06
 -3.8593123e-05
 -1.0134224e-04
 -3.8132319e-05
  9.4169009e-06
 -3.5434994e-05
  9.2052607e-05
 -7.3382025e-06
  6.4985768e-05
 -4.8066627e-06
 -4.7488820e-07
  6.7849556e-05
  4.3888454e-04
 -8.1042544e-06
 -6.8222885e-06
 -1.0935865e-05
 -6.6956686e-06
 -8.0582458e-06
 -4.7979511e-06
 -1.0764505e-05
 -1.3642300e-05
 -6.9789960e-05
 -3.6483892e-05
 -3.2513250e-07
  6.1084727e-05
 -1.9570064e-06
  9.4827419e-06
 -9.6396070e-06
  3.6473113e-05
 -1.5962851e-04
 -1.0376524e-05
 -5.9069198e-06
  3.9665201e-06
  6.1216483e-06
  1.0907097e-05
  1.0167678e-05
 -2.2495760e-05
  1.4664389e-05
  1.2774724e-05
 -5.7695584e-06
  1.9436056e-06
 -1.1940170e-05
 -2.3330157e+00
 -4.1444337e-01
  6.6455072e-01
 -4.3421132e-05
  4.6680831e-05
  3.7852708e-01
 -2.3680665e+00
  8.0166049e-02
 -2.3194121e-05
 -1.2856739e+00
  8.1739141e-05
  3.9389408e-01
 -5.2192444e-01
  1.1180232e-05
  1.3365202e-01
  7.4958742e-05
  1.8507184e-01
  1.5643439e-01
  1.0126177e+00
  1.9381938e-05
  5.4696673e-01
  8.1131941e-05
  7.9855190e-06
  2.7846384e-01
  2.3398641e-02
  3.2932509e-03
 -2.1638261e-01
  6.3758634e-04
  8.2031383e-06
 -3.8213030e-01
 -3.3818433e-05
  3.9285023e-05
 -1.5938804e-01
  6.4390064e-05
 -9.2271698e-01
  1.4130554e-01
  8.3237953e-02
  9.9609321e-01
  5.4318043e-03
 -2.3727246e-02
  1.8272334e-01
  8.6161381e-01
  8.9640021e-01
  1.2970149e-05
  6.8993349e-06
 -7.2414285e-01
 -3.4126040e-01
  3.2192403e-01
 -3.3612838e-03
 -5.6437504e-01
 -4.9312096e-02
 -6.4707083e-01
 -9.7676283e-03
  5.7419006e-06
 -5.8183202e-04
 -6.1321276e-05
 -6.1079903e-05
  8.9338382e-06
  3.7076661e-05
 -2.4818917e-01
  1.0093552e-03
  8.6799443e-02
 -5.3245757e-02
  4.4162471e-06
  7.6603765e-06
 -1.3496981e-05
  4.0415784e-05
  1.4260578e-05
  3.7870010e-05
  1.5048889e-05
  5.3380300e-05
 -7.5903690e-06
  9.1117845e-06
 -2.8340906e-05
  7.5538755e-06
  6.8959285e-05
 -1.0552194e-05
  5.9074500e-06
  6.5458669e-05
 -2.1424996e-05
  1.1871195e-05
 -6.5208174e-06
 -8.3471805e-06
 -7.3353040e-05
 -1.2032180e-05
  3.8536233e-05
 -2.9019477e-05
  4.2806831e-05
  3.2331049e-05
  6.4984638e-06
  5.6266549e-06
  1.4128760e-05
 -9.6508302e-06
  3.8211085e-05
  3.9786778e-07
  1.4640214e-05
 -7.0777073e-06
 -1.4291944e-05
  5.7116313e-06
  9.0334925e-06
 -1.5590806e-05
  6.7272726e-06
 -5.4196062e-06
  1.4881009e-05
 -4.7163758e-05
 -4.6860105e-06
 -1.3309349e-05
 -2.9186226e-06
  3.7846570e-05
 -2.6059920e-06
  2.6582928e-05
 -9.8547489e-06
 -3.2290561e-06
  5.4984717e-05
  4.5634813e-08
  8.3785126e-06
 -6.0651837e-05
  3.6062393e-05
  1.2673935e-05
 -3.9902508e-05
 -3.0160677e-06
  3.2723372e-05
  2.5467639e-06
  4.1170264e-05
 -1.6267672e-04
  1.2824347e-05
 -7.3349033e-06
 -4.6803675e-06
  6.6213172e-05
 -1.4896847e-05
 -7.5025910e-06
  2.4992181e-04
 -8.5158479e-01
  1.2369163e+00
 -2.1966069e-04
  3.5828915e-01
  4.3214276e-01
  2.5931060e-01
 -2.2364167e-02
  3.3364970e-02
 -2.2451834e-01
 -1.8890619e-01
 -2.4055099e-01
 -9.2668008e-05
 -2.4806228e-02
 -2.1763629e-04
 -1.8909614e-01
  3.8735687e-03
  1.4541943e-06
  3.5179833e-01
  3.6427879e-05
 -6.4854187e-01
  4.5570876e-02
 -1.5064988e-01
  3.8818453e-05
  4.5856621e-02
  1.6585951e-04
 -2.1125764e-01
  1.1766800e+00
 -1.6957073e-01
 -5.3957504e-01
 -1.2108100e-01
 -9.2216307e-01
 -6.4996406e-05
  1.0264858e-04
  1.4850017e-01
 -5.0934244e-02
 -2.6682347e-01
 -2.2280276e-01
  7.6060915e-01
 -4.4811685e-02
 -1.2449167e-01
  2.1813829e-01
 -2.5254309e-01
 -1.6742973e-01
 -1.4889786e-01
 -2.1092305e+00
  7.7058151e-02
 -5.3470982e-03
 -1.3217036e+00
 -3.8334385e-01
  2.5595716e-01
 -1.7079554e-01
  1.1091607e-01
 -1.0429397e-02
  9.7322707e-05
  3.7316966e-01
  3.5317790e-02
  5.6457482e-02
  3.7833042e-06
  1.6932108e-05
 -2.5027759e-06
 -2.9765588e-05
 -3.2187032e-05
  2.8556532e-01
 -4.1933499e-06
 -1.9052206e-04
 -2.9799272e-05
 -3.8548602e-05
  3.3198801e-04
 -8.3948953e-06
  4.9716647e-05
 -1.4180615e-05
 -1.6794802e-06
 -1.3844323e-05
 -1.6992757e-05
  1.0128696e-05
 -4.2280659e-05
  2.0286720e-06
  5.8988568e-05
 -5.6134536e-06
  1.0986927e-05
 -1.3588447e-05
  1.0484590e-06
  6.9071816e-06
 -4.5633601e-06
  2.0300819e-05
 -1.0604079e-05
  9.4917486e-06
  5.9098070e-06
 -1.0956219e-04
 -4.6724763e-06
  4.3629985e-05
 -3.7150062e-06
  7.4333457e-06
  3.5718200e-05
  9.2771024e-06
  4.2775548e-05
 -9.3552135e-06
 -4.9068694e-05
  1.3131139e-06
  1.5501762e-05
 -3.7549635e-05
 -4.1008534e-05
 -1.3293857e-04
 -1.0163187e-05
  2.5573496e-05
  2.8455577e-05
 -1.0876987e-05
 -2.9792620e-06
 -1.1682831e-05
 -2.0651350e-06
  3.1828422e-05
  3.6255893e-05
 -3.0920949e-06
  1.3317901e-05
  1.1988262e-05
 -3.0624655e-05
  1.0917307e-05
  1.2343034e-05
  3.1167831e-06
 -2.5696922e-06
  1.0076976e-05
  4.0789805e-06
  2.6448670e-05
  8.3765204e-05
 -4.9112772e-05
 -1.3144032e-05
 -1.0024516e-04
  3.1641794e-05
 -3.6600903e-07
 -2.4511915e-05
 -1.4154491e-05
 -3.1382002e-02
 -1.9966131e+00
  1.3902828e-01
  7.1172690e-01
 -4.9326444e-01
 -2.7581128e-01
  1.0842676e-01
  2.5727287e-01
 -2.5000918e+00
 -2.0587389e-05
  3.3572326e+00
 -3.1734662e-04
  1.1930665e-01
  8.6789839e-02
  5.6766495e-02
  3.0042285e-01
  1.3012637e-01
  5.5266041e-02
 -3.1547388e-05
  2.0185454e-01
  1.1390787e+00
  2.2724854e-04
 -1.4198910e+00
  3.6749694e-01
  1.4897163e-01
  6.7805475e-01
  3.9236546e-02
  8.8080090e-01
  7.2569937e-01
  1.9920276e-01
  6.7845851e-01
  5.0999582e-01
  3.4136389e-04
  3.0090379e-05
  1.0931835e+00
 -4.7502616e-01
 -1.9755204e+00
  5.7582205e-05
 -4.7856852e-02
 -1.4059229e+00
 -4.3635058e-01
  8.2516336e-01
  9.5597506e-01
  5.8046959e-02
  4.0360302e-04
  2.8284347e-01
  5.9638405e-01
  6.3169330e-01
  4.3198618e-01
 -4.4459254e-01
 -1.9661009e-01
 -1.5704569e-01
  9.3060247e-05
  3.2599133e-01
 -3.5615027e-01
  1.0584058e-04
 -1.0802898e-01
 -9.3957075e-05
  9.5324931e-06
 -1.1765617e-05
  1.4207145e-05
  6.0824049e-04
 -1.0555889e-05
 -1.5667586e-01
 -2.1623953e-06
  4.3934147e-06
 -1.4283914e-05
  5.0610580e-02
 -7.2666846e-02
  3.3428101e-04
  1.2403565e-04
  1.4350911e-05
  4.7420697e-05
 -1.1980621e-01
 -1.2246980e-05
  7.0699483e-05
 -1.3650586e-04
 -1.0658040e-04
  1.3857090e-05
  2.2067125e-04
  1.3300398e-02
 -7.3588653e-06
  1.2020571e-05
  1.0512425e-05
  1.6139228e-04
  1.9010530e-03
 -2.8641295e-01
  1.3799111e-02
  5.4705003e-03
 -6.2522393e-01
 -5.9764582e-04
 -4.0719423e-02
 -8.3325518e-04
  9.1417262e-04
 -4.4509037e-05
 -3.8226978e-03
 -8.2155871e-05
 -1.4988497e-01
 -1.4245697e-05
 -2.5857711e-04
  1.4383638e-04
  2.1793910e-03
 -1.1972480e-02
 -6.9209353e-05
 -7.7868118e-03
  8.0476948e-06
 -3.6521889e-02
  2.0370437e-03
 -1.3584769e-01
 -8.4116384e-02
 -1.0515657e-03
 -9.8282588e-04
  2.0500296e-03
  1.7569076e-02
  5.0842294e-07
 -1.9449975e-02
 -1.1037744e-06
  6.7225635e-02
 -1.4367341e-01
 -5.1138732e-03
  2.3623995e-02
  4.4122144e-06
  1.3770413e-04
  7.7386203e-06
 -3.4275357e-04
  4.2570904e-05
 -8.3239953e-04
 -2.6737112e-05
  1.2075827e-04
  9.6672193e-06
 -2.9702956e-05
 -5.4429482e-05
 -2.6453041e-05
 -4.0926068e-05
 -7.5147541e-06
  6.7567948e-05
 -1.4009095e-05
 -9.9296503e-06
  2.1943847e-06
 -1.3345153e-05
  2.5909455e-04
  5.4045569e-05
  6.5312215e-06
 -3.3030508e-05
  3.8098813e-06
  7.5323351e-06
 -5.6121448e-06
 -6.2467961e-06
  3.8285842e-05
 -4.9100723e-05
 -2.5976740e-05
 -1.4417447e-05
 -3.0049414e-05
  1.3626895e-05
 -1.0706461e-05
  8.4620069e-06
 -7.2552807e-06
 -1.0580692e-05
  5.8071005e-06
 -1.5378639e-05
  9.1525853e-06
  1.2573797e-05
  4.3352386e-05
  2.4814013e-05
  7.9520923e-06
 -4.0483515e-05
 -2.8344925e-06
  1.2004118e-05
  5.8095111e-06
 -5.6526722e-05
  3.0208148e-06
 -3.5276580e-06
  2.2584274e-05
 -1.6178709e-04
  6.1973782e-07
  1.1311970e-05
 -6.0931852e-06
 -4.9754681e-06
 -7.7759778e-06
 -6.4315391e-05
 -4.8295351e-06
 -7.5492562e-06
  1.3402764e-05
  9.6841241e-06
  7.2898738e-06
  2.7007658e-05
 -4.8919923e-05
  4.0394360e-05
 -3.9114540e-05
 -3.2267799e-05
  6.5911721e-05
  4.7802387e-06
 -3.5011085e-06
  7.6645010e-06
 -2.4752137e-05
  6.1088713e-07
  5.5314566e-05
 -3.5499703e-05
 -1.2376349e-04
 -5.5355135e-06
  1.7501458e-07
 -9.2823711e-06
 -8.6246264e-06
  2.9500794e-05
 -1.2162662e-05
 -3.0845022e-05
 -8.7334083e-06
  6.8336798e-05
 -4.7998066e-05
  2.7414039e-06
 -5.2503738e-06
  8.8210054e-06
 -6.9577552e-05
 -5.8491796e-06
 -1.5807764e-04
  1.0168682e-05
  5.4239779e-05
 -1.3688906e-05
 -3.6860297e-06
  5.2612295e-06
  4.0387742e-05
  1.5281064e-05
  3.0049623e-06
  1.2978922e-05
 -1.1959096e-05
 -4.3953009e-05
 -1.6513379e-05
  8.7749913e-06
 -1.0560120e-05
 -8.1942062e-06
 -5.0558547e-06
 -1.5673455e-05
 -3.5896432e-05
 -4.4473411e-05
 -2.1744268e-05
 -3.9506642e-05
 -5.9892154e-06
 -3.5355100e-05
 -5.6315484e-06
  8.4759022e-06
 -3.3476283e-08
  6.6889497e-06
 -8.2248498e-06
 -3.6890408e-05
 -8.9922833e-06
  1.2695976e-05
  1.2540065e-05
 -1.0831165e-05
 -2.4417006e-05
 -1.0898176e-05
 -1.1368342e-05
  9.8131231e-06
 -5.1094544e-06
 -1.1736952e-04
 -1.9439018e-05
 -1.2963510e-06
  4.5499892e-06
 -4.5325389e-05
 -4.9439441e-06
 -4.4226214e-05
  1.2165736e-05
  1.0746831e-05
  4.1907101e-06
 -1.1466347e-05
 -1.4795000e-03
  5.4860759e-01
  9.8195964e-01
  3.1897616e-01
  1.8024625e-01
 -7.2248369e-01
 -9.5512903e-01
  1.4128263e+00
  1.7505640e+00
 -3.9970222e-01
  1.2744498e-01
  1.7575040e-01
  1.0657138e+00
  4.5382375e-01
  4.4783878e-01
 -1.5018187e+00
  3.7794638e+00
  5.1626629e-01
 -9.1517739e-02
  3.8152669e-02
  2.4105916e+00
  1.1267740e+00
 -3.6018770e-02
 -7.5115168e-01
  1.2010069e-01
  7.9419017e-02
 -1.4711417e+00
  3.8834801e-01
 -6.5557927e-02
  6.4178012e-02
  6.3226581e-01
  2.3286104e+00
 -1.0416766e+00
 -5.0051349e-01
  4.3027073e-02
  6.9872671e-01
 -4.5371002e-01
  4.1268560e-01
  6.4498287e-01
 -7.8987074e-01
  9.4926685e-01
  1.2312423e+00
 -1.0590829e+00
 -1.1573749e-01
 -4.0953026e-05
 -3.5252062e-05
  6.4879872e-02
  9.3173319e-01
 -9.5205134e-01
  1.3136327e+00
 -5.3159946e-01
  4.7547814e-01
  3.4502562e-02
  2.7270487e-01
  1.5772387e-01
  3.9143461e-01
 -1.2115727e-01
  1.3652192e-04
  8.6985059e-02
 -6.2422564e-06
  7.9096735e-01
  7.7815814e-05
  6.7856386e-06
  2.0229763e-01
  2.4298001e-04
 -3.1204423e-01
 -1.0639197e-04
  3.0260152e-04
  2.9182918e-05
  2.1834765e-06
  8.1971093e-06
 -1.2427516e-05
  1.0184829e-05
  9.8233933e-05
 -5.4876274e-01
  1.2294398e-05
 -2.0889081e-07
 -3.2502019e-05
 -1.0984615e-05
  2.9942730e-05
  3.5518995e-05
 -2.6470931e-05
 -1.7236796e-05
 -7.9098918e-06
  5.8699545e-05
  1.3047559e-05
 -7.8826934e-06
 -3.6082281e-05
  1.4583004e-05
 -1.5279315e-06
  4.2228781e-05
 -1.7057791e-04
  2.0515801e-05
 -1.2734693e-05
 -1.4191693e-05
 -9.8917844e-05
 -1.5259119e-04
 -2.6145246e-05
  2.3812559e-06
 -9.3588220e-05
  1.8928988e-06
  9.3812429e-05
 -9.7574521e-06
  4.1531541e-05
  9.2432141e-02
 -7.4693385e-06
  2.8975949e-02
  6.8345063e-05
 -6.3299976e-06
 -3.8425944e-05
  1.8239809e-04
  5.0869903e-06
  3.0608709e-05
 -6.2635139e-05
 -1.1655763e-05
 -3.6980568e-05
  5.0229096e-06
 -2.3925077e-06
 -1.4026251e-04
 -7.4238502e-05
  1.2872842e-05
  3.1671327e-05
  1.1297130e-05
 -1.6255568e-06
  2.8627373e-06
  4.1306055e-07
 -1.1285678e-05
 -1.0772626e-05
 -1.1787035e-05
 -9.2216906e-06
  8.2156857e-06
 -1.3856967e-05
  3.3191955e-03
 -2.9242787e+00
 -7.0658505e-01
 -8.9629572e-03
  1.1349238e-01
 -1.2728550e-02
 -1.7684079e+00
 -1.6235512e+00
 -2.8832190e+00
 -6.7007732e-01
  1.4569362e+00
 -4.9603641e-02
  3.7110227e-01
  6.9597191e-03
  1.0814918e+00
  1.3055730e+00
 -2.5977640e+00
 -4.6998245e-01
 -3.2154003e-01
  4.0238002e-01
 -1.8206278e+00
 -7.3045963e-01
  3.5370164e-02
  2.1741788e+00
  4.1090660e-03
 -6.1047500e-01
  1.5868795e+00
 -2.0761125e+00
 -3.6514160e-01
 -9.9537241e-01
  1.9130820e-01
 -2.6955645e+00
  5.1798648e-01
 -2.8237611e-02
  1.4155115e+00
 -7.1051955e-01
  1.5308639e+00
  2.5435433e+00
 -1.0904914e+00
 -2.5820577e-01
 -4.4162193e-01
  1.8352216e-01
 -1.7505774e+00
  1.8788581e-01
 -3.1949559e-01
  5.7430935e-01
 -5.0056655e-02
 -4.5419704e-02
 -9.2845124e-01
 -2.1033639e-01
 -5.4128337e-01
  1.1607012e-05
 -4.4105761e-02
  1.4457341e+00
 -1.3122530e-01
 -1.6750854e-02
  1.4305176e-04
  2.0835975e-02
  1.1885439e-02
 -2.8674112e-04
 -5.8907270e-01
  8.3657069e-06
 -2.3154166e-02
 -2.0602344e-01
 -2.0063016e-01
  6.4475037e-02
 -1.4055589e-05
  1.1531719e-04
 -1.8091679e-04
  8.9756168e-06
 -9.9795125e-06
 -1.6372200e-05
 -2.1022722e-06
  5.9049271e-02
 -3.0003674e-05
  1.3616459e-05
 -7.3666856e-02
 -2.1857859e-05
  8.3463558e-05
 -1.4348859e-04
  1.6408985e-05
 -3.8835410e-06
 -2.2269649e-05
 -1.5810783e-05
  1.9669294e-05
 -2.6869677e-05
  2.6160405e-05
  9.4933221e-06
  3.0856463e-06
 -3.2945490e-04
 -2.2568258e-05
 -6.1043167e-05
 -8.7233311e-06
  1.1539936e-05
 -2.9186494e-05
 -2.3198681e-05
 -2.0801393e-05
 -1.2622005e-05
 -5.3762765e-06
  7.3199476e-06
 -7.3752435e-06
  2.6406845e-04
 -1.2439624e-05
  1.4909429e-05
 -1.7775427e-06
 -3.3483661e-06
 -1.2311530e-04
  5.8071728e-06
  2.7644410e-05
 -2.4893588e-05
  1.5313342e-05
  8.4565208e-06
 -2.5647358e-05
 -2.2275528e-05
 -1.9885661e-05
 -2.8906394e-05
  1.5022006e-05
  1.2607352e-05
 -5.2068949e-06
 -7.9523910e-05
  1.0300920e-05
 -2.3038474e-05
  1.8733397e-05
  1.4085052e-05
  1.7843970e-05
  9.1163611e-06
 -2.8419223e-05
 -9.9673753e-06
  7.5116518e-06
  7.4529635e-05
 -1.5653361e-05
  1.4847674e-06
  2.9029474e-05
  2.2993685e-05
  1.1468977e-04
 -2.4648376e-05
  2.4012426e-05
 -2.9919581e-06
 -2.7471498e-05
  1.2842438e-05
  1.2167628e-05
 -1.7524224e-05
 -1.0934764e-05
  9.1151242e-06
 -2.1326494e-05
 -1.2817748e-05
  2.0675960e-05
 -8.3387695e-06
  7.5839134e-06
 -8.3949395e-05
  2.5658777e-05
 -1.0924193e-05
 -2.3124474e-06
  1.9237268e-05
 -6.5926142e-05
  2.1415133e-05
 -2.2040581e-06
  6.3878746e-05
 -3.2576096e-05
  1.4227052e-05
  3.7593304e-06
  1.9083669e-05
 -1.4031078e-05
 -2.6668900e-05
  8.3282874e-05
  1.1132712e-05
 -2.1270078e-05
 -1.9326020e-05
 -2.9204366e-06
  1.6910904e-05
  4.5763350e-05
 -2.3583907e-05
 -7.7718696e-06
  5.5506480e-06
  2.4815929e-05
 -2.4141822e-05
 -1.9982428e-05
  2.8379387e-05
  8.8761963e-06
  2.1008727e-05
 -9.5766027e-06
  5.1261231e-05
  1.2451032e-05
  2.4872443e-05
 -1.4414977e-05
  2.3871093e-05
 -2.2870532e-05
 -9.1001275e-06
  3.0348656e-05
 -1.3315114e-05
 -1.7841003e-05
  1.5501508e-05
  2.7208613e-05
  8.2818740e-05
 -1.8957345e-06
  6.7992082e-06
  1.0411531e-05
 -8.0109303e-06
 -2.4919227e-05
 -2.6201060e-05
 -3.1854084e-03
  2.9031571e-05
  1.9178274e-06
 -2.1497792e-05
 -2.1161361e-05
 -2.5487412e-05
  1.2816469e-05
 -4.5950239e-07
 -2.8678794e-05
 -2.7232731e-05
 -1.5182643e-04
  1.1328862e-05
 -1.2728857e-04
 -5.6628446e-06
 -1.6306045e-05
  7.1421768e-05
  2.5501755e-05
  2.5467778e-05
 -8.6185319e-05
 -1.3054350e-05
  3.2911784e-04
 -1.2980239e-05
 -2.3356031e-05
 -2.8411137e-05
 -1.0169389e-05
  1.9382694e-04
  5.8240066e-06
 -2.9249888e-04
 -2.7443902e-04
 -2.7196822e-05
 -2.3363204e-05
  7.4550248e-05
  1.1074380e-04
 -1.4886054e-05
  6.9727503e-06
  1.1737861e-05
  2.3431723e-01
 -5.6668814e-02
  8.2346232e-05
 -7.1741706e-06
  2.5105282e-05
 -7.0719245e-05
  2.5493064e-05
  1.8977955e-05
  3.9543814e-04
 -5.4691423e-05
 -2.5639827e-05
 -5.1189985e-05
 -1.7564251e-05
  7.9659775e-02
 -1.2842032e-04
 -2.4561785e-05
  1.6162190e-05
 -2.0507536e-05
  2.4710842e-05
  1.2125312e-05
 -1.1745221e-04
  6.0710630e-07
  1.2893508e-05
 -8.7221968e-05
  1.1437960e-04
  1.9781067e-04
 -3.4009995e-06
 -8.5108666e-05
 -7.5019538e-01
  2.5808647e-01
  3.4490234e-01
  6.8721201e-05
 -8.1292768e-05
 -1.5817403e-05
 -7.6945335e-01
 -1.3834511e+00
  9.9964797e-01
  8.8989049e-01
  4.2992872e-01
  1.6027868e+00
 -7.1854670e-06
  1.1863985e-05
  1.9796882e-05
 -6.7551196e-02
  7.5647768e-05
 -5.9011441e-01
 -1.2546049e+00
 -1.4651379e-05
  1.9901523e-02
  1.8704826e-05
 -3.1684706e+00
 -3.5449782e-01
  2.0629138e-01
 -5.8873875e-06
  8.9670457e-06
  9.7265174e-06
  2.5907934e-01
 -1.4920581e-05
  1.5058330e-01
  6.0496652e-01
  8.9523983e-01
  2.4952335e-05
  2.8402070e-05
  1.0819880e-05
  5.2651960e-01
 -2.5962370e-05
  1.5626428e+00
  2.1671437e-06
  2.1112420e-01
 -6.5104717e-01
  5.0662593e-06
 -3.0440262e-05
  3.5798031e-01
  3.6699399e-05
  6.4420037e-02
  5.2258867e-05
 -1.7926221e-04
 -1.9864374e-05
  4.6359238e-01
  3.5963547e-01
  8.9388794e-01
  2.2323538e-05
  1.1953156e-04
 -1.9063491e-01
  6.8217278e-01
 -2.7250674e-01
  2.4299963e-01
 -4.0762350e-01
  9.2669338e-02
  9.2536879e-01
 -2.4941976e-01
  2.2572136e-04
  7.3560477e-06
  2.0257804e+00
 -7.4065991e-02
 -2.2570856e-01
  3.0245611e-01
  7.4126765e-06
  5.7481295e-01
  8.4990831e-03
 -1.7538787e+00
 -2.4302138e-01
 -6.2203950e-01
 -8.8945523e-02
 -1.6172944e-02
 -2.5835569e-05
 -6.0036886e-01
  1.5937093e-01
 -2.0238280e+00
 -3.8521200e-01
 -9.2788488e-01
  1.0650958e+00
  9.4690895e-06
 -1.5491882e-05
 -5.8882099e-01
  8.8409424e-06
 -7.8273749e-01
 -2.7754721e-05
  2.8199625e-01
 -6.1759156e-01
 -2.3129423e-05
 -1.9112047e-06
  1.1173363e+00
 -1.3302204e-01
 -1.3540530e+00
 -9.0464190e-02
  6.2809930e-05
 -1.5128319e-01
  1.1125649e+00
  8.5035485e-01
 -1.0000151e-01
  1.2982067e-01
  2.3174069e+00
 -6.7205536e-01
  4.9282715e-01
 -7.4394840e-01
 -2.6966080e-01
 -1.3102212e+00
 -1.0133541e+00
 -1.3757147e-01
 -8.1976509e-01
 -2.6461592e+00
  3.7082803e+00
 -2.6361716e+00
  1.4285837e+00
  1.9833030e+00
 -1.5793006e+00
  1.9739065e+00
 -1.0000326e-01
 -1.7598519e+00
 -1.0001930e+00
  6.0728329e-01
  3.1047769e+00
 -9.2162663e-01
  2.1453137e+00
  1.7688237e+00
  1.4169519e+00
 -2.0153337e+00
 -4.0999249e-01
  1.3442978e+00
  1.0278525e+00
 -1.5202007e+00
  3.2800749e-01
 -1.0004793e-01
  1.1847682e-01
  1.1393105e+00
  3.8335565e-01
 -1.6156194e+00
  4.3400255e-01
 -3.9041084e-01
 -2.3392019e+00
 -7.8101033e-01
 -7.4588007e-01
 -1.0348626e+00
 -1.0000227e-01
  1.3595794e+00
  1.6927522e-01
 -9.2363322e-01
 -1.0000040e-01
  1.8679541e-01
 -1.0000056e-01
 -3.8972428e-01
  1.3206403e+00
  7.2125816e-01
 -2.1333826e+00
  1.2044928e+00
  1.6356701e+00
  6.8386340e-01
 -8.5445517e-01
  1.7181152e+00
  1.6364330e+00
 -8.3437347e-01
 -9.1533321e-01
 -1.0018905e-01
 -2.4653277e-01
 -8.5616034e-01
 -7.0226729e-01
 -4.9071997e-01
  1.6261852e-01
  1.2224489e+00
  1.1908273e-01
  1.2555653e+00
  1.0000027e-01
 -4.8934552e-01
  2.1396747e+00
 -2.3867652e-01
 -2.2125418e+00
 -1.3583525e+00
  1.4614788e+00
 -5.9214878e-01
 -1.1970955e+00
  4.1592279e-01
 -1.0617847e+00
 -3.2720017e-01
 -1.1843892e+00
 -7.2286117e-01
  4.0544140e-01
 -2.3960075e+00
 -6.1566895e-01
 -1.0000081e-01
 -1.5141419e+00
 -2.3771348e+00
  2.0695086e+00
 -2.3905449e+00
 -1.3781567e+00
 -2.5934651e-01
 -4.5304543e-01
  7.1774137e-01
  9.3042171e-01
 -1.0000475e-01
 -3.5389388e-01
 -9.8935115e-01
 -6.9147897e-01
 -5.5453175e-01
 -1.8489411e-01
  2.6884919e-01
  1.0000011e-01
 -8.1161314e-01
  5.1818609e-01
 -3.2674053e-01
  2.5594723e-01
 -1.3792254e+00
 -1.2282655e+00
  1.6292067e+00
 -2.3129171e-01
 -1.9654517e+00
  3.9009985e-01
 -3.9611748e-01
 -1.8231103e+00
 -1.5767138e-01
  3.6074367e-01
  1.2324977e-01
 -6.6042453e-01
  1.6119112e-01
 -1.0000145e-01
 -1.5221229e+00
 -1.6531507e+00
 -1.0000211e-01
 -2.1478162e+00
 -4.6108785e-01
  1.5884013e+00
  5.7572913e-01
 -1.2893507e-01
  4.3746548e+00
 -3.0732515e-01
  1.8552966e+00
  5.8118904e-01
 -1.6413808e-01
  1.8101829e+00
 -4.7399589e-01
 -1.0000070e-01
 -9.9750835e-01
  7.7407598e-01
  6.5798861e-01
 -1.0000193e-01
  6.1352324e-01
  2.1905601e+00
  1.0000013e-01
 -1.1706419e+00
  4.1691878e-01
 -2.3814135e+00
  1.8128409e+00
 -1.0000534e-01
  5.3101015e-01
  4.4593969e-01
 -6.0506880e-01
  1.1483988e+00
 -1.0000003e-01
 -1.7779617e+00
  2.3049965e+00
  7.0733875e-01
 -2.2350806e-01
 -1.0000021e-01
 -6.8585825e-01
 -1.3077426e+00
 -1.0000015e-01
 -1.7675691e+00
  1.0266913e+00
  2.8516698e+00
 -1.6735498e+00
  7.4348640e-01
  1.2544094e+00
  1.9663626e+00
 -5.4522705e-01
 -8.3010632e-01
  6.0569257e-01
  2.6735463e+00
 -1.9648601e+00
 -1.8135270e-01
 -1.4192041e+00
  1.1947218e+00
  1.9071858e+00
  1.4868820e+00
  1.0602649e+00
  1.5323161e+00
 -3.3212090e-01
 -3.7403734e+00
  1.1091877e+00
  1.0000607e-01
 -1.6249070e-01
 -1.6813047e+00
 -6.1263710e-01
  4.5095566e-01
  1.2141838e+00
  9.4582760e-01
 -5.6613117e-01
  6.9395739e-01
 -3.0654138e-01
  1.2831382e+00
  2.1885946e+00
 -1.3053217e+00
  5.5889732e-01
  9.2156953e-01
  1.0001141e-01
  5.6347340e-01
 -1.2812988e+00
 -1.7750964e+00
 -3.3148575e+00
  1.1558177e+00
 -1.0000220e-01
 -1.0000026e-01
  9.0910631e-01
 -1.0000268e-01
  2.8326995e+00
  2.4476454e+00
  2.4681442e+00
 -1.0000089e-01
 -1.1840192e+00
 -2.0017006e+00
 -2.1775079e+00
 -1.2711321e+00
  1.5070835e+00
  5.3266060e-01
 -2.2296870e+00
  1.2789925e+00
  1.6241784e+00
  6.9630474e-01
 -1.8734316e+00
 -1.3045093e+00
 -6.5777761e-01
  2.3684802e+00
 -1.0000013e-01
  3.2127960e+00
 -1.0000040e-01
 -1.0000027e-01
 -2.0388224e+00
  2.3469326e+00
 -1.0000001e-01
 -1.0000177e-01
 -1.1429831e+00
 -1.0000035e-01
  2.5284978e-02
  2.5284978e-02
  2.5284978e-02
  2.5284978e-02
  2.5284978e-02
  2.5284978e-02
  2.5284978e-02
  2.5284978e-02
  2.5284978e-02
  2.5284978e-02
  2.5284978e-02
  4.5465637e-02
  4.5465637e-02
  4.5465637e-02
  4.5465637e-02
  4.5465637e-02
  4.5465637e-02
  4.5465637e-02
  4.5465637e-02
  4.5465637e-02
  4.5465637e-02
  4.5465637e-02
  2.5835413e-02
  2.5835413e-02
  2.5835413e-02
  2.5835413e-02
  2.5835413e-02
  2.5835413e-02
  2.5835413e-02
  2.5835413e-02
  2.5835413e-02
  2.5835413e-02
  2.5835413e-02
  1.5193031e-02
  1.5193031e-02
  1.5193031e-02
  1.5193031e-02
  1.5193031e-02
  1.5193031e-02
  1.5193031e-02
  1.5193031e-02
  1.5193031e-02
  1.5193031e-02
  1.5193031e-02
  1.0317245e-02
  1.0317245e-02
  1.0317245e-02
  1.0317245e-02
  1.0317245e-02
  1.0317245e-02
  1.0317245e-02
  1.0317245e-02
  1.0317245e-02
  1.0317245e-02
  1.0317245e-02
  1.1813610e-02
  1.1813610e-02
  1.1813610e-02
  1.1813610e-02
  1.1813610e-02
  1.1813610e-02
  1.1813610e-02
  1.1813610e-02
  1.1813610e-02
  1.1813610e-02
  1.1813610e-02
