nep 1 Si 
cutoff 5 5
n_max 15 15
l_max 4
ANN 50 0
 -3.5736886e-01
  1.9189046e-01
 -1.4312850e+00
  3.5978615e-01
  5.7678717e-01
 -7.0521295e-01
 -6.7936028e-03
 -3.9205912e-01
 -4.5261520e-01
  6.8543538e-02
 -9.6438408e-01
 -2.0660032e-01
 -4.2356551e-01
  1.1670301e+00
 -4.4228366e-01
  2.6611647e-01
 -8.0243391e-01
  4.4116047e-01
 -3.3133999e-02
 -3.2937962e-01
  8.2273804e-02
 -2.8376475e-01
  1.5578134e-05
  2.9476896e-01
  1.0544065e-05
 -6.6833687e-01
 -4.0685530e-03
 -3.0428752e-01
  1.3429103e-02
  3.1089970e-01
  2.1521984e-01
  1.0323910e-01
 -1.4809288e-02
  1.7384948e+00
  3.5484227e-05
 -1.3086410e+00
  1.7975931e-01
  9.7632602e-02
  3.3564624e-04
  1.5150303e-01
 -7.0448808e-02
 -1.6933136e-01
 -1.0202447e-01
 -8.7414980e-02
 -5.3225577e-01
  5.5433846e-01
 -5.9315693e-01
 -3.5900827e-02
  8.2211420e-02
  6.5851556e-03
 -2.6896262e-01
  2.4885941e-01
 -1.5583147e-01
 -3.2317442e-01
 -1.4209485e+00
 -4.0811624e-02
  2.6302612e-01
  7.5744277e-01
 -1.7797713e-01
 -2.9801718e-05
  2.7287853e-01
  1.5245920e+00
 -9.4881900e-02
  5.9842352e-02
 -5.5414116e-01
 -3.5328624e-01
  6.7917979e-03
 -2.6748490e-01
 -2.2791794e-01
  1.4047533e+00
  5.2102134e-02
  1.6380966e+00
  2.0129313e-01
  6.6436820e-02
 -4.3516271e-02
  1.2871949e-04
  1.1064379e+00
 -5.0211364e-01
 -1.5900630e-01
 -4.3505765e-02
  5.0972241e-01
 -1.9594015e-01
 -4.3194707e-02
 -5.5690372e-01
 -5.6097043e-01
  4.5554694e-03
  6.8023981e-04
 -1.2981627e+00
  2.2288355e-01
 -2.8800863e-01
  9.5175827e-01
 -9.0748572e-01
 -4.0963107e-01
 -5.7851809e-01
 -4.0928960e-01
 -7.5911063e-01
 -2.1629022e-01
 -6.2328614e-02
  4.7168678e-01
 -7.0364881e-01
  4.9458483e-01
 -2.0189478e-01
  4.2510137e-01
  6.0083258e-01
 -1.1736649e-01
  1.0489804e+00
 -3.9904490e-01
  2.8121126e-01
  4.6960694e-01
  5.3718299e-01
 -1.3227649e-01
 -1.0495735e-01
 -3.0310529e-01
 -8.1492925e-01
  2.2975636e-01
 -3.4852177e-01
  8.9673810e-02
  5.2249068e-01
 -1.5782496e-01
  6.2630512e-02
 -1.1337574e+00
  1.0338518e-01
  3.7671185e-01
  2.5874636e-01
  2.0250972e-01
  1.7463428e-01
  5.2399951e-01
  3.0495214e-01
 -5.3454047e-01
 -1.1531041e+00
  8.7729079e-01
 -1.1732309e-01
 -6.7158175e-01
 -1.4055458e-01
 -4.3205655e-01
  5.4718252e-02
  2.7841455e-01
 -2.1763746e-01
 -5.1963460e-05
  1.0995875e-01
  6.5883660e-01
 -9.3304276e-02
 -2.0505707e-01
 -1.5014052e-01
  6.3455129e-01
  5.5551100e-01
 -8.4369826e-01
 -1.1203172e+00
  5.1501826e-03
  7.3685576e-03
  6.1127537e-01
 -3.1668086e-02
 -6.3718513e-02
  7.3115401e-02
 -7.1111917e-01
  2.0250410e-03
 -1.5562895e-01
  9.4707322e-01
  5.6946110e-02
  2.2634538e-01
 -5.9206295e-01
  3.2658362e-01
 -2.9700729e-03
 -1.3818489e+00
 -1.5527041e+00
 -8.5704660e-01
 -2.0705333e-01
 -8.0008489e-01
 -1.5162051e-01
 -2.9138653e-05
 -4.3603563e-01
 -9.0591222e-02
  1.7438389e-01
 -1.6829009e-01
 -4.5215809e-01
 -1.8373437e-04
 -6.8363672e-01
 -6.3593619e-02
 -3.4483426e-05
 -5.8170968e-01
  1.7414290e-01
 -1.5867194e-05
  2.7461050e-07
 -2.9252321e-01
  6.8339813e-01
  1.7907695e-04
  3.5398945e-01
  3.3353576e-01
  1.5297119e-01
  1.0130581e+00
 -1.0673296e-01
  8.6097324e-01
 -2.1974769e+00
 -5.4374528e-01
  5.5822671e-05
 -5.6012022e-01
  2.5977416e+00
  1.1396034e+00
 -3.0300014e-05
 -1.7108536e+00
  5.7115716e-01
  4.6625504e-05
  1.1908989e+00
  7.6154947e-02
  5.8721972e-01
 -1.8428069e-05
  4.3495345e-01
  1.7305019e+00
 -4.5108119e-01
  9.1085267e-01
  3.0801693e-05
 -3.8539600e-01
  2.2966199e+00
  1.0096900e-03
  4.0091483e-05
 -1.3052726e+00
 -8.2958686e-01
  7.6635888e-06
 -6.0816491e-01
  1.4869084e+00
  4.7593316e-01
  1.3845784e-02
  1.3917162e+00
 -1.6970716e+00
 -7.8444439e-01
  1.8581052e+00
  1.5504819e-01
 -1.1369370e-01
 -9.3001857e-02
 -7.0483319e-04
 -7.9316826e-04
  3.5031259e-01
  1.1562914e+00
 -2.2885199e-04
  2.6373402e-05
 -8.0874515e-01
 -2.7967446e-06
  2.1746480e-04
 -8.0539596e-01
 -7.3725581e-01
 -7.4977291e-01
  3.6906627e-01
  1.0038573e+00
 -1.8902930e+00
  1.9741136e+00
 -8.5020685e-01
 -2.0732297e-01
  1.7942461e+00
  1.0196364e+00
 -2.2880189e+00
 -1.0559204e+00
 -6.1585832e-01
  2.8147870e-01
  7.3406446e-01
 -2.1288335e-01
 -1.0533062e+00
 -1.4017458e-04
  3.2002185e-02
 -3.7492642e-01
 -1.0626034e+00
  1.7766556e+00
  1.2197437e-03
  1.8522181e-04
 -3.9570576e-01
 -2.6881465e-01
  6.7717081e-01
  1.0468885e+00
 -5.7626945e-01
 -3.7421891e-01
  1.0359777e-02
 -2.3316096e-01
  7.6383364e-01
  4.0586008e-05
 -5.2860326e-01
 -1.4290066e-01
  5.7857805e-01
 -4.0111175e-01
 -8.0717343e-01
 -1.4524120e+00
 -1.3590894e+00
 -1.5484697e-01
 -3.7022382e-01
  1.0753320e+00
  7.7852183e-06
  1.2501590e+00
 -5.7586908e-01
 -2.1057972e-03
 -2.1645612e-01
 -1.2071716e+00
  4.6775585e-01
 -5.7112627e-02
  6.7138469e-01
 -1.2366470e+00
 -3.6298048e-01
  4.9195045e-01
 -6.8854696e-01
  1.2344997e+00
  1.3197443e+00
  1.0860595e-02
  1.7160116e-01
  1.5813289e+00
  1.5047916e+00
  2.1551983e-01
 -1.0569057e+00
  7.1967101e-01
  5.7799017e-01
  6.6281742e-01
  4.2436290e+00
 -5.3962126e-02
 -1.8164984e+00
 -3.2093265e+00
 -1.1251435e+00
 -4.8127723e-01
  4.4920155e-01
 -1.1286913e+00
  4.5332736e-01
  5.0590415e-02
 -8.7465811e-01
  1.8176280e-01
 -1.4606006e-02
 -3.0431995e-01
 -2.5183849e+00
 -1.9628093e-01
 -4.3847480e-01
 -5.5784220e-01
 -5.3535379e-02
  4.9424154e-01
 -1.3959146e+00
 -2.1346250e-01
 -3.0287862e-01
 -1.1363469e+00
 -3.9651754e-01
 -5.1100808e-01
 -5.6765828e-02
  4.9407751e-04
 -3.1952515e-01
 -2.9394132e-01
 -2.9684542e-02
 -2.1382034e+00
  4.0926732e-02
  2.5106683e-01
 -8.8271126e-02
 -2.6066419e-01
 -2.8749052e-04
 -7.0607197e-04
 -8.3186316e-01
  8.1139363e-02
 -2.0820904e-03
 -2.2225537e-04
  3.9618101e-04
  5.1082705e-05
 -2.9533476e-01
 -1.4054039e-01
 -5.1818840e-04
  8.8591731e-01
  7.6091163e-02
 -7.8456806e-06
  4.1295514e-01
 -3.3448413e-01
  1.1605279e-03
 -1.2097921e+00
  5.8069497e-01
  1.6154114e+00
  1.0899752e-01
  3.0775669e-01
  6.3075453e-02
 -5.2985537e-01
 -4.5823270e-01
 -2.2867329e+00
  1.3542361e+00
 -3.8956192e-01
  2.0377574e+00
  9.7261071e-01
 -6.4233434e-01
  3.3511016e-01
 -3.6546880e-01
 -5.0843088e-03
 -7.6567486e-02
  2.8792079e-04
  2.7356547e-01
 -4.3047827e-01
 -5.3601730e-01
  9.1471225e-02
  1.4458607e-01
  2.8904513e-03
 -9.9444282e-05
 -6.8963251e-05
  1.2708172e-04
 -5.9440896e-05
 -1.3217850e-01
 -8.0356345e-04
  4.0959328e-01
 -9.4526273e-05
 -2.1317050e-04
  3.0811474e-01
 -1.8171790e+00
  1.2248340e-05
  5.4454990e-03
  1.1868414e-02
 -1.7344168e-01
  4.9848996e-02
 -2.1319019e-02
 -2.3781693e+00
 -4.6722916e-01
  1.2143598e-01
 -6.5087457e-04
 -2.4347666e-01
  6.1175000e-02
 -2.7709258e-01
  4.6329182e-01
  3.2049187e-02
  8.7887600e-02
 -1.2015314e-02
  2.1804796e-01
  1.5731670e-01
 -1.4803134e-01
 -9.7201829e-04
 -1.2713793e-01
  2.4195904e-01
 -8.1340997e-03
 -3.7876540e-01
  4.0049806e-01
 -4.6076876e-01
  7.8101820e-01
 -2.5253692e-05
 -4.2706668e-01
  3.1116310e-01
 -4.2954079e-04
 -2.0776750e-01
  1.4205112e-01
 -4.5961733e-05
 -2.6543307e-01
 -7.6086976e-02
 -4.6134099e-01
 -5.9798020e-01
 -2.1526622e-02
 -5.2482239e-05
  5.1283884e-01
 -4.6296945e-01
  1.2120460e-01
  2.2323865e-01
  4.8394598e-02
  2.1764217e-01
  4.5151919e-02
  6.1264664e-01
  3.2847404e-01
 -2.0027676e-01
  3.9630368e-01
 -9.6792924e-01
  1.1018063e-01
 -2.2088325e-02
  5.7084028e-02
 -2.8207018e-03
  3.9092955e-01
  1.0989858e+00
 -1.3764954e-01
 -3.8065556e-02
  1.8077776e-03
  2.7166107e-01
 -9.6281916e-01
  7.3874858e-03
  2.1860601e-02
 -3.0294770e-02
  1.4026015e-01
  3.5418273e-04
 -4.7581345e-01
 -1.8962486e-01
 -1.1614807e-02
 -7.5735368e-02
  1.0771443e-01
  1.3764983e-02
 -4.2433807e-01
  1.1199727e+00
  7.2264043e-03
 -7.9905534e-01
  3.8350888e-02
 -9.1001103e-03
 -2.0015838e-02
 -2.1802880e-02
  2.5778553e-01
 -2.8595766e-01
  7.4490517e-01
 -1.2238456e+00
 -5.4436404e-01
 -1.9035082e+00
 -3.4731960e-01
  1.3207951e+00
 -6.1221254e-01
 -1.1262438e+00
  2.4467215e-02
  3.4799996e-01
 -8.1821173e-01
  1.4112074e+00
  2.2427533e+00
  1.2603441e+00
 -1.7264967e-01
  5.8597249e-01
 -3.0870981e-06
 -1.5427956e-01
  4.5032749e-01
  5.8602059e-01
 -1.6593883e-02
  5.1849836e-01
 -2.0995624e-01
 -1.6791987e-01
 -4.3186080e-01
 -2.4686786e-04
  1.4235987e-01
 -2.6303858e-02
  4.1008002e-01
 -1.7582853e-01
  1.0561069e-01
 -1.7259946e-01
 -1.2593237e-01
 -1.6334827e-01
 -2.0189863e-01
 -4.2386892e-01
  5.6933802e-01
  1.6202113e-01
 -7.7703106e-04
 -4.8654550e-01
 -4.6000630e-01
  7.0903844e-01
 -5.0372666e-01
  4.3873346e-01
 -1.4965045e-02
 -7.9684779e-03
 -2.1846688e-01
 -1.6026382e-01
 -5.7765073e-01
 -1.1526960e+00
 -4.1677675e-01
 -1.6939700e-02
 -3.7600601e-01
  3.9650023e+00
 -1.2361809e-01
  1.2649701e+00
  3.3890912e-01
  2.0043270e-01
  2.4993749e-01
 -5.1463860e-01
 -3.4043601e-01
 -1.2707555e-01
 -1.0741872e-01
 -2.2425036e+00
  2.2205448e+00
  3.1748906e-01
  8.0191213e-01
 -3.4538476e+00
 -1.8926668e-01
  9.5520580e-01
 -3.5239327e-01
  4.0757209e-01
  7.9473160e-02
  6.0037565e-01
  3.2781971e-01
  5.2395272e-01
  9.2450202e-02
  5.7886444e-02
 -4.7579221e-03
  4.0768221e-04
  1.0174952e-01
 -3.0023897e-01
  1.3631964e-01
  9.8510355e-02
 -9.8876226e-01
  1.8342217e+00
 -8.3980411e-01
  1.1811671e+00
 -6.5742469e-01
 -2.8764194e-01
 -2.2203727e-01
 -3.3627957e-01
  2.2367491e-01
 -7.0729560e-01
 -1.9044310e-01
 -2.4800320e-01
  3.2623991e-01
 -9.1336213e-02
  3.0480219e-06
 -1.2422282e-01
 -4.6104789e-01
 -2.4882775e-05
  2.5033765e-02
  6.1491627e-01
  1.0906148e+00
 -3.4760168e-01
  6.4095691e-02
 -6.8120831e-01
  2.5091550e-01
  4.3743171e-02
  4.5245022e-01
 -6.8139727e-04
  1.1216588e-04
  4.7334347e-06
 -6.2216246e-01
  9.9268928e-03
  3.8982305e-01
 -3.2479998e-01
 -1.1231338e-03
  3.5252717e-01
 -1.2743812e-04
 -1.1790553e+00
 -2.8388374e-03
 -2.6748425e-01
 -2.6693803e-03
 -1.0036319e-01
  1.4594874e-01
 -2.0806160e-06
 -1.9461209e-01
  9.5418766e-02
 -2.1049395e-01
 -5.5287815e-05
 -3.9471476e-03
  2.8730670e-01
 -3.7309077e-01
 -2.3623936e+00
  2.4101289e-01
 -2.1071737e-05
 -4.6494333e-06
 -1.0145949e+00
  5.8370456e-03
  3.8742802e-01
  2.9356438e-01
 -4.0316114e-01
 -3.2004780e-01
  1.5276750e-04
 -3.4606490e-01
 -4.5031546e-05
 -3.3545810e-01
 -1.6905731e-02
  5.1986629e-01
 -4.2517045e-01
 -1.2786164e+00
 -5.7200605e-01
  3.6603445e-01
 -1.2059607e-02
  5.8102828e-01
 -1.1273705e+00
  6.3891374e-02
 -3.9680206e-05
 -1.4323059e-01
 -1.5498427e-01
 -7.2406605e-03
  3.1018931e-01
 -9.6679956e-05
  9.0851478e-02
  5.4393657e-03
 -1.2894854e-01
  6.7194563e-01
  1.1251804e-03
 -1.5209700e-03
  5.8022517e-01
  7.1395531e-02
 -1.9311349e-01
  1.9754723e-02
 -1.3873061e-07
  1.1309757e-05
 -2.3904723e-01
 -2.7080414e-05
 -2.3377556e-01
  1.2168595e-04
  9.0846956e-02
 -1.3324589e+00
  7.7721834e-06
 -1.9606578e-04
 -3.9908233e-01
 -1.7191835e-01
 -5.2925771e-01
 -9.6543513e-02
 -5.7763744e-02
  1.0475342e-04
 -2.8791603e-01
 -2.6062513e-03
 -3.6016780e-01
 -8.0429685e-01
 -1.9151613e-04
  6.7329651e-01
 -3.7681317e-01
 -1.6012922e-01
  3.8055003e-01
  1.0520369e-01
 -3.0427882e-02
 -8.0592235e-06
 -3.0704996e-01
 -3.0734882e-02
  4.2052770e-01
  7.3498301e-02
  9.0977472e-01
 -1.2379766e-01
  3.4109136e-05
  3.1363067e-01
 -8.5763520e-01
 -5.1982541e-02
  4.1938239e-01
 -3.6331642e-01
 -1.2363859e-02
 -1.1714814e-03
 -2.1023004e-01
 -4.1189031e-03
  3.3293754e-02
 -1.3956101e-01
 -5.6818312e-01
 -8.6431444e-02
  6.8727192e-03
 -2.7542427e-01
  2.1826147e-01
  6.1102533e-06
  4.6624529e-05
 -1.0967587e-05
  2.7009217e-02
 -1.6352811e-01
 -3.9643368e-01
  1.0467317e+00
 -3.1181866e-01
 -6.0562875e-06
  3.0275367e-02
 -2.2526944e-01
  2.0304604e-01
  3.0293447e-01
 -1.8826538e-01
  6.8570679e-01
 -1.9958292e+00
  1.9124386e+00
 -2.9507911e-01
 -1.5808071e-01
 -6.7578000e-01
  2.7271283e+00
 -2.3172307e+00
 -2.1143446e+00
 -2.0220003e+00
  2.2000244e-01
  1.4126645e+00
  6.4767855e-01
 -6.0517919e-01
  1.2771566e+00
 -8.5255450e-01
 -3.1167158e-01
 -5.3535590e-05
 -6.9170183e-01
  1.1913840e+00
 -5.9159648e-01
 -4.0166564e-02
 -8.2238369e-02
  1.1257103e-01
  2.5056018e-03
 -2.5062540e-01
  5.0198194e-03
  2.4366379e-01
  5.4812860e-01
  8.7402189e-01
 -6.1481643e-01
  2.8663604e-05
  2.4465733e-04
 -6.5109742e-01
 -1.4195877e+00
  4.7088292e-01
 -8.7537348e-01
 -1.8928809e-01
  5.5994886e-01
  8.9432281e-01
  2.2773261e-01
 -1.3412135e-02
  7.8135490e-01
  4.7364008e-02
 -9.3916841e-02
  5.6300998e-01
  9.3012677e-05
 -2.9140975e+00
  6.7832696e-01
 -4.6219127e-05
 -2.1948481e-01
  4.0347815e+00
 -1.2472647e+00
 -2.2050943e+00
  1.2069532e-01
 -6.6727191e-01
 -1.3746344e-01
 -5.1264042e-01
 -2.5528047e-05
  5.9977461e-05
  6.3361424e-01
  3.7506495e-02
  4.0958926e-01
 -1.1265557e+00
 -5.7143325e-01
  4.9807960e-01
 -2.8981471e-01
  2.2949545e+00
 -1.2890226e+00
 -1.7633382e+00
  1.6163449e+00
  7.9714733e-01
 -5.9104753e-01
 -4.0237567e-01
  2.1963794e+00
  4.5771823e-05
  1.7538626e-01
  6.0638022e-02
  2.1417881e-03
 -5.1807451e-01
 -1.2779512e+00
  1.7548220e+00
 -3.4014330e+00
 -2.4551980e+00
  3.1792288e+00
 -4.4693999e+00
 -5.4339880e-01
 -2.9813030e-01
  2.9575658e-01
  3.0789497e-01
 -1.5562183e+00
 -5.4520532e-02
 -6.1036003e-01
 -1.1051607e-01
 -2.1741686e+00
  1.6437876e-01
  2.0407624e+00
  3.1049499e-01
  2.4409023e-01
 -2.7643916e-01
 -1.3316233e-01
  2.3869014e-01
 -1.9522844e-01
  2.1005627e-02
  7.2748721e-01
 -1.1179093e-01
  1.0041965e-03
  2.5987384e-01
  5.8576125e-01
  1.1849229e-01
 -2.8934805e-02
 -1.0352553e+00
  1.6736448e-01
 -6.6207123e-01
  1.9851657e+00
  4.2995113e-01
  1.9509118e-04
  6.7574626e-01
 -3.0609386e-03
 -4.4293478e-01
 -8.4685242e-01
  3.6383137e-01
 -1.4468681e-02
  9.3618041e-01
 -1.4313024e-03
  8.5603738e-01
 -2.3788667e-01
 -4.3125462e-02
  1.0297947e+00
 -1.5858780e+00
 -3.3980137e-04
 -2.2394059e+00
  1.3359839e+00
 -2.4634287e-01
  1.4427369e+00
 -3.4066486e-01
  2.0032797e+00
  6.1944813e-02
  4.6456158e-01
 -3.6741647e-01
  8.8379288e-01
 -6.8509245e-01
 -7.5413354e-02
  6.8436468e-01
 -4.7213593e-03
 -8.3546974e-02
  6.9276255e-01
 -1.9357596e-02
 -3.0058631e-01
  1.0943142e-01
 -7.3218060e-01
 -2.2928204e-01
  2.0382565e-01
  3.6983383e-01
 -3.7090352e-03
 -3.9799895e-02
 -2.0527427e-01
  5.2018365e-04
  9.4695216e-01
 -1.0494139e-01
  1.5629174e+00
 -1.0936099e-02
 -4.9060258e-01
  3.8330981e-01
  2.5033361e-01
  4.6740523e-01
 -4.3584490e-01
 -3.2231805e-03
  1.0696580e+00
  1.0581816e-01
  1.3926948e+00
 -5.6217360e-01
  4.9707405e-02
 -5.2844119e-01
 -1.3648856e-01
 -2.6437113e-02
 -5.4226267e-01
  4.6275255e-01
 -1.3316402e-04
  2.2492850e-05
  7.3503003e-02
  5.5361558e-02
 -7.2038150e-01
  2.1822163e-01
 -1.6506005e-02
  1.0453871e+00
  6.3211471e-02
  3.2248983e-01
 -4.8052981e-01
 -2.7215037e-01
 -1.5518767e-01
 -5.1906657e-01
  8.8425881e-01
  2.2465651e-05
 -7.7252030e-01
  6.0170943e-01
  2.6400813e-01
  8.2507384e-01
  2.3807877e-01
  1.0386362e-01
  5.4264677e-01
 -5.4357338e-01
 -2.6108569e-01
 -3.5377923e-02
  4.8263990e-03
 -4.7161222e-02
  2.2623166e-02
  6.5806711e-01
  9.1211343e-01
 -3.3319327e-01
  2.5335863e-01
 -2.6239145e+00
  9.1664684e-01
 -1.2850115e+00
 -4.4494471e-01
 -9.6291786e-01
 -1.0250582e+00
 -3.7090632e-01
  7.5681955e-01
 -5.2851159e-02
 -7.6882696e-01
  5.3468518e-02
 -2.7893645e-01
  1.1532075e+00
 -8.7259775e-01
  7.0372695e-01
 -1.0299649e-02
 -1.1292723e-05
 -1.5693917e+00
 -1.3394971e-02
 -3.1623363e-01
  6.7604470e-01
 -1.3179578e-04
  3.7412992e-01
 -1.0082502e+00
 -6.5089029e-01
 -3.2911677e-02
 -3.7543349e-02
  1.8756793e-01
 -1.3255036e-03
  7.4133110e-01
  7.6872230e-02
  6.1070937e-01
 -9.7042042e-01
 -5.1536579e-02
 -3.5294530e-01
  2.0441614e-01
  1.8057248e-01
  1.3355899e+00
 -4.3472114e-01
  1.1400441e+00
  4.5973143e-01
 -8.7897805e-03
 -1.1783562e+00
  7.3296010e-02
  1.6452560e-01
  9.0587959e-02
  2.3357302e-01
  3.2444412e-04
 -1.5147990e-01
  4.9583348e-03
 -5.7616413e-02
  7.2223729e-01
 -1.7078999e-04
  6.6363312e-02
 -2.8786567e-01
  1.8248701e-02
 -2.8152140e-02
 -5.1480156e-01
 -1.9448403e-01
  3.5364276e-01
 -2.8758032e-02
 -1.5378793e-04
  2.9177008e-02
  6.9100097e-02
  3.8008973e-02
 -3.6904210e-01
 -2.8649712e-01
  4.1087872e-01
 -7.8412272e-02
  1.1879214e-01
 -1.7607635e-01
 -6.5110630e-04
 -2.9033425e-01
 -3.4777322e-01
  3.0789590e-01
 -4.7191318e-02
 -2.4137262e-02
 -5.1047707e-01
  1.6761020e-01
 -1.1050842e+00
 -1.3609947e-01
 -2.8210449e-01
 -1.1211279e-02
  1.1134458e+00
 -7.5683492e-01
  8.5823852e-01
 -1.5124285e-01
  2.4658103e-01
  9.1899985e-01
  1.6085304e+00
  5.8371013e-01
 -6.9475722e-01
  1.3658094e-01
  3.3831856e-01
  1.1549075e+00
 -1.1221049e+00
  4.0335860e-02
 -1.2772244e+00
  4.9862120e-01
  2.6520991e-01
  4.3488985e-01
 -5.2505364e-03
 -5.0588799e-01
  1.2919673e-01
 -1.7040695e-01
 -1.3630731e-01
 -2.0098569e-05
 -6.8637836e-01
  4.9845093e-01
 -1.7915807e+00
 -1.3696807e-04
 -6.3131317e-02
  1.2410709e+00
 -6.1250794e-01
 -3.6717174e+00
  1.2037396e-01
 -2.9576154e-02
  6.5207243e-02
  1.3816856e+00
  2.7926936e+00
  8.1850016e-01
 -1.1187903e-02
  2.0195836e-01
 -5.5870527e-01
  5.0970283e-04
 -9.3616350e-03
  6.8852441e-06
  1.2869881e-05
 -5.5406994e-01
 -2.7802238e-01
  8.2925526e-06
 -9.2310208e-01
 -3.1831011e-01
 -6.6374582e-06
  1.2815072e-01
 -1.2060944e-01
 -9.7199744e-03
  1.0358320e-01
  1.1518623e-01
  2.8018689e-01
  1.2699564e-01
 -2.6781237e-05
 -1.1765907e-04
  6.4338809e-01
  2.7677683e-05
 -6.2270588e-01
 -3.3287361e-05
  4.8158234e-01
  1.1490036e-03
 -1.6874592e+00
 -4.2720935e-01
  6.1872578e-03
  7.5951241e-02
 -4.9016777e-02
 -4.2841342e-01
  3.8257289e-01
 -1.4788399e+00
  8.0148704e-02
 -1.1642131e+00
 -1.3022704e+00
  1.9891942e-02
  1.4841460e+00
  1.3156720e+00
 -1.0632187e-02
 -6.5599781e-01
 -8.7970984e-01
 -6.7952788e-01
 -7.1352941e-01
  1.3989425e-03
  1.7415814e-02
 -1.5706874e-01
 -1.1012975e-01
 -4.0539908e-03
  4.5114536e-02
 -6.0037565e-01
  1.1060985e+00
 -2.7669895e-01
  1.7342318e+00
 -3.6990143e-02
 -5.7368243e-01
 -1.5264490e+00
 -2.7510965e-01
 -9.7376227e-02
  1.9363204e-01
 -7.8871727e-01
 -5.7786161e-01
 -3.6959660e-01
  2.5642610e-01
  9.6473144e-04
 -1.4341340e+00
  1.0567266e-01
 -1.3131156e+00
 -3.4755281e-01
  5.0533623e-01
 -2.5405210e-01
  4.0431431e-01
 -1.0746726e-01
  3.7148139e-01
  6.6726826e-02
 -3.1627771e-02
 -2.0372082e-01
  2.9397056e-01
 -2.7526913e-02
 -6.1832148e-01
  2.1549955e-01
 -1.0406188e+00
  1.4784405e-01
  6.0530639e-01
 -1.9661211e-05
  6.7911292e-03
  4.2121884e-01
 -3.1836189e-03
  3.3092070e-01
 -3.5753578e-01
  5.1136798e-01
 -3.4057659e-01
 -3.7992593e-02
 -2.7164966e-01
  9.2511490e-02
  1.7438261e-01
  1.3950936e-01
  3.3950546e-01
 -8.1290931e-02
  7.4780560e-01
  1.8720581e-04
  1.6976291e-01
  3.9817956e-01
  1.7817825e-01
 -4.9743894e-01
  6.9425933e-02
 -1.7294250e-01
  5.5104565e-02
  2.6443356e-01
 -5.7718489e-02
  1.3583619e-05
 -2.3046470e-01
  5.6978256e-01
 -3.1339511e-01
 -2.3476632e-01
  1.7910764e-01
 -2.7015889e-01
  1.3154998e-01
 -5.7026073e-02
  8.5530765e-02
 -8.1447668e-02
  1.5158246e-01
  1.7280313e-01
 -3.5536411e-01
  6.7166947e-02
 -3.6736050e-01
  1.7405877e-01
 -3.8304174e-01
  1.8169455e-01
 -1.2332557e-02
  4.1131759e-01
 -2.3299228e-01
 -6.1134392e-01
  2.5946351e-02
  2.4306806e-02
 -7.1145765e-02
 -4.3757626e-01
  3.4017700e-01
  4.3665800e-02
  9.2802808e-02
 -6.2656857e-02
 -2.1775598e-03
  5.3418566e-02
 -4.7689790e-01
  3.5417876e-01
  4.2230767e-01
  1.7640480e-01
  3.4503162e-01
  1.7634438e-01
 -2.0111559e-01
  4.5227501e-01
 -4.0134989e-02
  3.1842080e-01
  2.0262927e-01
 -1.2069388e-01
 -1.4338666e+00
 -4.4562325e-01
  2.3141235e-01
  1.0229886e-01
  3.9731652e-01
  2.1809457e-01
 -3.2418400e-01
 -1.4480133e-01
  1.2638995e-02
 -2.0842901e-01
 -2.3737985e-05
 -3.7807560e-05
 -4.8181477e-01
 -8.3521307e-03
 -1.4851542e-01
  2.8101709e-02
 -1.5168492e-01
 -6.1903584e-01
 -1.2230910e-01
  1.7734356e-01
  2.1602663e-01
 -1.3184291e-01
 -1.1563290e+00
 -3.9407197e-01
  3.8940465e-01
 -2.4227290e-01
  4.5806184e-01
 -8.3707243e-01
  1.5636596e-01
 -2.2207497e-01
 -1.8243806e-01
 -2.4466389e-01
  2.9937418e-02
 -3.6757553e-01
  2.5320357e-01
  7.0610762e-02
 -7.1697007e-03
  1.6417539e-01
 -5.8731180e-02
 -2.8079107e-01
 -9.9787805e-03
 -3.6218993e-02
 -7.1432604e-03
  1.3325675e-01
 -4.4757301e-01
  5.4751146e-01
  1.1006017e-01
  1.0262308e-02
 -3.2772747e-01
  9.0539493e-02
  5.6311512e-01
 -2.2657648e-02
 -4.5574880e-01
  5.5118546e-02
 -1.9751018e-01
 -2.4185655e-01
 -1.1028004e-01
 -6.5688983e-02
 -1.1489797e-02
 -1.2941904e-02
  5.4552997e-03
 -1.0298411e-01
 -4.8684633e-01
 -1.1186123e-02
 -3.4467515e-01
 -1.3741927e-01
  4.3078143e-02
 -4.2228267e-01
 -2.0521667e-02
  1.0306062e+00
 -1.4558209e+00
  3.0628511e-01
  6.6066682e-01
 -1.0397907e+00
  8.3053267e-01
 -2.5729125e-04
  3.4788543e-01
 -6.2003237e-06
  5.1880699e-01
  1.9104609e-03
  1.2868941e+00
  2.1610388e-01
 -1.2084695e-05
 -1.0510133e-05
  3.0403641e-01
  2.4372032e-02
  1.0434639e+00
 -1.6364707e-05
  4.3903254e-02
 -6.8373114e-02
  2.0124742e-05
 -3.4196109e-05
 -2.0047699e-05
 -3.1214301e-04
  2.8739609e-05
 -9.4836012e-02
 -3.0152807e-01
 -1.2145319e-03
 -2.5413364e-02
 -6.3936734e-01
 -1.5473184e-01
  1.8779521e-01
 -8.4887542e-02
  1.4439088e-04
  1.2652159e+00
 -8.7667279e-02
 -2.2277818e-06
 -1.6372392e-01
 -4.4209406e-02
  8.8776406e-03
 -6.4144439e-01
 -7.9407625e-02
 -1.7900568e+00
 -5.9208933e-02
 -8.0591983e-01
 -3.0602148e-02
 -3.4665826e-01
 -1.3736717e-04
  4.4213474e-02
  1.2892321e-01
  9.0529865e-01
 -7.5434834e-01
 -3.8259321e-01
  8.8778557e-05
 -1.3657328e+00
 -3.3885263e-02
  6.0024045e-02
 -3.8738301e-01
  3.2372933e-03
  1.6501157e-02
 -2.5571188e-02
  1.9317275e+00
 -1.5394197e-02
  9.4649593e-05
  2.9026327e-01
 -1.2507028e-04
  4.5691130e-01
 -6.1060982e-03
 -2.4555386e-05
  8.1648237e-01
 -3.1221131e-02
 -3.7098953e-01
  1.1734604e-05
  5.8143429e-02
  2.9634297e-01
 -4.4699058e-02
  4.4856160e-03
  1.4297250e-01
 -1.7031583e-01
 -2.1115289e+00
 -4.1070156e+00
  2.1944712e-01
 -1.7713430e+00
 -1.8778542e+00
  1.0553594e+00
 -3.1690650e+00
  1.0969263e+00
 -7.5863636e-01
 -5.2356508e-02
  8.8084805e-01
  8.8106573e-01
 -2.2628620e-01
 -2.1601732e-01
 -7.4883491e-01
 -8.9394128e-01
  1.1060239e+00
 -3.4908533e-01
 -3.0708498e-01
  9.2799115e-01
 -4.7029669e-05
  2.5032001e-04
 -1.0831549e+00
 -1.7529237e-01
 -2.2085607e-01
  3.5088740e-02
 -1.8702987e-01
  6.4199371e-03
  3.3709160e-03
 -1.6669762e-01
  1.3536915e-01
 -3.6346665e-01
  2.1298020e+00
 -2.9836494e-01
 -1.2140533e+00
  1.2019131e+00
 -1.9529387e+00
  9.0366900e-01
 -1.1206458e+00
 -1.1924824e+00
 -6.6905481e-01
  3.1267813e-01
  6.1707270e-01
 -6.1003828e-01
 -5.0341302e-01
 -2.6637501e-01
 -8.2772362e-01
  3.0898193e-01
  1.7163543e+00
  2.9859238e+00
 -1.1914291e-01
  6.8689607e-02
 -3.2654092e-01
 -1.8064336e-01
  1.2719995e+00
 -1.0014863e+00
 -1.3192552e-01
 -2.9579911e+00
 -8.5188138e-01
 -9.9207771e-01
  8.8932168e-01
 -3.7331042e-01
  2.2737376e-02
 -1.9933002e-01
 -1.2757679e+00
  5.4039233e-03
  9.2403793e-01
  3.0625099e-01
 -1.1060001e+00
 -3.5634711e-01
  1.8165561e+00
 -4.5608342e-01
 -9.3352877e-02
  5.8937675e-01
  7.1348238e-01
 -5.3857249e-01
  1.7788678e-01
  2.9691016e-02
  3.4509593e-01
 -1.5195307e-01
  8.2688123e-01
  3.2448062e-01
 -7.0641947e-01
  4.9579960e-01
 -2.7857482e-01
  8.5183609e-01
 -1.8545376e-01
  1.1000892e-01
  5.1155752e-01
  3.3706254e-01
 -3.6846259e-01
 -3.2862779e-01
 -4.5456934e-01
 -7.5182468e-01
 -1.9376015e-02
  1.0818094e-01
  3.5810582e-02
  8.4205031e-01
  6.8752396e-01
  1.8819425e-01
  1.1267585e-03
  6.5329862e-01
  1.3152841e-01
 -5.6208068e-01
 -1.4152612e-04
  3.7706274e-01
  2.2984764e-01
 -2.1808928e-01
  7.9677776e-02
 -2.5866112e-01
  3.2927436e-01
  4.5571768e-01
 -1.8343395e-01
  1.0134199e-01
  3.0328220e-05
 -1.1912066e-01
 -2.9675395e-04
 -3.8020673e-01
  4.4464198e-01
 -6.8028325e-01
  1.3605361e-01
  6.9143832e-02
 -1.4135851e-01
  2.5086892e-01
 -4.0829048e-01
  4.4996521e-01
 -2.0296818e-03
  1.3816170e-01
  9.1767627e-01
 -1.9206084e-01
  2.8375635e-01
  9.5960379e-01
  3.1611151e-01
 -3.7332094e-01
 -8.3242601e-01
  7.7482983e-02
 -1.7552720e-03
  6.3088030e-02
  2.1074708e-04
 -3.6238620e-01
  2.9379606e-01
  1.4057504e+00
 -6.0513597e-02
 -3.6616644e-01
  1.3773818e-01
  6.6916299e-01
 -8.7985834e-03
 -1.8274939e-01
  1.3235644e-01
 -3.1296885e-01
 -1.3276535e-01
  1.9674933e-02
  1.1918322e-02
  6.7763501e-01
 -1.0817977e+00
 -1.0724967e+00
 -3.2616603e-01
 -2.1922500e-01
  2.2152577e-02
 -2.7699688e-01
 -2.4285102e+00
 -4.0804020e-01
  5.5057709e-03
 -2.0472388e-01
 -1.6638693e-01
  2.1212710e-01
 -2.1926750e-01
  9.3514402e-04
  1.9492580e-02
  6.9053248e-02
 -2.4941823e-01
  4.1811436e-02
  4.0834871e-01
 -3.7907279e-01
  1.4088480e-03
 -2.0460456e-04
 -6.9658414e-02
  1.0249719e-01
 -3.1246170e-02
 -8.9833148e-02
  3.8090515e-01
  7.3668495e-02
 -3.5897636e-01
 -1.3695735e-02
  2.8369334e-01
 -2.4543011e-01
  5.1935092e-02
  1.5632279e-01
 -1.6777046e-03
 -8.7308045e-03
  3.0270431e-02
 -8.6249616e-03
 -4.3069522e-05
  1.4373039e-01
 -2.0193194e-01
 -1.4958678e-01
  5.0258644e-02
 -3.5724381e-01
  3.2371733e-02
  2.5036323e-01
 -8.4968506e-06
  7.6334760e-02
 -1.5503382e-02
  4.2953677e-03
  3.8884205e-01
 -3.1032434e-02
  7.5946115e-02
  3.2800129e-01
  2.4357978e-02
 -2.1314307e-01
  9.6035644e-02
  5.2267812e-02
 -2.2723321e-02
 -7.0759915e-02
 -1.0776045e-01
 -1.0578335e-01
  1.3897677e-01
  1.1115126e-01
 -2.8161979e-01
 -4.4718216e-04
  1.0139740e-02
  8.6735208e-06
 -1.0582186e-01
  1.0541387e-01
 -2.1312986e-01
  9.6068338e-02
 -5.4354578e-02
 -6.7351408e-02
 -2.6443520e-05
 -1.7752178e-03
  2.3443943e-03
 -2.8955245e-01
  5.4324239e-01
 -3.0110389e-01
 -1.3359627e-01
  1.1089445e-01
 -1.8139215e-01
  1.3198490e-04
 -6.6721350e-02
  1.4120166e-01
 -1.4703162e+00
  7.0915514e-01
 -2.9067901e-01
  1.6311446e-02
  3.7528124e+00
 -1.1044095e+00
  9.3021356e-03
 -3.9640477e+00
  1.7098371e+00
 -6.6401881e-01
  2.5829923e-01
  6.9417375e-01
  2.5542243e+00
 -1.2164771e-02
  2.0134780e+00
  1.3155847e+00
  1.3119265e-03
 -8.4718951e-05
  4.7623101e-01
  8.2462460e-02
 -9.0126290e-05
  2.7821869e-01
  3.9717883e-01
 -1.2647189e-01
  3.4257695e-02
  7.6244898e-02
 -6.0370568e-02
 -5.9812177e-05
  5.8584309e-01
  3.6069223e-01
  8.2832514e-05
  9.1358181e-03
 -1.2136123e-01
  1.1493514e-04
 -5.2012849e-01
 -4.0485695e-01
  1.0091617e-05
  4.3556863e-01
  9.0523738e-01
  7.5802935e-05
  8.8995257e-06
  5.0581586e-01
  6.6301990e-01
  1.4107316e-05
  1.7196799e-05
 -3.3488438e-01
 -1.5306860e-03
 -6.9812118e-06
  8.3670944e-01
 -1.5780940e+00
 -5.4648619e-02
 -2.8973053e+00
  1.4504795e-01
  2.2174698e-01
 -3.6763638e-01
  1.7370665e+00
 -1.0871438e-02
 -1.2032522e-01
  4.2097017e-01
  2.7050652e-05
  1.5962666e+00
  1.8272279e-01
 -2.9386580e-05
 -2.3684272e-01
  1.9671588e-05
 -9.7718233e-01
  9.0485770e-04
 -7.0443416e-01
 -2.6975942e-01
 -1.5545967e+00
  5.8119237e-01
 -8.4953338e-02
  1.0710993e+00
  9.7415054e-01
  1.5855976e+00
  2.1236384e-01
 -9.2916980e-02
 -1.3676196e-01
 -2.0858044e-02
 -5.3505427e-01
 -2.8984013e-01
 -9.0711302e-04
  1.1719793e-01
  5.2615751e-02
 -6.0533321e-01
  8.3448052e-02
  1.1287452e+00
  3.2486412e-01
 -1.3691756e-01
  5.7336153e-04
  9.4714165e-01
  2.4697746e-01
  2.1486834e-01
 -2.0791441e-01
  1.2101388e-02
  2.0400298e+00
  9.1457509e-02
 -7.7609284e-06
 -1.9890365e-01
  2.7978808e-01
 -8.2398660e-02
 -1.1883695e-01
  2.6689448e-05
 -4.0395769e-01
  3.4521165e-01
  5.7887897e-02
 -1.6389079e-02
  4.3990296e-01
  3.3819669e-01
  2.9128903e-01
 -1.2229398e-03
 -1.8508072e-01
  5.3184554e-06
 -1.6412383e-02
  7.6507318e-01
  4.3468665e-02
 -3.8562542e-01
  3.3139816e-01
 -2.8295207e-01
 -2.4009708e-01
 -9.4628614e-01
 -8.1423682e-01
  2.7089867e-01
 -5.4572791e-01
 -1.0766852e+00
  1.1535413e-02
 -5.7288980e-01
  1.9906838e-05
  6.9710946e-01
 -2.6700025e+00
  5.3134054e-01
 -3.2815206e-01
  4.1347396e-01
  1.7330149e-01
 -8.0103648e-01
  1.1453190e-01
  7.4024998e-02
  5.6317270e-01
 -1.7122459e-01
 -2.6686402e-04
  4.0566894e-01
 -1.2647114e+00
  1.7311762e-01
 -8.1286377e-01
 -2.0431332e-01
  2.0885614e-01
 -1.2086317e-02
  4.3117702e-01
 -1.8964654e-01
 -7.3205799e-01
  7.9861110e-01
  5.2577949e-01
 -2.4058170e+00
  1.5176862e-01
  3.9851958e-01
 -1.1885591e-01
 -7.7777648e-01
 -9.0787292e-02
  1.1415061e+00
  3.9889473e-01
 -3.1916207e-01
 -9.6903771e-01
 -1.0154723e+00
  1.7487026e+00
  2.9347715e+00
  1.4840414e-01
 -2.7988315e+00
  4.2142195e-01
  3.0800334e-01
 -4.2928857e-01
 -1.5615108e+00
  3.8558999e-01
  2.6617226e-01
 -2.4727896e-01
 -5.0362498e-01
 -4.7534761e-01
 -1.4459758e+00
  5.8987107e-02
  1.3497888e+00
 -7.4421233e-01
  4.0898927e-02
  2.4417090e-01
  1.4274685e+00
 -5.5601209e-01
  7.2744167e-01
 -1.0696603e+00
  6.6684133e-01
 -2.8650898e-01
  3.5811234e-01
 -1.2763602e-02
  4.4929817e-02
  1.2517139e-01
  1.5053244e-01
  1.4364914e+00
  2.7874200e-02
 -1.1556627e+00
  1.1182497e+00
  4.8891017e-01
  8.3900595e-01
  7.5509220e-01
  4.3120936e-02
  9.3157895e-02
  1.4635144e-01
 -4.5031750e-01
  6.3431400e-01
 -2.9805681e-01
 -3.2532107e-02
 -3.8385022e-01
 -1.5770547e-01
 -1.4989673e+00
  7.7663821e-01
  7.8524631e-01
  2.6119876e-01
 -7.0551318e-01
  1.1238752e-01
 -1.6527091e+00
  2.2241950e+00
 -1.8314918e+00
  1.7592311e+00
 -7.7492583e-01
  1.3862824e-01
 -6.3888425e-01
 -3.7075588e-01
  1.4895122e-01
 -1.3324819e+00
  2.2886462e+00
 -9.1305184e-01
  5.5328008e-02
 -7.5801897e-01
  1.9975936e+00
 -1.9866037e+00
  2.0602484e+00
 -9.8428220e-01
  1.9013034e+00
 -3.4940827e-01
  2.5264555e-01
 -4.0938053e-01
  7.0673354e-02
  1.1268999e-01
  5.4895580e-01
 -1.5483418e-01
  6.0645677e-02
 -1.8417553e+00
  2.3568903e-01
 -1.4483671e-02
 -4.5877072e-01
 -1.1436568e-01
  4.9988282e-01
 -4.5559594e-01
 -6.2198163e-04
  3.3041170e-01
 -7.8156400e-01
 -3.6047086e-01
 -2.6773193e-01
  1.6130739e-01
 -3.1915587e-01
  9.3810037e-02
 -5.1752102e-02
  3.3004099e-01
 -5.2469805e-02
 -9.2373079e-01
  4.3250996e-01
 -4.0868152e-05
 -1.9446765e-01
  6.1089975e-01
 -3.9756615e-06
  2.1647298e-01
  8.6299859e-02
  3.7220553e-02
 -3.8546988e-01
  3.7150677e-02
  1.8172431e-01
 -2.5511560e-01
 -3.3510539e-01
  4.7218102e-01
  1.0628599e-02
  5.4345429e-02
 -6.1503276e-03
  1.5139201e-01
 -2.8683555e-05
  2.1416661e-03
  2.6489748e-02
 -9.3897358e-02
  1.0424031e-01
  2.0654471e-01
 -4.2177945e-01
  3.5308075e-01
 -1.1314182e-01
 -4.8214388e-01
 -2.6884642e-01
 -6.7797810e-01
 -4.3333784e-02
  4.2900622e-01
  1.1993676e-03
 -1.8422185e-01
  1.7662463e-01
  9.6331313e-02
 -2.5279132e-01
  4.8891163e-01
  4.3927194e-03
  6.2687713e-01
 -1.2188921e-01
 -1.3414380e-01
 -5.7177460e-01
 -1.4495841e+00
 -1.4043517e-01
  2.9230824e-01
  1.9167830e-01
 -1.3105666e-04
 -2.9217812e-01
 -1.3606158e-01
  1.8765055e-01
 -6.8324178e-02
  7.9691365e-02
  1.8952084e-01
  7.9342678e-02
 -2.4171809e-02
  2.6595998e-01
 -6.0929053e-02
 -1.1100316e-01
  1.8366395e-01
  8.6377168e-01
  9.3334645e-01
  2.5652236e-01
 -5.0372882e-03
  2.1598449e-01
 -1.9029586e-03
  8.2191139e-01
  9.2388970e-01
 -4.3483070e-01
  8.4727824e-01
  4.8982531e-01
  1.1975270e-01
  6.9404906e-01
  6.4961943e-03
  1.0389141e+00
 -2.8533651e-03
  9.0902156e-01
 -5.7975042e-01
 -2.6448870e-03
  1.0948691e-02
  6.4865506e-01
  2.9794249e-01
 -8.4052233e-05
  4.0428702e-02
 -5.4109401e-01
 -6.0393673e-01
  3.2757121e-01
 -4.6931727e-05
  3.0773583e-01
 -1.3020976e-01
  8.7902062e-02
  5.8665924e-02
 -1.4938605e-04
  9.1647428e-01
  4.8341957e-01
  5.6222570e-01
 -1.0056541e+00
 -2.5594983e-01
 -2.0345502e-01
  6.2093329e-01
  6.2824535e-01
 -5.4451311e-01
  8.5403740e-02
 -1.1967779e+00
  8.8531241e-02
  7.8141624e-05
  1.2696360e-01
 -1.6695520e-01
 -1.0664717e+00
  1.3433126e-01
  6.9116390e-01
  9.9448115e-02
  1.5264750e-01
  2.1454848e-02
 -2.5422314e-01
  8.5917854e-05
 -3.8249272e-01
 -4.6953845e-01
  7.2002180e-02
  7.8657856e-03
  7.7901071e-01
  5.1677927e-02
  2.6978157e-02
  3.5247453e-02
 -3.0993231e-04
 -6.1507052e-01
 -1.9325162e-01
  1.4456879e-05
 -5.0745106e-01
 -3.4135604e-01
  5.3035291e-03
  1.2660162e+00
 -7.6647513e-02
  7.6797271e-01
  6.8111414e-01
  2.5076196e-01
 -8.7556000e-05
  6.3402983e-03
  5.6005073e-01
  3.3943841e-01
  7.4346647e-02
  5.6511998e-01
  3.8233027e-01
 -2.4965577e-01
  2.3807604e-04
  2.5126016e+00
  2.7913017e-02
 -2.7700666e-05
  6.5229446e-01
  3.3246395e-01
 -1.7499159e-01
  3.0452788e-01
  1.0046719e-02
  8.0453181e-01
 -3.2293391e-01
  2.8451449e-01
 -5.1405871e-01
 -1.6725333e-01
  9.2945993e-03
  7.0941734e-01
  4.7107533e-01
  7.7455649e-03
 -1.2063042e+00
  1.9728224e-01
 -1.0377744e-05
  2.0105098e-01
 -1.2673354e+00
  1.3563618e-04
  3.0473921e-02
  6.0962373e-01
  6.4337664e-06
  1.8114854e+00
 -1.3014337e-01
 -5.5477792e-01
 -9.0679336e-01
 -1.8269803e-01
  8.8987398e-01
  3.6672318e-01
 -8.0679315e-01
 -2.1536446e+00
 -5.5648590e-05
 -1.9978294e-01
  2.0894322e-01
 -3.0287299e-02
 -2.7760456e-03
 -1.8935654e-02
 -2.2015497e-01
  1.9183928e+00
 -1.0444170e+00
 -3.6071416e-02
 -2.0484060e-01
  6.8823361e-01
 -2.1519071e-01
  1.7233513e-01
 -2.9290593e-01
 -1.9056040e-01
 -1.0618197e-05
 -1.8925709e-01
  3.1075683e-01
  2.8004493e-03
 -6.5335169e-02
 -7.6722908e-01
 -6.9898587e-01
  6.9187130e-03
 -7.9450697e-02
  2.1724382e-01
  7.3982105e-02
  3.8483590e-01
  2.5480244e-02
  1.2940614e-01
 -4.1537869e-01
 -7.1544826e-01
 -6.3411346e-05
  4.2810093e-04
  4.0117662e-02
  4.5012360e-04
 -5.2060426e-05
  1.0654453e+00
 -7.0559072e-05
  8.3323129e-02
  9.8385423e-01
 -1.2916775e-01
  8.1930554e-01
 -1.3448299e+00
  2.1080551e+00
  1.0464348e-01
 -5.8468300e-01
  1.5963642e-01
 -2.3401158e+00
 -1.5852058e+00
 -1.6265174e-02
  6.5731269e-01
  3.1486554e-03
 -1.7599839e+00
 -3.1076026e-01
 -9.2280300e-07
 -2.5588834e-01
 -4.5505479e-01
 -1.1146513e-04
 -7.9155385e-01
  3.6690405e-04
  1.6574884e-06
 -8.2160604e-01
 -5.2675299e-05
  6.0626785e-03
 -1.0475092e-01
 -7.3026747e-02
 -5.8166559e-05
  3.5535389e-01
 -2.8155884e-02
 -1.0615236e-01
  1.6568007e-05
 -5.7172210e-06
 -2.5807862e-04
  8.6237633e-01
 -2.3698749e-05
 -3.0567175e-01
  3.3651412e-02
 -1.5309917e-04
 -9.9622197e-02
 -1.0847281e-01
  5.4558289e-01
 -6.8636763e-01
 -6.5121442e-01
  3.7533054e-01
  7.2660513e-02
 -2.7779588e-01
  2.6191291e-01
  3.3445573e+00
 -1.8830860e-01
 -8.4495798e-02
 -4.7517687e-01
 -3.1342119e-01
 -3.0920687e-01
 -5.9554493e-01
  3.2595700e-01
 -6.8325162e-01
  1.5562917e-01
  2.3678133e-01
  7.0444703e-01
 -3.5620475e-01
 -5.3210461e-01
  2.8798446e-01
  6.6748929e-01
  3.2838765e-01
 -1.7518435e-02
  4.9093115e-01
  1.6047255e-06
 -4.8650853e-02
  5.0585970e-02
  7.1746176e-01
  1.2869649e-01
 -4.0368154e-03
  3.3088174e-01
 -3.2409745e-01
  1.2458405e+00
 -5.0566870e-01
  3.6117479e-01
  5.8769983e-01
  7.3559648e-01
 -2.9356834e-01
  4.7366625e-01
  9.4406657e-02
 -9.8155004e-01
 -8.9387649e-01
 -1.2024941e+00
 -7.4245894e-01
 -1.5413494e+00
  1.3966193e+00
  1.2624975e+00
  9.7311474e-02
 -6.5526968e-01
 -3.4666771e-01
 -1.7141517e-01
 -6.0293561e-01
  7.0748633e-01
 -1.1675757e+00
 -2.8487596e-01
  8.9674436e-02
 -3.2331574e-01
  1.3016349e-01
 -2.5185879e-04
 -4.6297318e-01
  2.8219008e-01
 -1.5297201e-01
  2.2209771e-01
  1.2740792e-01
  2.2408791e-02
 -1.1233230e-01
 -1.0640467e-01
 -4.2582668e-02
  1.7953157e-01
 -2.0614178e+00
 -5.7552093e-01
  4.0439349e-02
 -1.2929858e+00
  3.5280976e-01
 -1.0325191e-01
  6.1903483e-01
 -5.5729085e-01
  2.4839523e-01
 -4.4037601e-01
  8.2428586e-01
 -3.8388497e-01
  2.4141929e-01
 -3.5249195e-01
  4.1800734e-02
  5.1967573e-01
  7.8381968e-01
 -4.4552413e-01
 -6.7006737e-01
  3.9259267e-01
  1.9695567e-01
 -1.8104264e+00
 -2.5817019e-01
 -1.5286219e-01
  2.7518421e-01
 -4.5358688e-01
 -1.9877191e-01
 -1.2865631e-01
 -1.0920173e-01
 -6.8949975e-02
  1.5524624e-02
 -2.0632026e-01
 -2.6791331e-01
 -9.8065990e-01
 -7.0797697e-02
 -2.4211116e-01
  9.0943986e-01
 -1.0845752e-02
  7.4293733e-01
 -6.7445880e-01
 -8.4737375e-02
 -8.7952673e-02
 -7.0485070e-02
 -7.0034206e-02
 -4.2295627e-02
 -2.0922451e-01
 -9.2048012e-02
  5.0043809e-01
 -8.1334960e-01
  1.2492843e+00
  5.7870126e-01
  6.7981368e-01
  4.2000588e-02
 -3.2988760e+00
 -1.6380316e-01
 -3.4870794e+00
  1.2567551e+00
 -1.6607314e+00
  5.9418720e-01
  2.2690597e+00
  1.8763359e-01
 -2.3953252e+00
 -1.5953492e-02
  2.7202704e-04
  5.1092088e-01
 -2.8868926e-01
 -5.9002787e-01
 -1.0420220e+00
  1.4499005e+00
 -1.0954695e+00
  2.6280198e-01
  2.9796772e-02
 -1.9207658e-01
  7.8294501e-03
  1.8467523e-04
  1.6279922e-01
  9.3908006e-01
 -1.8953440e-01
 -3.5877362e-01
 -2.5974177e-05
 -7.7865422e-01
  1.4776307e+00
  2.0834167e+00
 -9.4057736e-04
  7.3086023e-02
 -6.8125480e-01
  6.2391776e-01
  7.8016961e-01
 -1.3827903e+00
 -2.2089373e-01
  3.4352641e-05
 -4.3254033e-02
  4.6140823e-01
  7.0021462e-01
 -2.0508001e-02
  1.5889446e+00
  6.6406852e-01
 -2.3170412e+00
 -3.8038325e-01
 -1.5264275e+00
  3.2666197e+00
  1.3915552e+00
  7.3701411e-01
 -9.8397183e-01
 -3.4160516e-01
  1.3607328e+00
  9.3210167e-01
 -8.4097928e-01
 -1.8283334e+00
  1.4489484e-01
  8.6436677e-01
 -1.4131375e-01
  7.8625369e-01
  2.8470114e-01
  5.4982319e-02
 -2.0922973e+00
  6.7069441e-02
  1.4151653e-02
  1.0179579e+00
  5.8938247e-01
 -4.2850858e-01
 -3.0202530e-02
  7.9676729e-01
 -2.8230366e-03
  1.1326029e+00
 -3.0886024e-01
 -2.3580791e-01
  2.7085772e-01
  5.0721347e-01
 -2.0440355e-01
  2.5642645e+00
  2.3926483e-01
  1.0234572e+00
 -1.0317148e-01
  2.1112628e-01
 -9.1584933e-01
  2.4700619e-02
 -6.5866753e-02
  1.6419727e-01
 -2.2975475e-01
 -2.3939475e-01
  2.8152543e-01
 -7.4668038e-01
  3.6390600e-01
  4.6018401e-01
 -7.7233133e-03
  4.5875293e-01
  3.0189651e-01
 -6.9395736e-02
 -9.1592914e-01
 -2.7874267e-01
  1.2215835e-01
 -2.4188962e-02
  1.7205010e-01
 -1.4069740e-01
 -8.5850336e-02
 -2.9547015e-01
  1.1395550e-02
  4.9132645e-02
  6.7911834e-02
  1.3454130e+00
  4.3670484e-01
 -5.1075822e-01
  8.0630851e-01
  6.1930101e-02
  1.1945086e+00
 -3.7087670e-03
 -8.2170922e-01
  1.8477786e-02
  1.9021907e-01
 -2.0635054e-02
  2.4518076e-01
 -3.3591118e-02
  2.2809848e-02
 -1.4606038e-01
 -1.2808612e-01
  8.3409369e-02
  4.6042349e-02
  2.8778067e-01
 -2.1867767e-02
 -2.6054958e-01
 -7.4093699e-01
  7.0848808e-02
  5.4123652e-01
  8.7921906e-01
  3.7282798e-02
 -3.9456931e-01
  7.1892691e-01
 -2.6008731e-01
  3.5364738e-01
 -6.5494812e-01
 -3.4977776e-01
  1.8399947e-03
 -7.0916122e-01
 -3.2745069e-01
 -1.0706168e+00
  5.1171261e-01
  6.8421590e-01
 -1.0794692e-01
 -1.9964489e-01
 -4.8990485e-01
  2.5464514e-01
  1.9332542e-01
  3.2534426e-01
  1.1532555e-02
 -1.3214309e-02
 -8.3731100e-02
  9.8717302e-01
 -7.1682280e-01
  1.8124141e+00
 -9.8361945e-01
  8.4014690e-01
 -2.2485703e-01
  1.0815666e+00
 -1.9513880e+00
  1.9129429e+00
  1.3083276e+00
  2.4033692e+00
 -1.3918083e+00
 -6.0047710e-01
 -2.7117699e-01
 -4.4973758e-01
 -1.7872046e-01
 -2.4455157e-01
  7.0097059e-01
 -5.6081332e-02
 -9.6217736e-06
  7.2914958e-01
  3.4354172e-05
  2.4631878e-05
  1.7485747e-01
 -4.5493115e-02
 -5.2690148e-01
 -2.6861542e-01
  1.7025186e-02
  1.0043444e-01
  1.0242840e-01
 -5.6377798e-05
  4.4614021e-02
  1.1852579e+00
  2.1800992e-01
 -3.4145010e-01
 -7.7846855e-01
  1.5225372e-04
  4.4263250e-01
  1.7112403e-01
  1.1928931e+00
 -8.0126041e-01
  9.4548929e-03
 -1.4176791e+00
 -1.0903230e-01
 -6.8351591e-01
  8.9577013e-01
  1.2753686e-01
  4.7281614e-01
  2.4097893e+00
 -2.4014995e+00
  1.3693179e+00
 -2.8150232e+00
 -1.0835623e+00
 -1.2216811e+00
  7.0241764e-02
 -7.3557794e-01
 -5.8788800e-01
 -1.6379799e+00
  9.3066543e-03
 -3.6614454e-01
  4.9473932e-01
  4.0312311e-01
  2.8656605e-01
  7.8014894e-03
  1.3999304e+00
 -3.3909037e+00
  2.8912312e-01
 -5.3185511e-01
  2.7167232e+00
 -3.9525896e-02
 -1.7618765e+00
 -9.8875660e-01
 -6.0002828e-01
 -2.4593821e+00
 -8.7596536e-02
  5.5391240e-01
  1.8956082e+00
  4.4276619e-01
 -3.8519016e-01
 -7.9954249e-01
 -3.7864821e+00
 -4.0616045e+00
  1.5866623e+00
 -8.1744248e-01
 -8.9562327e-01
  4.1106254e-01
 -1.6410633e+00
  4.7463703e-01
  1.5475463e+00
 -2.1348143e+00
 -4.2689309e-04
  2.3357537e+00
  2.6776109e+00
 -1.4847171e+00
 -2.0132787e+00
  5.4518038e-01
  1.1384443e+00
  2.0013057e-01
 -3.9604801e-01
  1.1073218e-01
  8.8843077e-01
 -5.7768559e-01
  6.9280231e-01
 -5.3093940e-01
  4.7112414e-01
  1.9653459e-01
 -3.3536667e-01
  3.4026924e-01
  1.0186706e-01
  3.4725524e-02
 -6.2239360e-02
 -1.4104342e-01
  1.9756298e+00
  8.6582720e-01
 -5.9709835e-01
 -5.7683104e-01
  9.4765741e-01
  2.0559844e-01
 -7.9618178e-02
 -7.1002120e-01
 -3.7877533e-01
 -5.1829457e-02
  1.6968394e-02
  4.5422965e-01
 -3.6004350e-01
 -8.6898401e-02
 -2.9800358e-01
 -7.6505423e-02
  4.5332283e-01
 -1.7814139e+00
  1.6734274e-01
 -5.4213923e-01
  4.0052066e+00
 -9.2106301e-01
  6.7132145e-01
 -1.6834140e-01
  9.4734812e-01
 -1.5937731e+00
  8.9854658e-01
 -5.6047106e-01
  3.8592353e-01
 -1.3186586e-01
 -1.9498652e-01
 -3.8987368e-02
  2.2119198e+00
  2.0433257e+00
 -1.1461356e+00
 -3.3820183e+00
  1.1309177e+00
  5.3496999e-01
 -3.7096951e-03
  2.1609409e-01
 -4.9471691e-02
 -1.8163802e-01
 -1.1269951e+00
 -8.6669944e-02
  4.5792833e-01
  9.9771571e-01
 -1.9771540e-01
 -6.2780887e-02
  9.0174657e-01
  7.6552361e-01
  5.6695342e-01
  6.0539615e-01
  5.6826657e-01
  9.6940368e-01
  4.4803271e-01
  2.3919564e-01
  6.7433691e-01
  4.6777245e-01
  9.0628213e-01
  3.0912158e-01
  1.4035504e-01
  1.2596644e-01
  1.4322577e-01
  4.3752313e-02
 -1.4076117e+00
 -2.7015030e-01
 -1.7118187e+00
 -7.4094540e-01
 -3.4185737e-01
  7.2217751e-01
 -8.9360619e-01
 -2.4317963e-01
 -5.6791774e-05
 -1.1335274e+00
 -2.1490443e-01
 -1.0027935e-01
 -1.0261116e-01
 -1.1002065e-01
 -8.9706272e-02
 -1.8220884e-04
 -1.1820440e-01
  5.8595138e-05
 -3.3330968e-01
  4.0186853e-05
  5.2593310e-05
  2.2220600e-01
  2.5798696e-01
 -4.5830289e-05
  3.0196607e-05
 -6.5607168e-02
  1.5164942e-01
  3.6643763e-05
 -4.6048668e-01
  4.1032296e-01
 -3.6801954e-05
  6.5157988e-06
  1.8979103e-05
 -3.1119069e-01
  3.2595742e-01
 -3.3754134e-04
  5.2755662e-05
  6.0533355e-05
 -1.6898899e-01
  3.8367007e-02
  1.4466326e-01
 -2.1898900e-01
 -5.5614630e-05
  1.7630795e-01
  9.8068133e-02
 -1.0852231e-01
  5.8120942e-01
 -1.5785533e-01
 -4.1240266e-01
 -7.9400100e-02
 -9.6549839e-01
 -1.7900138e-01
 -4.1792950e-06
 -2.5543506e-05
 -1.8167622e-01
  5.5709690e-05
  1.0366384e-03
  4.9762886e-05
 -3.1021754e-03
  5.8335096e-05
  4.8875652e-05
 -1.1940020e-01
  5.5075441e-05
  3.5146812e-01
 -5.5829078e-02
  1.1877576e-01
 -2.3410122e-03
  2.5686020e-02
  7.1110779e-01
 -2.7498880e-02
  3.4960771e-01
  3.3172563e-01
  2.7801105e-01
 -1.5419424e-01
  1.0126261e+00
 -1.1848336e-01
 -4.1826439e-01
  3.4371130e-03
  2.4482390e-01
 -4.2920297e-01
 -1.7162638e-04
 -1.4378779e-04
  4.2967871e-01
  6.1489874e-01
 -1.4591527e-01
 -4.2087385e-01
  1.4937743e-04
 -7.8625744e-04
 -2.1512902e-01
 -1.6082510e-01
 -2.3855941e-02
 -1.2542585e-01
 -1.2356893e-01
  6.3066140e-02
  7.1929116e-03
 -1.4519247e-01
 -1.5263715e-01
  7.2403157e-01
  2.3527527e-01
  1.4790388e-04
  9.2754555e-05
  3.7072238e-01
  2.9590797e-01
  6.0098035e-05
  4.7002798e-01
  4.1560270e-04
  3.9774738e-02
 -6.3751516e-04
  1.0465509e-01
  1.4230898e-01
 -6.0814697e-02
  9.3377873e-02
  2.9492238e-01
  2.8753597e-01
  1.1655050e-02
 -4.5081207e-01
 -1.1731302e-02
 -1.5480802e-02
 -8.3914769e-01
  2.8152907e-01
 -4.8105991e-03
  2.1610165e-01
 -4.7978070e-02
  6.0930617e-02
 -7.6202130e-01
  4.6995534e-03
 -3.0544734e-01
  3.3439675e-01
 -2.1404171e-01
 -3.3822604e-02
  2.8564662e-01
  3.4453019e-01
 -2.6385051e-01
  8.8539205e-02
  2.1868439e-01
 -2.3612594e-03
 -9.0468846e-02
 -8.5251056e-02
  5.7341218e-01
 -1.1838109e+00
  1.5861578e-01
  7.8519247e-03
  3.6950228e-01
  6.9830227e-01
 -6.7171842e-01
  1.4816537e+00
  2.3001954e-01
  9.8441041e-01
 -1.3275145e-01
  4.5744181e-03
 -1.0903747e-01
 -5.0410962e-01
  2.2438009e-01
 -7.4209756e-01
  2.2576516e-03
 -4.4254246e-01
 -5.0883859e-01
  1.3961509e+00
  8.8597246e-02
  9.5251346e-01
 -1.9874093e-03
 -1.8365031e-01
 -2.4664192e-01
  4.7783312e-01
 -8.8189512e-01
 -8.4858018e-01
  2.4502678e-03
  3.1284890e-01
  5.2801275e-01
 -2.7767345e-02
 -1.2335007e-01
 -5.6698245e-05
 -4.2812213e-01
 -4.2589080e-01
 -3.5807294e-01
 -2.9973710e-01
 -2.7059970e-04
  1.1774026e+00
 -5.7549644e-02
 -1.4445978e-01
  1.2126537e-01
  2.5005966e-01
  1.1500769e+00
  3.7095819e-03
  1.1514558e-02
  1.2061396e-01
  1.4796582e-01
  6.3708091e-01
 -7.8949964e-01
 -1.4530018e-01
  6.5968084e-01
  9.4420008e-02
 -6.7399912e-02
 -3.0738705e-01
 -6.9878817e-02
  5.8172601e-01
 -8.1950808e-01
  1.6056803e-01
 -6.1319166e-01
  3.3650962e-01
  4.4280946e-01
  5.1187301e-01
  4.6013963e-01
  9.0479994e-01
 -1.1199678e-01
  2.8612643e-01
  2.0179974e-01
 -1.8922314e-01
  7.7287239e-01
 -5.0680453e-01
 -5.6210399e-02
 -2.4307418e-01
  1.3003679e-01
  4.2409918e-04
  3.6016801e-01
  4.3772972e-01
 -4.2263830e-05
  1.1815603e+00
 -6.7671412e-01
  4.7225353e-01
 -4.2995983e-01
 -7.4633545e-01
 -4.1507137e-01
 -4.4545785e-01
 -1.1926541e-02
 -1.5215264e-01
  8.7914929e-02
 -5.2702242e-01
 -1.9215845e-01
  1.9793601e-05
 -2.3223823e-01
 -3.3469558e-05
 -2.0254780e-01
 -4.4176068e-05
  2.7961683e-04
 -3.4820515e-01
 -1.9615038e-05
 -5.5690412e-05
 -4.5222646e-04
 -2.2478405e-02
 -1.2450960e-05
  1.8055129e-04
 -3.0468895e-05
 -4.7460730e-05
  1.2821789e-05
 -2.0540572e-05
 -5.4818374e-04
 -7.8492018e-04
  2.5380548e-04
 -6.5895026e-03
 -5.8843797e-01
 -1.1147963e-02
 -5.0952920e-05
  1.6175420e-04
 -1.1652677e+00
  4.6466321e-06
 -5.1816118e-05
  1.0002622e-05
 -5.9489576e-05
  2.4368256e-04
 -2.3300834e-05
 -4.0780874e-03
  2.3305719e-03
 -8.5855059e-02
  2.7153912e-04
  3.3977517e-01
 -3.6286707e-05
  3.1458934e-05
  1.2791334e-03
  1.6760099e-01
  3.6548913e-01
  6.6497298e-03
  6.0680639e-05
 -8.7196037e-02
  2.6820585e-04
  2.5792301e-04
 -3.3931075e-05
  8.5137382e-02
 -4.3149989e-02
  2.0550482e-01
  2.6800534e-01
 -1.3775185e-01
  2.3250039e-05
  5.4899019e-01
 -3.3371442e-04
 -3.8095501e-01
  3.0912414e-01
 -3.1703702e-01
 -5.4127157e-02
 -1.3665491e-01
  3.0037592e-04
 -6.2340737e-04
 -7.0023094e-03
  4.5907009e-01
  9.5138857e-05
 -3.5599428e-01
  2.9156068e-01
 -7.6276056e-06
 -3.1931722e-05
  4.2709167e-04
  6.6875533e-04
 -2.2631971e-02
 -5.0991315e-05
  1.2676851e-01
  7.6185197e-01
  1.1522989e-02
  6.6451959e-02
  2.3945134e-02
  4.3621340e-01
  5.5569190e-01
  2.3736397e-02
 -2.3979289e-02
  1.9022842e-01
  1.7535225e-01
 -6.2097453e-02
  4.4411632e-01
  8.5705507e-01
  4.3442592e-01
 -5.7705551e-02
  4.3182296e-01
  4.3416545e-01
  9.9787585e-02
 -1.2316271e+00
  1.9915830e+00
 -1.3212108e-02
  4.3182230e-01
  1.5679866e-01
 -2.9860920e-01
 -4.2822459e-05
  8.2567446e-02
  1.4193787e-01
 -1.9390127e-01
  1.3154000e-01
  1.6476610e-01
 -2.5523392e-02
 -7.5796090e-02
  5.3389296e-02
  2.2511256e-06
  8.2933646e-01
  1.6136324e-01
 -1.1895906e-02
  2.7495867e-01
 -1.0513518e-01
 -6.7088113e-04
 -4.5598313e-01
 -5.9616905e-01
 -3.1264309e-02
  2.2529620e-03
 -3.8104495e-01
 -3.1621778e-06
  4.3167722e-01
  1.7148555e-03
 -1.8925418e-01
 -3.5379624e-01
 -1.0137729e-01
  1.2859687e-01
  5.8952099e-01
 -9.7708054e-02
  2.7623922e-01
 -7.5606024e-01
  2.5335687e-01
 -2.4344315e-01
  3.6475070e-02
  7.1471840e-02
  5.7077301e-01
 -6.8054162e-02
  2.6638006e-04
 -1.7424417e-01
  3.9666560e-01
  2.4842347e-03
 -6.1051130e-01
  5.2807915e-01
  4.9983690e-05
 -1.2490037e-01
  3.1055283e-02
 -1.7862085e-01
  1.5581709e-01
 -1.6019084e-03
 -2.8931041e-04
  1.0906470e-01
  8.8309504e-02
  2.6804534e-01
 -1.9195047e-01
  6.9030263e-02
 -1.1251717e-01
 -2.0500788e-01
  1.3434181e-02
  1.6939950e-01
 -5.4773438e-01
 -3.1492206e-01
  3.1645828e-01
 -8.9304391e-03
 -2.7156917e-02
  1.6176234e-01
 -2.3689169e-02
 -8.0683345e-01
  1.2969387e-01
 -2.7083838e-01
  3.4401503e-01
  2.3131138e-01
 -9.3694520e-01
  6.7986685e-01
 -1.4236490e-01
 -1.6284824e-04
  6.3654047e-01
  2.8122999e-05
  1.0295226e-01
 -3.4215394e-02
 -4.7138859e-02
 -3.6021951e-04
 -2.6733947e-01
 -7.1918184e-04
 -1.7309642e-01
 -1.1510699e-02
 -3.9372142e-05
  1.5974056e-04
 -6.7076251e-02
  1.1984185e+00
 -3.9163893e-01
 -3.5418010e-01
  7.0359387e-02
 -9.4985560e-02
  2.9653287e-01
 -4.1626716e-01
  1.0845849e-03
 -5.1626289e-01
  5.1399118e-01
 -1.0930473e-01
 -4.0345865e-01
  7.6345578e-02
 -1.0320830e-01
  3.0910769e-01
 -7.2764937e-04
 -3.0348039e-01
  2.8533772e-01
  4.3916902e-01
 -1.4235136e-01
 -1.4747381e-01
  2.5835934e-01
  1.7278317e-01
 -1.7730372e-02
  6.2948984e-01
 -4.3977854e-01
 -1.1184815e-01
 -5.6724513e-01
 -4.3426972e-02
 -4.2108409e-03
  3.3119267e-01
 -1.2705584e-01
 -6.9679242e-01
  2.7302173e-01
 -8.6194038e-01
 -3.2268196e-01
 -8.7989949e-02
 -2.8745991e-01
  2.5152567e-01
  2.7577126e-01
 -2.6774818e-01
  1.4821103e-01
  1.4010365e-03
 -5.1727176e-01
 -2.3455741e-01
 -8.8774390e-04
 -3.4767333e-01
 -1.3027732e-01
 -1.7623799e+00
 -4.3407345e+00
  1.0204420e+00
  1.2734880e+00
 -4.9798759e-03
  2.8994691e-01
 -3.1221613e-01
 -1.0909622e+00
 -1.6750766e-01
  5.1144731e-01
  1.1028937e-01
  1.5856892e+00
 -9.8612583e-01
  6.9011098e-01
  3.3307523e-01
 -4.6939999e-03
  5.3568751e-01
 -1.1548454e+00
 -7.0728445e-03
  3.4132881e-05
 -1.2944945e+00
 -4.7813981e-05
  1.4522000e-02
 -4.2947668e-05
 -2.1657266e-02
 -7.4474089e-02
  5.4609060e-02
 -1.3067650e+00
 -2.8643943e-04
 -1.3476679e-01
 -6.2436420e-01
 -1.6399235e-01
  4.4248620e-05
 -1.6440878e+00
 -1.2008601e+00
 -5.3390118e-05
 -2.4200330e-02
 -1.1820123e+00
 -7.0939749e-01
  8.7203253e-03
 -6.8528645e-02
 -6.4013374e-01
  4.1360766e-01
 -3.5003693e-05
 -6.5349674e-01
 -1.6541741e-04
  9.6999332e-03
 -1.5561094e+00
  8.0608445e-01
  1.5141998e-02
  1.6194416e+00
  2.7501205e-02
 -2.2454602e-01
 -1.1394604e-01
 -2.1538515e-01
 -3.8083468e-05
  8.5362834e-01
 -1.0075447e-04
  2.9168490e-01
 -5.4847968e-01
 -5.1804417e-01
  2.9342341e-01
 -1.1991131e+00
  8.4196186e-01
 -7.9152524e-01
  1.0060800e-01
 -1.0890110e+00
  2.2175729e-03
 -9.3276531e-01
 -5.8465362e-01
  3.7400656e-05
 -2.9192197e-01
 -2.1486641e-01
 -5.8651604e-02
 -3.7215155e-05
 -1.9552985e-01
 -4.3960374e-02
  4.1442981e-05
  1.4448469e+00
 -9.5664620e-01
  2.9932556e-01
 -5.7139838e-01
  1.6417111e+00
  2.6816218e+00
 -6.1983317e-01
 -1.8266360e-01
  1.2320083e+00
 -1.5355084e+00
 -9.3023556e-01
 -2.0780413e-01
 -5.9937656e-01
 -1.2929144e+00
  1.0529921e+00
 -7.4396811e-02
  1.1388872e+00
 -1.5527394e-04
 -1.1968282e-01
 -5.0083010e-05
 -6.4049423e-01
  1.2213131e-01
 -7.6236349e-01
 -5.9301925e-01
 -9.2595434e-01
  6.1665630e-01
 -1.6362719e-01
 -2.3528303e-01
 -3.4413368e-01
  4.3801525e-01
  2.7770037e-02
  1.5259208e-01
 -1.5166655e-01
 -8.0699170e-01
 -3.8309380e-01
  1.6254270e+00
 -9.5147711e-01
  1.6174848e+00
 -1.2306872e-01
 -3.7584639e-01
  2.2950759e+00
 -3.4324296e+00
  1.0662309e-01
 -1.2351073e+00
  3.4297140e+00
 -3.0572632e-02
  3.5215281e-02
 -3.7212044e-01
 -6.5739632e-01
 -2.0555434e+00
 -2.0044045e+00
 -5.7914848e-03
 -9.4743860e-01
  1.1767765e+00
 -4.4061267e-01
 -5.0418323e-01
  8.2837802e-01
 -6.5575862e-01
  4.0069413e-01
 -2.1119051e+00
  3.7967947e-01
  5.8421052e-01
  5.3209770e-01
  9.1365963e-02
 -7.1478021e-01
  8.7319002e-02
  3.0264840e+00
 -2.2991112e-01
 -1.8060851e+00
 -1.3430642e+00
  2.1795601e-01
 -2.9103239e+00
  1.1759375e+00
 -1.9949332e+00
 -4.4050598e-01
 -6.6552304e-02
  1.5837343e+00
  1.4742653e+00
 -1.9045272e-01
 -5.4971284e-01
 -6.6605765e-01
 -2.8778596e+00
 -1.6300698e-01
  1.7616473e+00
  1.3900677e+00
  2.6031402e-01
  1.4793852e-01
  1.6496154e+00
  6.4434779e-01
 -1.9705229e+00
  6.8831332e-02
 -1.1117226e+00
 -3.4748101e-01
  4.6819276e-01
  1.7192160e-01
 -2.4559377e-02
 -2.1536396e-01
  5.5285770e-01
 -2.7432859e-01
  5.6716204e-01
 -6.8133044e-01
  3.7066555e-01
 -3.0522400e-01
 -4.8064119e-01
  9.0769768e-02
 -6.5176660e-01
  1.4220462e-04
  2.5957188e-01
 -3.4600213e-02
  3.9322054e-01
 -2.9507849e-01
  5.9256155e-02
 -5.5386137e-02
  5.5608958e-01
 -7.5341606e-01
 -4.7514245e-01
 -2.6248315e-01
  1.6495924e-02
  7.7647179e-01
 -3.0582418e+00
  4.8114708e-01
 -3.5375267e-01
  6.2394786e-01
  5.9940302e-01
 -1.9939572e-01
  1.1085811e-01
 -2.4962783e-02
  1.2999792e-02
  3.6117813e-01
 -9.0843342e-02
 -1.0754672e+00
  1.7640454e+00
  6.8731588e-01
 -1.0770190e+00
 -1.0594105e+00
 -5.6178617e-01
  6.7140239e-01
 -9.3354887e-01
 -4.7118810e-01
 -5.2667491e-02
  5.1223040e-01
 -5.8705932e-01
 -2.4421756e-01
 -2.0948005e-01
  6.4631265e-01
 -3.4974042e-01
 -1.2283531e-02
  2.0460649e+00
  2.1262249e-01
  9.4388075e-02
 -4.8804185e-01
 -1.2161115e+00
 -2.6141325e-01
 -5.2471828e-01
 -6.8542324e-02
 -8.8003702e-02
 -6.0576838e-01
 -5.0907159e-01
 -2.5945795e-01
  6.4591779e-03
 -4.3144274e-01
  7.2454758e-02
  2.6877865e-01
 -5.0554369e-02
 -1.4315760e-01
 -4.4026947e-01
  6.4799821e-01
 -1.8815160e-02
  4.5621321e-02
  1.0930120e-01
 -4.2779443e-01
  6.1986965e-01
  7.8685033e-01
  3.2947022e-01
  1.7538162e-01
  1.6255173e-01
 -4.1047806e-01
  6.2502533e-01
  6.2053627e-01
  7.3979021e-04
  5.2641624e-01
  6.3755460e-02
 -9.9342024e-06
  2.9192504e-01
 -5.2074623e-01
 -6.8106554e-02
 -4.0598771e-01
 -1.8624213e-02
  1.6006076e-03
 -6.1558042e-02
 -2.6308578e-01
  1.0250076e-01
 -2.4146232e-01
 -1.5885894e-04
 -5.8245012e-05
 -1.6155089e-01
  1.0457845e+00
 -5.7897471e-02
  6.1817400e-02
  1.8480488e+00
  6.7080104e-01
 -3.4502161e-01
 -7.3212287e-03
 -2.0094673e-01
  1.4636643e-01
 -1.1842887e-01
  9.3309935e-03
  5.4761816e-02
  3.6148095e-01
  9.2091963e-02
 -1.4022709e-02
  3.9334959e-01
  1.8798512e-01
 -1.8337446e-01
 -2.1622308e-01
  8.4143794e-01
  2.1834463e-05
 -1.8792486e-01
  1.9926012e-01
  2.4793854e-01
  1.4872117e-01
 -8.6553335e-02
  4.5312130e-01
  4.5506302e-01
 -4.2596743e-01
  2.1202970e-01
  7.6644741e-02
 -1.2578329e-01
  3.7441280e-04
 -1.2260048e+00
 -1.1984991e-01
 -2.2307371e-01
 -1.7005463e-01
  2.2110614e-01
  4.4297522e-01
 -3.2561430e-01
 -2.9211015e-01
  5.4868704e-01
 -1.8857513e-01
 -5.2256033e-02
 -1.0869765e-01
  1.8080820e-01
 -1.2144969e+00
 -4.9297240e-01
 -1.6816776e+00
  2.1851189e+00
 -4.4921425e-01
 -7.8812343e-01
 -3.8650012e-01
 -7.4098659e-01
 -1.3140786e-01
 -1.5991049e-01
  1.2555728e+00
 -2.6672796e-04
  1.6474067e-05
 -1.0795072e+00
  5.1769319e-05
 -1.1357527e-05
  1.3190610e+00
 -5.0023496e-05
 -2.7353221e-01
 -1.0668317e+00
 -2.5668840e-05
 -3.8942980e-04
 -5.0491935e-01
  1.0494545e+00
 -1.6542409e-04
  3.6096022e-01
 -1.2708825e+00
  3.6834630e-01
  6.6483638e-04
  5.3774703e-01
 -6.4160919e-01
 -9.7490394e-01
  4.2482328e-01
 -6.4756036e-01
 -9.5030822e-02
 -6.3782644e-01
  4.9389717e-03
  4.1475862e-05
 -3.4194055e-01
  1.7985888e+00
  5.2951054e-05
  1.4819707e+00
 -3.2732737e-01
  6.7765689e-01
 -1.7718162e-01
  9.3071979e-01
 -7.3523653e-01
  1.0535264e+00
 -8.7963176e-01
  1.1124869e-01
 -1.3599681e+00
  7.3122573e-01
 -6.3805759e-01
 -2.9804613e-04
 -4.6497416e-02
  7.5212234e-01
  6.3647021e-06
  6.5901165e-04
 -6.3509949e-02
  1.9962828e-01
  5.0804876e-02
 -4.4377032e-01
  2.5386825e-01
 -1.6907543e+00
 -7.3354405e-01
 -1.5068819e-01
 -1.7888399e-04
  1.3225193e+00
  5.7526289e-05
 -6.7107240e-04
 -1.0278834e+00
  1.4903077e-01
 -6.0858216e-05
 -7.4854775e-06
  2.2237310e+00
 -6.0472288e-05
  1.8926716e-05
 -1.9927722e-01
 -1.2269653e-04
  1.7265387e-01
 -1.1328892e+00
 -5.0647902e-01
 -5.7798797e-01
 -6.1588055e-01
  1.8481866e-02
 -1.8067810e-01
  8.7734735e-01
 -2.8996405e-04
 -1.6916671e-01
  5.5128604e-01
  1.8022723e-01
  2.7470422e-01
 -8.7578066e-02
  1.1515721e-03
 -2.0462893e-01
 -8.6051512e-01
 -8.4655076e-02
 -2.1890309e-01
 -6.3658528e-02
 -2.5320649e-05
  3.2960601e-02
 -8.5222536e-01
 -3.0924836e-01
  2.9859266e-05
 -5.2943760e-01
  4.7365966e-01
  4.2658359e-02
  1.0216115e-01
  1.3326059e-02
  3.1920057e-02
 -6.1278777e-05
 -3.8104200e-01
 -2.6651101e-06
 -2.1266168e-01
 -2.3734355e-01
 -4.2612766e-04
  1.6277952e-01
  1.7998100e-04
 -7.9044694e-01
  5.2293833e-02
 -1.7998378e-01
 -9.0144798e-02
  2.1542531e-02
 -5.3948748e-01
  8.6334802e-02
 -6.4323753e-01
  2.2688851e-01
 -7.8453887e-03
  1.0623753e-01
 -3.8006401e-01
  3.0089304e-02
 -6.8254465e-01
  1.9786394e-01
  1.3415720e-01
 -2.7789795e+00
 -3.6510810e-01
 -3.0036208e-01
  5.0020324e-05
  7.5715369e-01
  6.3140088e-01
  3.6699778e-01
  1.5874407e-01
 -1.5251619e-01
  1.5020618e-01
  1.9145171e-01
  4.8201379e-01
  2.1547364e-01
 -5.5759701e-05
 -1.0427427e-01
  2.7122535e-02
 -1.9402577e-01
  3.0486831e-01
 -2.9103920e-01
 -3.8843580e-02
  4.7747621e-01
 -3.3620574e-02
 -6.6586876e-01
  7.7501391e-03
 -5.6794148e-02
  8.6607449e-02
  2.8617945e-01
 -3.5318661e-01
 -3.4037155e-01
 -5.1897544e-01
  1.6582787e-01
  1.2408384e-01
 -1.3884543e-01
  3.3750728e-02
 -3.5713844e-02
  1.9948918e-01
  2.9635852e-02
  8.4817037e-03
 -1.0558909e-02
 -4.5351934e-01
 -1.9646634e-01
 -4.9735393e-02
  1.5153584e-01
  3.1045955e-03
 -4.9939752e-02
  1.2649825e-01
  1.0642091e-01
 -1.6299836e-01
  2.7843449e-01
  6.0690023e-02
 -9.3228864e-03
  1.0938833e-01
  4.8186850e-02
 -2.1575661e-01
  3.6665883e-02
 -1.7388915e-01
 -5.6691631e-03
  4.8846129e-01
  1.0794257e-01
  2.1304972e-01
 -2.5286764e-01
 -7.8126051e-02
  1.0999279e-01
 -8.3962971e-01
  2.5227158e-05
  6.3936884e-04
  4.0587626e-02
  1.8283333e-01
  1.0251261e-01
 -1.3142677e-01
  3.2906151e-01
  7.6888554e-02
  2.2220735e-01
 -1.3189139e+00
 -7.7226773e-02
  1.1870269e-01
 -1.0610394e-01
  6.6588663e-02
  9.8252460e-02
  6.0233551e-01
  2.1203192e-01
 -1.4172444e-01
  7.5905393e-03
 -1.5697560e-01
 -1.1809020e-01
  3.5831776e-01
  1.1436205e-03
 -1.0699930e-01
 -6.3635790e-01
 -5.0086517e-02
  1.5955368e-03
  5.0592430e-02
 -9.2535749e-02
 -1.4000366e-03
 -1.0382321e+00
 -2.9187400e-02
  4.3831531e-02
  2.2271538e-01
 -2.3126614e-01
 -3.9381483e-01
 -1.6187960e-01
 -5.4574981e-02
  7.3082626e-02
  3.4922715e-02
 -9.1063762e-03
 -1.3247009e-01
 -4.0824476e-01
 -2.0928560e-01
 -9.7524899e-01
 -6.4698488e-01
  5.5405329e-05
 -5.4864496e-01
 -3.1267625e-01
  5.4808974e-04
 -6.6860980e-01
 -7.6605111e-01
  8.2379580e-03
 -3.1219399e-01
 -3.3489257e-01
 -1.8530595e-01
  2.6983372e-04
  2.2966810e-01
 -3.2934341e-01
  1.3596345e+00
  3.6723924e-01
 -3.3248764e-02
  4.7545165e-02
  8.1635289e-06
 -4.4547054e-03
 -5.8375867e-05
 -2.3296896e-02
 -6.7363238e-05
  4.4340286e-03
  7.7469492e-01
  1.0007832e-01
  2.4798539e-01
  2.1900715e-01
  1.8399924e-01
  3.0568328e-01
 -4.0730503e-03
 -9.1528445e-02
  3.8006240e-01
 -7.6557614e-02
  1.4964513e-03
  2.6914617e-01
  5.7471214e-05
  1.0877709e+00
  2.6797041e-01
  1.2439016e-05
 -1.7631233e-01
  8.0988154e-02
  5.0409570e-02
 -3.9209794e-02
  2.3467098e-01
  4.1680794e-02
  2.5290819e-02
  8.1365669e-01
  7.2380407e-03
  1.7851916e-01
  2.3559903e-01
 -4.0383354e-02
  2.3232727e-01
  6.2913008e-02
  1.8304029e-01
  2.5905231e-03
 -6.6001801e-04
  1.2630958e-02
 -5.3586326e-05
  2.3989449e-01
 -4.2781424e-02
  1.0838355e-01
 -5.3641802e-01
  5.5997938e-05
 -5.0755905e-05
 -2.3722107e-04
 -1.4562850e-02
 -1.7100118e-02
  3.5706189e-01
 -5.2260792e-01
 -9.5871128e-02
  3.4304333e-06
 -4.0882292e-01
 -7.3457351e-03
 -5.3130367e-05
 -7.6011900e-04
  1.7168689e-01
  2.0489501e-02
  1.0489796e-01
  8.6816466e-01
  1.7975291e+00
  9.4050460e-02
  7.2530687e-02
  2.2874957e-02
  1.4946087e-02
  1.0071208e-03
  3.5953554e-03
  1.9332387e-02
  5.2259362e-04
 -1.1879463e-04
  1.5865184e-01
  5.4693944e-04
  3.9039842e-05
 -1.3711368e-01
 -5.0212006e-06
  2.4281973e-05
 -1.2200797e-01
 -5.2128074e-05
  5.0530125e-05
  7.2065623e-06
 -1.1791100e-05
  5.8278714e-05
 -5.7972335e-05
 -1.2627360e-04
 -5.8398680e-05
 -2.1633650e-05
 -3.6030424e-01
  5.3252981e-05
  2.9854423e-03
  4.9266720e-01
  3.1778835e-02
 -1.6458254e+00
  1.7603561e-05
 -1.3107722e-04
  5.5195741e-02
  2.2552316e-03
 -1.2013184e-01
  2.8776651e-04
  2.0672135e-01
  1.8852441e-02
  2.2401311e-05
  4.9639057e-02
  2.1893629e-05
  3.6113429e-01
  3.1434687e-05
 -8.5740334e-01
  4.8809292e-05
  5.2250856e-05
 -8.5712925e-02
 -9.2253676e-06
  1.0448549e-05
  5.3251046e-05
 -1.2865930e+00
  5.6379915e-05
 -5.6464276e-05
  5.5968862e-02
 -5.5958629e-02
  6.1575724e-05
  3.7261748e-01
  2.9917719e-04
  5.3491287e-05
 -4.7148005e-05
  4.2105289e-04
  5.6871639e-05
 -1.0026942e-05
  1.8032344e-05
  3.3799133e-05
  7.6892902e-04
 -1.0301439e-02
 -3.7702666e-05
  9.6631571e-05
  5.5044602e-05
  8.4048406e-06
  4.2692740e-05
  6.0733375e-05
 -7.5528969e-06
 -3.9507774e-01
 -1.0638831e+00
  6.2302822e-01
  6.2237203e-01
 -1.5391345e+00
  1.6081186e-01
 -1.2422732e+00
 -2.9013524e+00
  1.4563477e+00
  3.3442757e-01
  1.6927510e+00
  9.7854787e-01
  1.0313599e+00
  1.3002154e-01
 -1.6009275e+00
 -1.0325308e+00
  5.6510949e-01
  7.0419580e-01
 -4.2604569e-01
  9.0357300e-04
 -9.4536930e-01
 -9.1616207e-01
  1.4761215e-01
  6.7430919e-01
  6.4775503e-01
  3.0750966e-01
  6.4747836e-03
 -4.6538514e-01
  9.8310106e-02
 -5.9612975e-02
  1.2468446e-01
  1.6680573e-01
 -1.1826757e+00
  5.3072406e-05
  8.8275564e-01
  1.3741754e+00
 -2.8964862e-02
 -9.9298060e-01
  4.1939602e-03
 -9.7743385e-02
  4.2924702e-01
  3.1219375e-01
  8.2087085e-02
 -3.0270296e-01
 -3.0838931e-01
  4.0981349e-01
  1.5206616e-02
 -1.2380249e-01
  9.0219863e-02
  1.8556581e-01
 -1.5116282e-01
  7.0427500e-02
 -2.4519832e+00
 -5.3137392e-01
  8.1745744e-01
 -2.6750478e-01
  9.1716737e-01
 -6.3657689e-01
  1.2815104e+00
 -1.9303352e-01
  1.2304053e+00
  1.3186599e-01
 -2.2501986e-01
 -7.0869488e-01
  3.3013058e+00
 -4.4520679e+00
 -9.0038949e-01
 -2.5161445e-01
  1.0145782e+00
 -4.0801996e-01
  1.8798966e+00
  2.3125274e-02
 -3.6146176e-01
 -1.8163837e-01
  5.1296246e-01
  4.5243484e-01
 -5.3122278e-02
 -2.6640710e-01
 -1.2374318e-01
 -6.1301388e-02
  2.7250752e-01
  1.9391216e+00
 -1.8353626e+00
  1.6753942e+00
  2.5323281e-01
 -7.0260245e-01
  1.5299023e+00
 -3.5162668e+00
  2.0535824e-01
  2.1746907e+00
  4.4621950e-01
  5.2133154e-02
  1.5151723e-01
 -3.1096226e-01
  6.9854504e-01
 -8.1425524e-01
 -1.3468431e-04
 -5.2813548e-01
 -5.4905235e-05
 -9.0552941e-03
 -3.3387583e-01
 -1.6561527e-04
  8.2720566e-05
  3.5267156e-01
 -2.1135996e-01
 -2.2444414e-05
  2.1339236e-01
 -1.8033858e-01
  2.9485619e-01
 -3.5856977e-01
 -1.8094203e-01
 -2.6643416e-03
 -5.0175732e-01
 -4.1336309e-05
 -2.0463061e-01
 -6.1405945e-01
 -1.5532302e-04
 -1.3710114e+00
 -4.8669666e-05
  2.6322945e-05
 -5.8189693e-05
  9.1594642e-01
  7.7151442e-01
 -6.6350991e-01
  1.3083773e+00
 -4.1912654e-01
 -1.1570123e+00
  1.6876125e-01
  2.9704660e-01
 -2.1497686e+00
 -3.8435337e-06
  1.1140244e+00
 -4.9132194e-02
 -3.3908916e-01
  1.7238138e+00
  4.3691644e-01
 -6.7431456e-01
 -2.6028639e-01
  1.7824513e-01
 -1.4569924e+00
 -9.0344751e-01
 -6.3165200e-01
 -2.6983550e-01
  1.1370719e-01
  2.7088003e-02
 -1.7331071e+00
  5.0368351e-01
 -1.4435425e-02
  4.0901461e-05
  9.0347981e-01
 -5.4876685e-01
 -2.6403843e-05
  1.8912830e-03
 -6.8886206e-06
 -4.3144479e-01
 -1.8200779e-04
 -2.1097422e-01
  1.1478542e+00
 -2.0483241e-05
 -2.9335749e-01
 -2.4858087e-01
  1.7704815e-01
 -5.1757380e-02
 -9.1305777e-02
  3.5548368e-01
  5.4662424e-01
 -5.7057685e-01
  7.6152263e-03
  3.2436693e-01
 -4.2757031e-02
 -4.5049153e-04
 -2.1452357e-01
 -6.7917979e-01
 -2.8765091e-01
 -9.5815283e-01
 -7.4024403e-01
  1.6433941e-04
  3.9080397e-04
  4.7634578e-01
 -1.7019987e-04
  1.0557770e-02
  2.8923166e-01
 -2.1147339e-01
  2.0431057e-02
 -1.4487592e+00
 -2.0215777e-05
 -1.1357556e-01
  4.3809471e-01
 -1.4185695e-01
 -2.6747221e-01
 -3.3818439e-02
 -1.4873323e-01
 -2.3871139e-04
  2.0444907e-04
  6.0795158e-01
 -2.3235111e-01
  2.8840536e-01
 -3.9260662e-01
 -3.1799912e-01
  1.8242265e-01
  2.2283721e-01
 -2.2124414e-01
  8.5463810e-01
  1.4190564e-01
 -1.0683845e+00
  2.9078329e-01
 -8.2025856e-01
  1.7368375e-01
 -4.3726726e-05
  1.6979154e-04
 -9.4785377e-02
 -1.0038990e-02
  1.1852877e+00
  2.8390828e-01
  9.5365441e-01
  1.9294687e-01
  1.5407670e-01
  1.2391555e+00
  4.5071712e-01
 -6.5564334e-01
  1.6994844e-01
 -5.5864257e-01
 -3.3998534e-01
 -7.8993481e-01
 -1.7322131e-03
  1.6589442e-01
  4.8523495e-01
  8.9716896e-02
  8.0698389e-01
 -1.3869586e+00
  5.5824870e-01
 -1.4614692e-01
  2.7004519e-01
 -1.8495864e-01
  8.4884644e-01
  3.6449951e-01
 -6.5450257e-01
 -3.4851056e-01
 -1.0617902e+00
 -5.0004914e-02
  1.3532953e+00
 -4.0706974e-02
  1.1403177e+00
  2.3985796e+00
 -1.1929675e+00
  1.2515315e-01
  6.5871733e-01
  3.1553671e-02
 -2.2494970e-02
  2.9363272e-01
 -1.3546191e+00
 -1.1056504e+00
 -1.3090780e+00
 -5.8744359e-01
  3.7504563e-01
 -6.2513924e-01
 -7.0399630e-01
 -2.4012477e+00
 -2.7491117e-01
 -3.0620751e-01
  3.2216159e-01
 -1.8278168e+00
 -1.0552301e+00
 -6.7031503e-01
 -9.5591165e-02
 -8.5631698e-02
  1.3950212e+00
 -3.2699482e+00
  1.9901581e+00
 -4.2843621e-02
 -1.1349107e+00
 -3.6215947e+00
  5.4742163e-01
 -7.6374942e-01
  7.2529562e-02
  1.2316244e-01
 -3.6523189e-02
  4.7429681e-01
  4.0207821e-01
  1.3336024e-01
  1.6587445e+00
 -9.6000314e-01
  1.3257308e+00
 -1.5560832e-02
  6.8660617e-01
  6.4872676e-01
 -1.5552914e+00
 -2.2280879e+00
 -1.8452706e+00
 -2.3217125e+00
  6.0111260e-01
 -3.6810279e-01
  3.2663819e-01
 -1.0654500e-01
 -1.7095938e-01
 -1.7656602e-01
 -8.7328129e-02
  1.3696229e-01
 -3.2695193e-02
  1.5527430e-01
  1.8466111e-01
  1.3121592e-01
 -9.3694967e-01
 -5.9274945e-02
  5.3571087e-01
 -1.3090597e-01
 -1.4765897e-01
  4.4586003e-01
  1.3627338e-01
  3.1596074e-01
  4.8630707e-02
 -9.7403675e-02
  1.0354337e-01
 -3.8281685e-01
 -1.7354645e+00
 -4.7498661e-01
 -4.3412566e-02
 -3.0059916e-01
 -7.8609005e-02
  1.3915842e+00
  6.6138111e-02
  1.7934448e-01
 -8.7460570e-02
  4.5167974e-01
  1.0525656e-01
  4.1700687e-02
  1.0279523e+00
  3.2278621e-01
 -9.5984721e-01
  1.2657458e-01
 -7.0947039e-01
 -1.6040261e+00
  6.1440670e-01
  1.8068127e-01
  5.9627646e-01
  1.9987637e-01
 -2.8866121e-01
 -1.2270610e-01
 -9.1675051e-02
  6.8818182e-02
 -2.3821805e-01
  1.4628635e-01
  7.4174267e-01
  3.2602522e-01
  1.7392121e-01
  4.7589710e-01
  2.5497520e-01
  1.9670728e-01
  2.3507118e-01
  2.4021509e-01
  1.8542379e-01
  2.0041123e-01
  2.2486831e-01
  1.7309591e-01
  1.8245065e-01
  1.8988085e-01
  1.5211272e-01
  1.5384368e+00
  2.6838766e+01
  8.7120380e+00
  1.8625426e+00
  6.7526183e+00
  4.1114964e+00
  2.0165164e+00
  3.6804183e+00
  2.9178178e+00
  1.6792315e+00
  2.9371054e+00
  2.8213661e+00
  2.0875573e+00
  2.5187519e+00
  3.1267803e+00
  2.3896840e+00
  8.1056631e-01
  6.0021720e+00
  7.8278656e+00
  1.5935168e+00
  1.3587185e+00
  3.6953011e+00
  1.2909673e+00
  9.9827635e-01
  1.4107348e+00
  1.8543682e+00
  1.5673847e+00
  1.0048572e+00
  1.9214562e+00
  1.4588320e+00
  1.2782835e+00
  1.1384395e+00
  5.4435211e-01
  5.4140511e+00
  6.0090666e+00
  6.2279105e-01
  1.3398030e+00
  2.8853631e+00
  6.5330416e-01
  1.1793087e+00
  1.5161966e+00
  6.7517388e-01
  6.3346273e-01
  1.0287971e+00
  7.0679069e-01
  6.3730383e-01
  1.1698966e+00
  7.8186494e-01
  3.4442684e-01
  3.6598277e+00
  3.5128629e+00
  3.4355116e-01
  7.9452568e-01
  1.4621323e+00
  3.0803198e-01
  6.1232746e-01
  8.1619072e-01
  2.8306395e-01
  5.4867905e-01
  5.8345759e-01
  4.2802572e-01
  5.7097948e-01
  4.5406011e-01
  5.0088692e-01
