      0.06294      0.09150     21.85875        -0.436515     -0.581560      0.460492
      0.08116      2.82728      2.81745        -2.159359     -2.554061     -1.551445
      2.65970     21.80592      2.79274         1.027565      1.354687     -0.749104
      2.81698      2.82842      0.09190        -1.038703     -1.044942     -1.018876
      1.39362      1.45858      1.39830         0.259271     -0.558882      0.182957
      1.28666      4.09853      4.00859         1.689954      1.648831      3.004101
      4.05715      1.42721      4.17128        -0.027510     -0.217410     -1.260193
      4.11083      4.02983      1.45395         0.879464      1.470238     -0.100365
      0.03575     21.82978      5.45635        -0.606354      0.900173      0.235167
      0.05155      2.64353      8.17921        -0.453242      1.106054     -0.287920
      2.78293     21.79383      8.25600        -0.238480      1.128193     -0.440150
      2.71275      2.79899      5.52764        -0.711468     -0.306530     -1.745862
      1.39825      1.40612      6.77312         0.133545     -1.500527      0.763098
      1.30139      4.06487      9.56800         0.144645      0.238222      0.368233
      4.14266      1.45719      9.55917         0.199005     -2.122471     -0.146972
      4.00782      4.00834      6.86501         1.008401      1.909980      0.363310
      0.04187      0.09195     11.01540        -0.897674     -1.223415     -0.816508
      0.05094      2.70238     13.76340        -0.879669     -0.600775     -1.795501
      2.68951      0.01705     13.68090         1.412285      0.884554     -1.506760
      2.77024      2.67906     10.86490        -0.377907      1.485283      0.639799
      1.39817      1.41740     12.23420         0.286888      0.065568      1.386193
      1.29967      4.05247     14.99020         0.939528      1.562097      0.827790
      4.02525      1.36834     15.10680         0.928083     -0.191362     -1.245596
      4.10112      4.14127     12.25520         0.029601     -0.954662      0.412572
      0.06286     21.84473     16.38190        -1.025749      0.674354      0.016869
     21.82310      2.80047     19.15370         0.524985     -0.336174     -0.357043
      2.82015      0.01705     19.05530        -0.430437      0.067774      0.706477
      2.70430      2.74424     16.31660        -0.357353      0.587275      1.172183
      1.30647      1.45059     17.77910         0.691790     -0.571753     -0.096759
      1.31737      4.05862     20.56310         1.263039      0.194458     -0.866831
      4.12466      1.41859     20.59410         0.007298      0.074795     -1.098362
      4.09611      4.15220     17.69890         0.022390     -0.328535      0.294922
      0.01376      5.40173     21.82020        -0.623656      1.354400      0.925734
     21.86828      8.22330      2.81697         0.785702      0.452348     -0.443261
      2.63668      5.42119      2.66478         0.643443      0.609817      0.266182
      2.70172      8.23372      0.06516        -0.884085     -0.061347     -0.769349
      1.29959      6.87359      1.37482         0.031358     -0.453536     -0.302634
      1.42601      9.61968      4.20068        -1.067932      0.805650     -1.172659
      4.06369      6.82586      4.01709        -0.153244     -0.339655      0.467976
      4.10716      9.48681      1.35569         0.543360      1.330276      0.531160
     21.79573      5.42057      5.54246         1.352668      1.024069     -1.230694
      0.09238      8.26291      8.21884        -0.297296     -1.227466      0.371430
      2.63523      5.45488      8.21287         0.993550     -1.309068      0.550432
      2.78928      8.28503      5.39759        -0.217223     -1.869188      0.788196
      1.43061      6.77212      6.90636        -1.084059      1.420687     -1.833105
      1.44089      9.52281      9.59446        -1.111403      1.486871     -0.299839
      4.01834      6.76486      9.54024         0.266665      1.073152     -0.078099
      4.08141      9.49726      6.83840         0.083610      1.346799     -0.333319
     21.85476      5.54914     10.99330        -0.508034     -1.894368     -1.086530
     21.78959      8.29186     13.64940         2.019996     -1.795581      0.506538
      2.68228      5.46677     13.61980         0.210219      0.015832      0.426851
      2.65896      8.20075     10.91800         1.115804     -0.947312      0.681117
      1.30393      6.80329     12.22360         0.683618      1.461918      1.585088
      1.31514      9.65006     14.96500         0.793897     -0.368570      0.347766
      4.08490      6.80960     15.12710        -0.561227      0.354369     -1.148225
      4.01138      9.49229     12.39560         0.456644      0.948741     -1.194351
      0.01504      5.49842     16.44320         0.239357     -0.374974     -0.283207
     21.78636      8.24924     19.07680         1.413605     -1.400923      0.653426
      2.68126      5.49815     19.11380         0.841568     -0.891631      1.283686
      2.70493      8.19308     16.43090        -0.335452      0.465327     -0.589522
      1.43139      6.84515     17.82900        -1.479671      0.501940     -0.677468
      1.27023      9.52931     20.42350         0.840338      0.821404      1.038905
      4.01005      6.88469     20.59310         1.011136     -0.657647     -0.842972
      4.03525      9.50784     17.82810         0.469224      1.026374     -0.544203
     21.87176     10.96610      0.02449         0.024081     -1.239010     -0.006930
     21.86157     13.64720      2.75171         0.128340      0.325793     -0.433152
      2.72366     10.99950      2.67585         0.999427     -0.769555      1.032289
      2.69557     13.67810     21.83465         0.369202     -0.150319      1.270485
      1.36885     12.27450      1.36133        -0.269818      0.866072     -0.103785
      1.36930     15.12650      4.04755        -0.425709     -2.194073      0.783707
      4.16498     12.37950      4.17031         0.158638     -1.667903     -1.024938
      4.16042     15.04870      1.30610        -1.438100      0.236106      0.332082
     21.81958     11.01820      5.48917        -0.205695     -0.983777     -0.583479
     21.80854     13.76740      8.24514         0.582600     -1.296977     -0.182590
      2.67983     10.92500      8.14725         0.697036      0.020939      0.453704
      2.72144     13.59370      5.39208        -0.710736      1.163992      0.811759
      1.32937     12.25600      6.79509        -0.196192      1.314528      0.640038
      1.45183     15.02040      9.53381        -0.766360      0.723971      0.247782
      4.08749     12.32330      9.55488        -0.785199      0.349481     -0.033312
      4.03841     14.99110      6.83732         0.425024     -0.198205      0.045615
     21.79150     10.88470     10.97300         1.313105      0.421701     -0.678968
     21.82690     13.66330     13.65060         1.579041      0.356262     -0.406872
      2.79450     11.02980     13.64500        -0.638222     -0.502148      0.414854
      2.64014     13.68090     11.03480         2.166300      1.072650     -1.691880
      1.45292     12.30860     12.21190        -2.347361     -1.051317      1.504261
      1.41322     14.98500     15.11570        -1.259859      0.846466     -1.257926
      4.09917     12.30210     15.12130        -0.239592      1.050210     -1.185133
      4.11716     15.06350     12.36360        -0.316430     -0.306858     -0.166198
     21.79414     10.93600     16.31190         1.039891      0.010772      1.655889
     21.82677     13.72730     19.18890        -0.188009     -0.433623      0.475046
      2.70137     10.98020     19.14010        -0.325293     -0.439412      0.102389
      2.77025     13.75220     16.40180        -0.098987     -1.239132      1.217350
      1.29446     12.38250     17.85390         0.349424     -0.478549     -1.382172
      1.41140     15.00550     20.52920        -0.574015      1.399079     -0.736318
      4.02280     12.34410     20.53080         1.000935     -0.713720     -0.428926
      4.13220     14.97820     17.84480        -0.360742      1.711681     -1.502248
      0.06110     16.50150      0.00433        -0.246230     -1.154194     -0.339263
      0.01534     19.18260      2.65365        -0.412108     -0.567546     -0.032023
      2.67088     16.40590      2.79793         1.966827     -0.253097     -0.947369
      2.68229     19.13430      0.06351        -0.100018     -0.391248     -1.133599
      1.44445     17.68490      1.41164        -0.896458      1.402702     -0.218358
      1.27288     20.54360      4.03142         0.456531     -1.058797      0.791327
      4.09943     17.68140      4.13337        -0.117461      0.585051      0.367667
      4.03504     20.42150      1.37087         0.746648      1.308825      0.144502
      0.09459     16.34050      5.49997        -2.130245     -0.028217     -0.980767
      0.02980     19.11830      8.22849         0.226996      0.035356     -0.232435
      2.79437     16.47210      8.16130        -1.072390     -1.038820     -0.477078
      2.72506     19.20080      5.45493        -0.864251     -1.175581     -1.010078
      1.35363     17.68500      6.73885         0.762945      1.629451      1.334730
      1.43221     20.48710      9.66686        -1.550609      0.958212     -1.053965
      4.01814     17.77830      9.50348         0.668461      0.552452      1.564289
      4.02808     20.49060      6.75699         1.419111      0.097510      1.409592
     21.84888     16.35960     10.97050         1.299793      0.781810     -1.000429
     21.81402     19.12470     13.67930         1.346499     -0.198687     -0.018372
      2.73224     16.41540     13.71110        -0.240680     -0.338297      0.010191
      2.70220     19.22860     10.97050         1.285218     -1.207575     -0.011341
      1.45748     17.75650     12.24000        -1.245772      0.087039      0.893415
      1.45122     20.60390     14.96430        -1.235535     -2.062261      1.133751
      4.01199     17.73320     15.13850         0.960818      0.484251     -1.289688
      4.14902     20.54750     12.23860        -0.849912     -0.377716      1.202207
     21.78092     16.33710     16.42370         1.447238      0.894761     -1.203037
      0.01224     19.21120     19.08530        -0.748393     -1.349939      0.544091
      2.81067     16.43480     19.11700        -1.009660     -0.525360      0.213007
      2.76814     19.11540     16.42240        -1.214661      0.648195     -0.004574
      1.30524     17.71110     17.72330         0.406384      0.533715      0.391405
      1.34093     20.49290     20.46530         0.806169      0.732373      0.261788
      4.09360     17.76940     20.53070        -0.860537      1.016765     -0.468877
      4.19778     20.43140     17.72600        -1.277910      1.145874     -0.413171
      5.53348      0.06355     21.85898        -0.668585     -1.231928      0.482613
      5.56513      2.68645      2.65315        -1.373721      0.209626      1.777171
      8.24895      0.01887      2.75400        -0.140133     -0.555726     -0.141083
      8.17168      2.63880     21.86858         0.343045      0.906726     -0.357109
      6.85256      1.35220      1.40634         0.743317     -0.646740     -0.534149
      6.75730      4.06399      4.14143         1.066166      0.398980     -0.721736
      9.65131      1.29945      4.12916        -0.559792      1.132624     -0.041601
      9.64598      4.03720      1.27387        -1.564549      0.377141      0.303337
      5.38236      0.00627      5.39933         0.526892      0.364503      1.066699
      5.43252      2.69933      8.15910         0.924062      0.948903      0.570220
      8.20907     21.79553      8.19092        -0.282324      0.656695     -0.062593
      8.23379      2.75649      5.47403         0.217515     -0.174277      0.065179
      6.81727      1.42291      6.82723         0.226676     -1.230863     -0.303036
      6.89975      4.08614      9.64512        -1.235500      0.888977     -2.136419
      9.61372      1.28531      9.57366        -0.678876      0.723068     -0.482446
      9.66378      4.05474      6.92447        -0.051809      0.413045     -1.296631
      5.49614     21.82536     10.95760         0.236649      0.840055     -1.052821
      5.56014      2.67911     13.64890        -1.487800      0.984028      0.635524
      8.15104      0.03357     13.75470         1.194533     -0.166418     -1.386152
      8.23812      2.80318     10.83740         0.116414     -2.123382      1.241521
      6.79356      1.33604     12.29680         1.335146      0.101158     -0.543316
      6.87011      4.15755     15.02350        -0.289162     -0.010879     -0.434681
      9.60908      1.40222     15.03080        -0.814692     -0.057071      0.667467
      9.48365      4.00279     12.35840         0.717655      1.021701     -0.841905
      5.43309     21.84262     16.34350         0.182336      0.324212      0.426854
      5.52555      2.75578     19.09760        -0.899033      0.595827      0.813838
      8.19717     21.81275     19.05830        -1.182094      1.010267      2.001867
      8.11005      2.78199     16.42100         0.770982     -0.556065      0.153314
      6.77092      1.31572     17.80960         0.438224      0.039876     -0.969757
      6.88010      4.18493     20.51660        -0.437413     -0.891552      0.293817
      9.56475      1.32096     20.49240        -0.044501      0.282115     -0.597909
      9.50059      4.15455     17.80180         0.668269     -0.213132     -0.102728
      5.49812      5.49006      0.06839        -1.013731     -0.196665     -0.441406
      5.50440      8.19293      2.80088        -0.466262      0.148087     -0.525190
      8.23006      5.46035      2.68559        -0.384200     -0.154126      0.406046
      8.29193      8.23529      0.02269        -2.043080     -0.694187     -0.483581
      6.77754      6.88981      1.38360         1.345935     -0.242357     -0.039632
      6.87761      9.54009      4.10960         0.407896      0.593499     -0.320243
      9.51730      6.86815      4.17544         0.457576     -0.140341     -0.980632
      9.49393      9.55328      1.32011         1.265065      1.133749      1.059072
      5.43221      5.47738      5.44952        -0.578642     -0.338171      0.442899
      5.39244      8.24711      8.19257         0.944463     -1.378495      0.719361
      8.29087      5.47310      8.17606        -0.603069     -0.429045      0.627677
      8.23201      8.30164      5.52130        -0.565577     -1.356542      0.205179
      6.83164      6.77949      6.86133        -0.056523      0.900028     -0.268218
      6.86361      9.49121      9.62445        -1.246623      1.954615     -1.052172
      9.57899      6.75769      9.65662        -0.862104      1.585297     -1.273850
      9.59951      9.48277      6.93030         0.446601      1.420131     -0.470356
      5.40701      5.44729     10.84610         0.902408      0.301729      0.866586
      5.39637      8.23719     13.72250         0.468317     -1.253412     -0.046145
      8.24215      5.51685     13.62010         0.252734     -0.340691      1.118672
      8.12166      8.20691     10.92570         1.201842     -1.189921      0.929747
      6.84083      6.80529     12.34190        -1.231164      0.517817     -0.696415
      6.84182      9.50005     15.01050        -0.217333      1.071418      0.306716
      9.64228      6.85297     15.08590        -0.570498     -0.000323      0.114091
      9.56702      9.52248     12.28330         0.124122     -0.559752     -0.334384
      5.50528      5.53294     16.38130        -0.139132     -0.840581      0.162783
      5.50941      8.18888     19.08330        -1.045626      0.182657      1.386808
      8.19136      5.54615     19.19820        -0.204366      0.054426     -0.859180
      8.10682      8.18114     16.49570         1.692570      0.835722     -1.163499
      6.80192      6.88957     17.73850         0.017233     -1.357811      0.884500
      6.82061      9.54941     20.54150         0.831054     -0.681638     -0.959628
      9.52410      6.89745     20.49500         0.620076     -0.202676      0.065119
      9.50946      9.62107     17.83970         0.673198     -0.288000     -0.960123
      5.52237     10.87720     21.79674        -1.241669      1.013615      1.050299
      5.40205     13.65290      2.66156         1.200995      0.317962      0.652895
      8.27530     10.98690      2.77003        -1.375180     -0.594504     -1.058154
      8.30087     13.73660     21.87344        -2.819035     -0.886925     -1.027383
      6.83863     12.36230      1.30509         0.320055     -0.717372      0.246744
      6.91261     15.00240      4.10045        -0.931026      0.534563     -0.486087
      9.58766     12.31120      4.03097         0.213295      0.594070      1.878586
      9.50100     14.95660      1.27814         1.593018      1.608350      2.698043
      5.53874     10.83730      5.46822        -0.560715      1.051257      0.510850
      5.48071     13.74460      8.28307        -0.206220     -0.679781     -0.671657
      8.28882     10.95970      8.21783        -0.671992     -0.453477      0.230722
      8.24223     13.76950      5.53764         0.075176     -1.579447     -0.589128
      6.85231     12.30990      6.88348        -0.074178      0.067376     -0.218790
      6.89883     15.03460      9.58725        -0.430289      0.413249      0.699492
      9.64585     12.36460      9.51940        -0.350424     -0.364633      0.175548
      9.66783     14.98420      6.86903        -1.113003      2.021252     -0.523229
      5.38530     11.02290     10.94770         0.834095     -1.280846      0.494493
      5.49379     13.68750     13.69750         0.008124     -0.304588     -0.044324
      8.23509     10.84060     13.57790        -0.234706      1.211256      1.174373
      8.24885     13.59570     10.96010         0.366998      0.933080     -1.181283
      6.91390     12.37690     12.27680        -1.334777     -1.399806      0.774726
      6.93221     15.03550     14.94860        -1.096884      0.519094      1.102770
      9.62386     12.37330     15.03660        -0.484269     -0.692628     -0.383141
      9.58634     14.98050     12.24290        -0.403405      1.919375     -0.354398
      5.39322     10.97620     16.35990         0.669641     -1.951139      0.675087
      5.40970     13.67130     19.08180         1.097471     -1.005892      1.400949
      8.13220     10.94440     19.15310         0.280646      0.558677      0.671340
      8.14071     13.66050     16.43390         0.561199     -0.064835     -0.164255
      6.74428     12.22910     17.75640         0.284148      0.689908      0.038472
      6.86279     15.03670     20.44840        -0.205558      0.134081      0.137130
      9.52642     12.37490     20.59680         1.123697     -1.661751     -1.043080
      9.57777     15.11340     17.68940         0.487659     -1.758406      0.356784
      5.38974     16.45340     21.80992         2.048832     -0.306175      0.722039
      5.39701     19.05280      2.71402        -0.091049      0.964940      0.829693
      8.13619     16.47790      2.66109         1.416216     -0.996219      0.880470
      8.22709     19.22700     21.78058         0.294354     -1.240919      1.087762
      6.85049     17.86980      1.45498        -0.295114     -0.183536     -2.333488
      6.74617     20.57900      4.06171         0.703903     -1.149694     -0.041124
      9.65629     17.83010      4.06056        -1.150976     -0.665987     -0.200002
      9.61578     20.50990      1.33374        -0.419517     -0.209419      0.721717
      5.46201     16.31660      5.50998         0.446451      0.437016     -0.186594
      5.49824     19.07550      8.30280        -0.399578      0.994310     -1.182914
      8.10795     16.43840      8.16047         1.623850     -0.156689      0.412764
      8.27134     19.10630      5.45150        -0.983568      0.733727     -0.711302
      6.84756     17.85260      6.82872        -0.542542     -0.776436     -0.350620
      6.90657     20.43090      9.62284        -0.748255      0.681401     -0.545189
      9.53963     17.87060      9.63369         1.312924     -1.589752     -2.259635
      9.55926     20.51520      6.75579         0.280865      0.194250      0.231970
      5.40422     16.44090     10.95660         0.528614     -0.086724     -0.295294
      5.44053     19.13380     13.63150        -0.887010      0.287867      0.923399
      8.11424     16.48820     13.59830         1.693928     -1.304387      0.256185
      8.20728     19.06090     10.87970        -0.502387      0.905216      2.140705
      6.80292     17.82210     12.38330        -0.418668     -0.008339     -1.811086
      6.77088     20.55450     14.95290         0.369165     -1.148081      0.993152
      9.51184     17.78530     14.98710         0.635717      0.077813      0.157423
      9.65108     20.44410     12.21510        -1.333177      0.387260      0.969121
      5.45694     16.50490     16.43200         0.279126     -1.984734     -0.287532
      5.37126     19.10650     19.05810         1.027451     -0.343509      1.899385
      8.28234     16.36530     19.05630        -1.082695      0.504358      0.725553
      8.14223     19.05250     16.46120        -0.140484      1.136384     -0.409563
      6.75442     17.73260     17.85400         0.997601      0.067218     -0.343914
      6.79722     20.41650     20.51400        -0.517667      1.199529     -1.138783
      9.56126     17.77400     20.42910        -0.012466     -0.778847      1.308290
      9.49038     20.55950     17.83810         1.440223     -2.378067     -1.213008
     10.90480      0.04594      0.05604        -0.113885     -0.571155     -0.972645
     10.89600      2.77575      2.70182         0.534689     -0.553088      0.461314
     13.72080      0.05628      2.75587        -1.199596      0.096080     -0.661064
     13.57360      2.69190      0.04825         1.228927      0.613178     -1.058442
     12.21400      1.40566      1.28811         0.642512     -0.385104      1.887813
     12.33790      4.11278      4.02703         0.157399     -0.040889     -0.159042
     15.05930      1.34645      4.11136         0.406755      0.477036      0.022801
     15.04390      4.01377      1.36420         0.343398      0.633012     -0.207504
     11.01530      0.03674      5.51843        -1.310165     -1.012197     -0.734143
     10.99700      2.66072      8.21954        -0.514931      0.465151      0.871109
     13.71840      0.04454      8.25091        -0.437335     -0.101713      0.064032
     13.58180      2.65637      5.41557         0.709518      0.492693      0.625800
     12.21890      1.29065      6.88274         2.035667      0.876850      0.233344
     12.22210      4.12959      9.66417         0.905861     -0.448819     -1.235821
     15.09830      1.33291      9.64344        -0.731250      0.771481     -0.921481
     15.12730      4.13221      6.75300        -1.573523     -0.790983      0.300051
     10.91050      0.05439     10.99360         0.742228     -0.586048     -0.273309
     10.91100      2.67543     13.59160         0.719938      0.222123      0.572658
     13.70850     21.85205     13.63030        -0.391941      0.201208      0.734679
     13.69110      2.74466     10.88470        -0.940940     -0.874316      0.121655
     12.36220      1.31294     12.31050        -0.230608      0.775381     -0.329015
     12.27790      4.12984     14.95690        -0.106565      0.052468      0.118001
     14.97990      1.36405     15.01970         0.776198     -0.081083      0.249521
     14.95600      4.03182     12.22530         1.920733      0.641931      0.715798
     10.85970     21.86093     16.45960         0.737112      0.486358     -0.089442
     10.99410      2.76540     19.11930        -0.865852     -0.844015     -0.284783
     13.62980     21.79635     19.09470         0.857344      0.139839      1.529260
     13.69220      2.82105     16.31320        -0.368474     -0.705523      0.913039
     12.39720      1.30464     17.80760        -1.027832      1.191529     -1.209937
     12.29080      4.05469     20.49320        -0.142489      0.427541      0.636466
     15.07760      1.42672     20.49760        -1.289330     -0.791598      0.125507
     15.09030      4.09897     17.79490        -1.348678      0.320459     -0.651019
     10.84910      5.45322     21.79412         0.762149      0.011276     -0.158444
     10.90040      8.23401      2.66271        -0.288211     -0.729660      0.660639
     13.72600      5.51318      2.66795        -0.866642     -1.350487     -0.580553
     13.71080      8.20914     21.81365        -0.694762     -1.688605      0.307131
     12.22940      6.75751      1.33065         0.501270      0.895874     -0.306016
     12.23040      9.59640      4.06474         0.160652     -0.577485      0.839613
     14.95710      6.76105      4.04496         0.809822      2.113125      0.959405
     14.94020      9.49691      1.31736         1.513539      0.788371      0.632603
     11.01580      5.48016      5.38340        -0.733064     -0.028049      0.916244
     10.97780      8.16559      8.23972        -1.051966     -0.513281      0.436554
     13.68260      5.40184      8.18338        -0.343173      0.588385     -0.282604
     13.60840      8.22740      5.56517         0.603577      0.214874     -1.757006
     12.24680      6.93334      6.81619         0.582753     -1.862968      0.427141
     12.21980      9.50414      9.59418         0.879563      0.968450     -0.294692
     15.12140      6.78731      9.50092        -1.020299      0.250780      0.269714
     15.08000      9.54941      6.81202        -0.168165      0.116110      1.135920
     10.86940      5.48810     10.92210         0.435029     -1.007786      1.963892
     10.98880      8.16996     13.65740        -0.545173     -0.041365     -0.383939
     13.74570      5.42845     13.59650        -0.679207      0.622252      0.476078
     13.64170      8.19342     10.84210         1.217075     -0.159784      0.936614
     12.34150      6.82028     12.26240        -0.009754     -0.149264     -0.023017
     12.26320      9.54197     15.00220         0.894004     -0.877827      0.277958
     15.04480      6.84741     15.06940         0.620335     -1.346116     -0.787482
     15.10510      9.61856     12.39570        -1.420570     -0.252769     -1.220498
     11.02430      5.50491     16.48470        -0.504447     -0.283455     -0.307183
     10.92880      8.19555     19.14340        -0.194112      0.662352      0.138125
     13.61960      5.41103     19.18060         1.000567      0.418299     -0.086448
     13.72430      8.12260     16.33650        -1.393965      1.161656      0.800700
     12.35620      6.90046     17.86360         0.155115     -0.518363     -0.696252
     12.35250      9.50505     20.51540        -0.590905      0.618627     -0.233221
     15.08740      6.76846     20.54320        -0.547854      0.049027     -0.282530
     14.95980      9.60325     17.68030         0.813399     -0.293465      0.823686
     10.99900     10.87330      0.05893        -0.653432      0.553957     -0.512299
     10.98690     13.62260      2.74978        -0.838858      1.314905     -0.098689
     13.59550     10.84130      2.72231         0.582177      0.834288     -0.446889
     13.67650     13.75620     21.82592        -0.077080     -0.534063      0.469845
     12.26950     12.33510      1.41754         1.077626     -0.471781     -1.089562
     12.31360     15.12520      4.04718         0.224693     -0.303367      0.000295
     15.01840     12.23710      4.01429        -0.582467      0.348792      0.348390
     15.02170     15.12290      1.42062         1.013148     -1.268045     -0.724807
     10.97140     10.99500      5.49484        -0.701360     -0.480442      0.043601
     10.98020     13.74200      8.17391         0.523175     -0.412297      1.111242
     13.69990     10.93830      8.30230        -1.356628     -1.048321     -1.661812
     13.65530     13.69860      5.41343         0.367672      0.072547     -0.065282
     12.28250     12.39450      6.86624         1.099035     -0.826247     -0.175247
     12.36760     15.02740      9.59105        -0.234811      0.552066     -0.908845
     15.00210     12.21640      9.54750         1.017832      1.704927      1.013746
     15.10160     15.11200      6.76419        -0.895929     -0.886182      0.212992
     10.84220     10.87260     10.87330         0.768276      0.656276      0.659083
     10.92140     13.76300     13.58050         0.696552     -1.018710      1.178618
     13.60830     10.89030     13.71610         0.816004      0.506599     -0.244062
     13.71670     13.75640     10.90670        -0.292716     -2.070025      0.433779
     12.27840     12.24910     12.33650        -0.003315      0.557191     -0.937648
     12.37270     15.01340     15.01540        -0.708928      0.355508     -0.017739
     15.08550     12.22190     15.06410        -0.240756      0.573178     -0.897501
     15.05290     15.06670     12.20870         0.250778      0.159144      1.373373
     11.01930     10.89220     16.32320        -1.144424      1.011647      1.555684
     10.99730     13.62120     19.20050        -1.554078      1.387829     -0.073394
     13.72070     10.92750     19.23790        -0.966051     -0.185257     -1.360764
     13.73410     13.61700     16.31920        -0.328778      0.363935      1.361870
     12.28100     12.36520     17.86080         1.204898     -1.345022     -1.298815
     12.32780     15.13590     20.41090        -0.506530     -0.933577      1.238948
     15.05370     12.21030     20.54400         0.554082      1.313634      0.461672
     15.04470     15.04580     17.82970        -0.466036     -0.820014     -0.890127
     10.94400     16.32720      0.09766        -0.651936      0.349536     -1.747821
     11.01430     19.16340      2.78767        -0.489546      0.145242     -1.221227
     13.75130     16.49370      2.70164        -1.282342      0.229514      0.357204
     13.69670     19.11100      0.03248        -1.012004      0.629126      0.038315
     12.23190     17.75510      1.31598         1.122055      0.394649      0.882537
     12.24790     20.60410      4.06055         1.434355     -0.184069      0.681405
     14.97510     17.86210      4.13749         0.707661     -0.703764      0.723175
     14.94700     20.54260      1.37272         1.173080     -0.461020      0.476874
     10.91950     16.44970      5.41215         0.475493     -0.405345      0.793556
     10.95770     19.23930      8.12803        -0.132107     -0.420388      1.027735
     13.72160     16.37670      8.16468        -0.352835     -0.170642      0.085974
     13.68820     19.23440      5.51382        -1.417935     -0.532215     -0.470069
     12.31470     17.74220      6.89232        -0.079459      0.529098     -0.813593
     12.32110     20.58460      9.60881        -0.292180     -0.426874     -0.169088
     15.04100     17.76390      9.47201        -0.329584      0.348852      0.749669
     14.95520     20.48990      6.90439         2.064440      0.433270     -0.059564
     11.02170     16.44040     10.85880        -1.205396     -0.420232      0.178123
     10.99140     19.13560     13.60790         0.120344      0.075996      0.686918
     13.58000     16.43050     13.59130         1.606266     -0.795484      0.621016
     13.64710     19.08740     10.93520         0.458000      0.609430     -0.661781
     12.34520     17.70840     12.24300        -0.924996      0.917743      0.166145
     12.35030     20.57320     15.11780        -0.696001     -0.676042     -0.731793
     14.98350     17.82630     14.95850         0.054626     -1.018075      0.201396
     14.99250     20.59410     12.21320         0.569060     -1.648763      0.374885
     10.94870     16.43160     16.40290         0.220874      0.168413     -0.802581
     10.99170     19.06040     19.21900        -0.808131      1.630760     -0.378987
     13.63390     16.38400     19.06760         1.082963      1.190832      0.743471
     13.60730     19.05100     16.38380         0.724287      1.093539      0.777505
     12.27210     17.77320     17.85840         0.152577     -0.246444     -1.350463
     12.24640     20.49360     20.59070         0.667232      0.026709     -0.264086
     15.04070     17.87250     20.55000        -0.006071     -1.850068     -0.721552
     15.11990     20.56960     17.79660        -1.311351     -1.596386     -0.200025
     16.37450      0.06704      0.05130         0.430279     -0.668865     -0.486331
     16.49300      2.69879      2.71708        -1.229977      0.533868      0.770049
     19.06510      0.01045      2.73277         0.949726      0.286900      1.024494
     19.18620      2.83013      0.03895        -0.542144     -1.063407     -0.162060
     17.80220      1.37701      1.46170         0.199375      0.072014     -1.878286
     17.83960      4.06753      4.06700        -0.984860     -0.157436      1.382608
     20.48690      1.39104      4.16901         0.552328     -0.407320     -0.722230
     20.55720      4.07358      1.41496        -0.214148      0.849567      0.101810
     16.49660      0.01812      5.42490        -1.720274     -0.767318      0.407135
     16.31220      2.76639      8.24911         0.806303     -0.604417     -0.865205
     19.11150     21.78391      8.13045         0.181817      1.332089      0.478755
     19.17260      2.70406      5.53594        -0.169810      0.980302     -0.005291
     17.72930      1.35742      6.76347         0.353392      0.499899      1.513012
     17.71900      4.04963      9.58769         0.764354      0.900059     -0.768393
     20.54950      1.41016      9.54328        -0.910897     -1.018316      0.067669
     20.53220      4.17269      6.89710        -0.433366     -1.685469      0.477139
     16.40660     21.81224     10.85400        -0.230954      1.309675      1.827642
     16.40370      2.76772     13.76650        -0.122176     -0.543592     -1.462793
     19.21550      0.01729     13.70180        -1.610194     -0.520854     -0.420398
     19.11070      2.76932     10.88340         0.477220     -0.794508      0.516687
     17.76280      1.33935     12.28500         0.068219      0.168923      0.287255
     17.86570      4.12551     14.96310        -1.447907     -0.262707      1.336795
     20.41570      1.42938     14.99230         1.052191     -0.230761      1.453161
     20.60180      4.00530     12.25590        -0.786118      0.752641      0.830025
     16.37210     21.78388     16.36650         0.601800      1.692281      0.090027
     16.33620      2.70277     19.04930         1.362446      0.146067      1.176914
     19.10970      0.04719     19.07920         1.139372     -0.762526      1.538365
     19.06440      2.79324     16.44980         0.140671     -0.868057     -1.073622
     17.84980      1.37613     17.81730        -1.767513      0.033268     -1.275707
     17.69180      4.13869     20.58280         1.291219     -1.191533     -1.645941
     20.59330      1.44588     20.52370        -1.406400     -0.570287     -0.083058
     20.48710      4.01241     17.68710         0.479363      1.624519      1.005066
     16.49030      5.46272     21.86951        -1.172984      0.560965      1.483888
     16.46590      8.21504      2.70679        -1.014158     -0.423334      0.029939
     19.09730      5.42242      2.79192         1.338521      0.460624     -0.926909
     19.14880      8.25270      0.05606        -0.431508     -0.440131     -1.308485
     17.86990      6.83653      1.40085        -0.651978     -0.201988     -0.203640
     17.81610      9.59941      4.02815        -1.685055     -1.095645      2.378834
     20.57500      6.79730      4.00576        -1.229861     -0.006164      1.841459
     20.49390      9.49779      1.37912         0.389192      1.411143      0.826227
     16.36600      5.55735      5.44306         0.898781     -0.976779     -0.674462
     16.49370      8.21273      8.29033        -0.118551     -0.407575     -1.388180
     19.23630      5.51428      8.26881        -1.045413     -0.654922      0.104872
     19.09740      8.21825      5.53842         1.141213     -0.045314     -0.950845
     17.83310      6.74092      6.81026        -0.402419      0.959915      0.843941
     17.85220      9.55936      9.58869        -0.542298      1.341970     -0.431383
     20.52680      6.86501      9.64456        -0.228427      1.194424     -0.146952
     20.58410      9.57429      6.92245        -0.920141      0.409329     -0.816440
     16.43950      5.46551     10.88650        -0.350685      0.068453      1.060772
     16.34720      8.25425     13.72840         1.047919     -0.258061      0.267867
     19.17090      5.45201     13.74810         0.753322      0.653325     -2.176552
     19.05450      8.29726     11.01990         1.746481     -0.600426     -0.091114
     17.75430      6.93334     12.31600        -0.367739     -1.216416      0.732601
     17.80630      9.64288     15.05840         0.173459     -0.426541      0.068992
     20.59400      6.81353     14.96840        -0.659925      0.543728      1.215057
     20.56940      9.56100     12.38430        -2.094679      0.980129     -1.002112
     16.39590      5.39316     16.40540         0.939333      0.904930     -0.199663
     16.34690      8.18436     19.17910         0.454585      0.207413     -1.003463
     19.22000      5.42366     19.20700        -0.548820     -0.021398     -0.433767
     19.19260      8.24623     16.42770        -0.263452     -0.783593     -0.466349
     17.84940      6.79243     17.78790        -0.527779      0.200076      0.128253
     17.72990      9.64929     20.47250         1.094636     -0.986293     -0.455846
     20.54190      6.90107     20.49850        -0.384230     -0.576601      0.464953
     20.54010      9.54806     17.81570        -0.760770      1.134492     -1.699319
     16.48270     10.90220      0.00307        -1.305538      0.235593      0.663751
     16.45000     13.62070      2.76581        -0.676987      0.788773     -0.148368
     19.04380     10.90570      2.82448         1.474367      0.878233     -2.448977
     19.17510     13.64660      0.04447        -0.546967      0.357161     -1.025727
     17.76070     12.31370      1.34717         0.348779     -0.228109      0.511939
     17.76050     15.05100      4.16782         0.114856     -0.140469     -0.377462
     20.43070     12.28350      4.02832         0.212367      0.592125      1.149154
     20.57020     15.01830      1.27924         0.003144      0.279614      0.720424
     16.32260     10.96340      5.45460         0.827408     -0.322309     -0.571679
     16.33860     13.74340      8.20126         0.249470     -0.675987      0.144788
     19.10490     11.03200      8.11711        -0.039857     -0.413185      0.514412
     19.10040     13.68570      5.54615         0.294304     -0.287735     -1.605820
     17.67530     12.40370      6.74868        -0.324806     -0.750211      1.005233
     17.78090     15.04940      9.55729         0.289039      0.250845      0.062174
     20.42630     12.30740      9.63538         1.178263     -0.492913     -1.242960
     20.43660     15.00480      6.81466         1.161698      0.726105      0.261123
     16.42850     10.93800     10.96120        -0.320702     -0.510195     -0.609139
     16.46950     13.69410     13.71060        -1.255567     -0.641711     -0.929212
     19.21730     11.00110     13.71550        -0.994133     -0.667353     -0.839932
     19.22630     13.67790     10.90660        -1.717420      0.676979      1.339172
     17.71110     12.24480     12.30770         1.514579      1.168104      0.264305
     17.72470     15.02940     15.05000         0.963477      0.777621      0.022914
     20.58680     12.28990     14.96990        -1.156847      1.062591      0.769305
     20.52590     15.13190     12.31680        -0.108310     -1.675153     -0.091675
     16.44480     10.98410     16.42400         0.136684     -0.496517      0.496783
     16.39110     13.65760     19.13200        -0.475841      0.014571      0.901147
     19.20740     10.97600     19.05020        -0.765277     -0.190081      1.002318
     19.18640     13.76050     16.35150        -0.474590     -1.457304      0.083536
     17.74500     12.36120     17.83980         1.014009      0.035437     -1.273616
     17.76380     15.07980     20.41040         0.496043     -1.300808      0.551327
     20.48450     12.22620     20.58000        -0.045821      0.950120     -0.760822
     20.56240     15.01660     17.68860        -1.416862     -0.047119      1.804375
     16.43960     16.31710     21.79394        -0.774854      1.338877      0.691457
     16.40580     19.07060      2.81591        -0.133083      1.365570     -0.835623
     19.08370     16.30970      2.65590         0.353533      0.907868     -0.009439
     19.15440     19.12710      0.00340        -0.761179      1.186711      0.188812
     17.69740     17.83940      1.29578         0.375424     -1.193836      0.388158
     17.80720     20.53070      4.11332        -0.088688     -0.944934      0.048867
     20.52720     17.77700      4.00237        -0.257990     -0.451622      0.757270
     20.41840     20.58000      1.42049         1.069403     -0.195806     -1.183366
     16.47550     16.45840      5.55698        -1.325817     -0.321386     -2.136034
     16.48920     19.05670      8.23408        -0.925944      1.224425     -0.343505
     19.23750     16.43810      8.19329        -1.101001     -0.235956      0.114539
     19.14110     19.14350      5.53654         0.023585     -0.618457     -0.999633
     17.72720     17.70720      6.84227         2.007213      1.175470      0.858525
     17.69310     20.59500      9.58083         1.675991     -1.988469     -1.220282
     20.50880     17.79100      9.60606         0.649076     -0.277741     -0.331058
     20.52440     20.49540      6.80919         0.427594     -0.377175      0.545482
     16.35370     16.47250     10.88870         0.403360     -0.795884     -0.286462
     16.42160     19.12080     13.63100        -0.428950      0.803214     -0.071392
     19.21350     16.38380     13.65650        -2.157719     -0.041841     -0.020746
     19.12150     19.11220     10.86100        -0.786264      0.759935      1.199854
     17.69550     17.70100     12.30340         1.227275      0.522290     -0.204815
     17.76170     20.45930     15.07990        -0.119039      0.837640     -1.465849
     20.46730     17.69030     14.98740         0.275829      1.269283      1.159893
     20.48750     20.49310     12.36140         0.143845      0.055355     -1.027171
     16.32060     16.34080     16.41060         0.226953      1.211347     -0.513006
     16.38460     19.06780     19.09310        -0.563922      1.063656      0.456167
     19.04080     16.42560     19.05380         1.109682      0.414497     -0.150285
     19.08420     19.22030     16.39310         0.785543     -1.576473      0.088756
     17.67320     17.86080     17.70770         0.711370     -1.262493     -0.551000
     17.71080     20.45150     20.41250         0.516730      0.763775      0.923682
     20.43570     17.76950     20.59820         0.824973     -0.121747     -1.714529
     20.46090     20.48250     17.75910         0.536188      0.845100     -0.280642
 