512 300 10   0   0   1 
1   1   1   21.8744 21.8744 21.8744
0	0.06294	0.0915	21.85875	28	0
0	0.08116	2.82728	2.81745	28	1
0	2.6597	21.80592	2.79274	28	2
0	2.81698	2.82842	0.0919	28	3
0	1.39362	1.45858	1.3983	28	4
0	1.28666	4.09853	4.00859	28	5
0	4.05715	1.42721	4.17128	28	6
0	4.11083	4.02983	1.45395	28	7
0	0.03575	21.82978	5.45635	28	8
0	0.05155	2.64353	8.17921	28	9
0	2.78293	21.79383	8.256	28	10
0	2.71275	2.79899	5.52764	28	11
0	1.39825	1.40612	6.77312	28	12
0	1.30139	4.06487	9.568	28	13
0	4.14266	1.45719	9.55917	28	14
0	4.00782	4.00834	6.86501	28	15
0	0.04187	0.09195	11.0154	28	16
0	0.05094	2.70238	13.7634	28	17
0	2.68951	0.01705	13.6809	28	18
0	2.77024	2.67906	10.8649	28	19
0	1.39817	1.4174	12.2342	28	20
0	1.29967	4.05247	14.9902	28	21
0	4.02525	1.36834	15.1068	28	22
0	4.10112	4.14127	12.2552	28	23
0	0.06286	21.84473	16.3819	28	24
0	21.8231	2.80047	19.1537	28	25
0	2.82015	0.01705	19.0553	28	26
0	2.7043	2.74424	16.3166	28	27
0	1.30647	1.45059	17.7791	28	28
0	1.31737	4.05862	20.5631	28	29
0	4.12466	1.41859	20.5941	28	30
0	4.09611	4.1522	17.6989	28	31
0	0.01376	5.40173	21.8202	28	32
0	21.86828	8.2233	2.81697	28	33
0	2.63668	5.42119	2.66478	28	34
0	2.70172	8.23372	0.06516	28	35
0	1.29959	6.87359	1.37482	28	36
0	1.42601	9.61968	4.20068	28	37
0	4.06369	6.82586	4.01709	28	38
0	4.10716	9.48681	1.35569	28	39
0	21.79573	5.42057	5.54246	28	40
0	0.09238	8.26291	8.21884	28	41
0	2.63523	5.45488	8.21287	28	42
0	2.78928	8.28503	5.39759	28	43
0	1.43061	6.77212	6.90636	28	44
0	1.44089	9.52281	9.59446	28	45
0	4.01834	6.76486	9.54024	28	46
0	4.08141	9.49726	6.8384	28	47
0	21.85476	5.54914	10.9933	28	48
0	21.78959	8.29186	13.6494	28	49
0	2.68228	5.46677	13.6198	28	50
0	2.65896	8.20075	10.918	28	51
0	1.30393	6.80329	12.2236	28	52
0	1.31514	9.65006	14.965	28	53
0	4.0849	6.8096	15.1271	28	54
0	4.01138	9.49229	12.3956	28	55
0	0.01504	5.49842	16.4432	28	56
0	21.78636	8.24924	19.0768	28	57
0	2.68126	5.49815	19.1138	28	58
0	2.70493	8.19308	16.4309	28	59
0	1.43139	6.84515	17.829	28	60
0	1.27023	9.52931	20.4235	28	61
0	4.01005	6.88469	20.5931	28	62
0	4.03525	9.50784	17.8281	28	63
0	21.87176	10.9661	0.02449	28	64
0	21.86157	13.6472	2.75171	28	65
0	2.72366	10.9995	2.67585	28	66
0	2.69557	13.6781	21.83465	28	67
0	1.36885	12.2745	1.36133	28	68
0	1.3693	15.1265	4.04755	28	69
0	4.16498	12.3795	4.17031	28	70
0	4.16042	15.0487	1.3061	28	71
0	21.81958	11.0182	5.48917	28	72
0	21.80854	13.7674	8.24514	28	73
0	2.67983	10.925	8.14725	28	74
0	2.72144	13.5937	5.39208	28	75
0	1.32937	12.256	6.79509	28	76
0	1.45183	15.0204	9.53381	28	77
0	4.08749	12.3233	9.55488	28	78
0	4.03841	14.9911	6.83732	28	79
0	21.7915	10.8847	10.973	28	80
0	21.8269	13.6633	13.6506	28	81
0	2.7945	11.0298	13.645	28	82
0	2.64014	13.6809	11.0348	28	83
0	1.45292	12.3086	12.2119	28	84
0	1.41322	14.985	15.1157	28	85
0	4.09917	12.3021	15.1213	28	86
0	4.11716	15.0635	12.3636	28	87
0	21.79414	10.936	16.3119	28	88
0	21.82677	13.7273	19.1889	28	89
0	2.70137	10.9802	19.1401	28	90
0	2.77025	13.7522	16.4018	28	91
0	1.29446	12.3825	17.8539	28	92
0	1.4114	15.0055	20.5292	28	93
0	4.0228	12.3441	20.5308	28	94
0	4.1322	14.9782	17.8448	28	95
0	0.0611	16.5015	0.00433	28	96
0	0.01534	19.1826	2.65365	28	97
0	2.67088	16.4059	2.79793	28	98
0	2.68229	19.1343	0.06351	28	99
0	1.44445	17.6849	1.41164	28	100
0	1.27288	20.5436	4.03142	28	101
0	4.09943	17.6814	4.13337	28	102
0	4.03504	20.4215	1.37087	28	103
0	0.09459	16.3405	5.49997	28	104
0	0.0298	19.1183	8.22849	28	105
0	2.79437	16.4721	8.1613	28	106
0	2.72506	19.2008	5.45493	28	107
0	1.35363	17.685	6.73885	28	108
0	1.43221	20.4871	9.66686	28	109
0	4.01814	17.7783	9.50348	28	110
0	4.02808	20.4906	6.75699	28	111
0	21.84888	16.3596	10.9705	28	112
0	21.81402	19.1247	13.6793	28	113
0	2.73224	16.4154	13.7111	28	114
0	2.7022	19.2286	10.9705	28	115
0	1.45748	17.7565	12.24	28	116
0	1.45122	20.6039	14.9643	28	117
0	4.01199	17.7332	15.1385	28	118
0	4.14902	20.5475	12.2386	28	119
0	21.78092	16.3371	16.4237	28	120
0	0.01224	19.2112	19.0853	28	121
0	2.81067	16.4348	19.117	28	122
0	2.76814	19.1154	16.4224	28	123
0	1.30524	17.7111	17.7233	28	124
0	1.34093	20.4929	20.4653	28	125
0	4.0936	17.7694	20.5307	28	126
0	4.19778	20.4314	17.726	28	127
0	5.53348	0.06355	21.85898	28	128
0	5.56513	2.68645	2.65315	28	129
0	8.24895	0.01887	2.754	28	130
0	8.17168	2.6388	21.86858	28	131
0	6.85256	1.3522	1.40634	28	132
0	6.7573	4.06399	4.14143	28	133
0	9.65131	1.29945	4.12916	28	134
0	9.64598	4.0372	1.27387	28	135
0	5.38236	0.00627	5.39933	28	136
0	5.43252	2.69933	8.1591	28	137
0	8.20907	21.79553	8.19092	28	138
0	8.23379	2.75649	5.47403	28	139
0	6.81727	1.42291	6.82723	28	140
0	6.89975	4.08614	9.64512	28	141
0	9.61372	1.28531	9.57366	28	142
0	9.66378	4.05474	6.92447	28	143
0	5.49614	21.82536	10.9576	28	144
0	5.56014	2.67911	13.6489	28	145
0	8.15104	0.03357	13.7547	28	146
0	8.23812	2.80318	10.8374	28	147
0	6.79356	1.33604	12.2968	28	148
0	6.87011	4.15755	15.0235	28	149
0	9.60908	1.40222	15.0308	28	150
0	9.48365	4.00279	12.3584	28	151
0	5.43309	21.84262	16.3435	28	152
0	5.52555	2.75578	19.0976	28	153
0	8.19717	21.81275	19.0583	28	154
0	8.11005	2.78199	16.421	28	155
0	6.77092	1.31572	17.8096	28	156
0	6.8801	4.18493	20.5166	28	157
0	9.56475	1.32096	20.4924	28	158
0	9.50059	4.15455	17.8018	28	159
0	5.49812	5.49006	0.06839	28	160
0	5.5044	8.19293	2.80088	28	161
0	8.23006	5.46035	2.68559	28	162
0	8.29193	8.23529	0.02269	28	163
0	6.77754	6.88981	1.3836	28	164
0	6.87761	9.54009	4.1096	28	165
0	9.5173	6.86815	4.17544	28	166
0	9.49393	9.55328	1.32011	28	167
0	5.43221	5.47738	5.44952	28	168
0	5.39244	8.24711	8.19257	28	169
0	8.29087	5.4731	8.17606	28	170
0	8.23201	8.30164	5.5213	28	171
0	6.83164	6.77949	6.86133	28	172
0	6.86361	9.49121	9.62445	28	173
0	9.57899	6.75769	9.65662	28	174
0	9.59951	9.48277	6.9303	28	175
0	5.40701	5.44729	10.8461	28	176
0	5.39637	8.23719	13.7225	28	177
0	8.24215	5.51685	13.6201	28	178
0	8.12166	8.20691	10.9257	28	179
0	6.84083	6.80529	12.3419	28	180
0	6.84182	9.50005	15.0105	28	181
0	9.64228	6.85297	15.0859	28	182
0	9.56702	9.52248	12.2833	28	183
0	5.50528	5.53294	16.3813	28	184
0	5.50941	8.18888	19.0833	28	185
0	8.19136	5.54615	19.1982	28	186
0	8.10682	8.18114	16.4957	28	187
0	6.80192	6.88957	17.7385	28	188
0	6.82061	9.54941	20.5415	28	189
0	9.5241	6.89745	20.495	28	190
0	9.50946	9.62107	17.8397	28	191
0	5.52237	10.8772	21.79674	28	192
0	5.40205	13.6529	2.66156	28	193
0	8.2753	10.9869	2.77003	28	194
0	8.30087	13.7366	21.87344	28	195
0	6.83863	12.3623	1.30509	28	196
0	6.91261	15.0024	4.10045	28	197
0	9.58766	12.3112	4.03097	28	198
0	9.501	14.9566	1.27814	28	199
0	5.53874	10.8373	5.46822	28	200
0	5.48071	13.7446	8.28307	28	201
0	8.28882	10.9597	8.21783	28	202
0	8.24223	13.7695	5.53764	28	203
0	6.85231	12.3099	6.88348	28	204
0	6.89883	15.0346	9.58725	28	205
0	9.64585	12.3646	9.5194	28	206
0	9.66783	14.9842	6.86903	28	207
0	5.3853	11.0229	10.9477	28	208
0	5.49379	13.6875	13.6975	28	209
0	8.23509	10.8406	13.5779	28	210
0	8.24885	13.5957	10.9601	28	211
0	6.9139	12.3769	12.2768	28	212
0	6.93221	15.0355	14.9486	28	213
0	9.62386	12.3733	15.0366	28	214
0	9.58634	14.9805	12.2429	28	215
0	5.39322	10.9762	16.3599	28	216
0	5.4097	13.6713	19.0818	28	217
0	8.1322	10.9444	19.1531	28	218
0	8.14071	13.6605	16.4339	28	219
0	6.74428	12.2291	17.7564	28	220
0	6.86279	15.0367	20.4484	28	221
0	9.52642	12.3749	20.5968	28	222
0	9.57777	15.1134	17.6894	28	223
0	5.38974	16.4534	21.80992	28	224
0	5.39701	19.0528	2.71402	28	225
0	8.13619	16.4779	2.66109	28	226
0	8.22709	19.227	21.78058	28	227
0	6.85049	17.8698	1.45498	28	228
0	6.74617	20.579	4.06171	28	229
0	9.65629	17.8301	4.06056	28	230
0	9.61578	20.5099	1.33374	28	231
0	5.46201	16.3166	5.50998	28	232
0	5.49824	19.0755	8.3028	28	233
0	8.10795	16.4384	8.16047	28	234
0	8.27134	19.1063	5.4515	28	235
0	6.84756	17.8526	6.82872	28	236
0	6.90657	20.4309	9.62284	28	237
0	9.53963	17.8706	9.63369	28	238
0	9.55926	20.5152	6.75579	28	239
0	5.40422	16.4409	10.9566	28	240
0	5.44053	19.1338	13.6315	28	241
0	8.11424	16.4882	13.5983	28	242
0	8.20728	19.0609	10.8797	28	243
0	6.80292	17.8221	12.3833	28	244
0	6.77088	20.5545	14.9529	28	245
0	9.51184	17.7853	14.9871	28	246
0	9.65108	20.4441	12.2151	28	247
0	5.45694	16.5049	16.432	28	248
0	5.37126	19.1065	19.0581	28	249
0	8.28234	16.3653	19.0563	28	250
0	8.14223	19.0525	16.4612	28	251
0	6.75442	17.7326	17.854	28	252
0	6.79722	20.4165	20.514	28	253
0	9.56126	17.774	20.4291	28	254
0	9.49038	20.5595	17.8381	28	255
0	10.9048	0.04594	0.05604	28	256
0	10.896	2.77575	2.70182	28	257
0	13.7208	0.05628	2.75587	28	258
0	13.5736	2.6919	0.04825	28	259
0	12.214	1.40566	1.28811	28	260
0	12.3379	4.11278	4.02703	28	261
0	15.0593	1.34645	4.11136	28	262
0	15.0439	4.01377	1.3642	28	263
0	11.0153	0.03674	5.51843	28	264
0	10.997	2.66072	8.21954	28	265
0	13.7184	0.04454	8.25091	28	266
0	13.5818	2.65637	5.41557	28	267
0	12.2189	1.29065	6.88274	28	268
0	12.2221	4.12959	9.66417	28	269
0	15.0983	1.33291	9.64344	28	270
0	15.1273	4.13221	6.753	28	271
0	10.9105	0.05439	10.9936	28	272
0	10.911	2.67543	13.5916	28	273
0	13.7085	21.85205	13.6303	28	274
0	13.6911	2.74466	10.8847	28	275
0	12.3622	1.31294	12.3105	28	276
0	12.2779	4.12984	14.9569	28	277
0	14.9799	1.36405	15.0197	28	278
0	14.956	4.03182	12.2253	28	279
0	10.8597	21.86093	16.4596	28	280
0	10.9941	2.7654	19.1193	28	281
0	13.6298	21.79635	19.0947	28	282
0	13.6922	2.82105	16.3132	28	283
0	12.3972	1.30464	17.8076	28	284
0	12.2908	4.05469	20.4932	28	285
0	15.0776	1.42672	20.4976	28	286
0	15.0903	4.09897	17.7949	28	287
0	10.8491	5.45322	21.79412	28	288
0	10.9004	8.23401	2.66271	28	289
0	13.726	5.51318	2.66795	28	290
0	13.7108	8.20914	21.81365	28	291
0	12.2294	6.75751	1.33065	28	292
0	12.2304	9.5964	4.06474	28	293
0	14.9571	6.76105	4.04496	28	294
0	14.9402	9.49691	1.31736	28	295
0	11.0158	5.48016	5.3834	28	296
0	10.9778	8.16559	8.23972	28	297
0	13.6826	5.40184	8.18338	28	298
0	13.6084	8.2274	5.56517	28	299
0	12.2468	6.93334	6.81619	28	300
0	12.2198	9.50414	9.59418	28	301
0	15.1214	6.78731	9.50092	28	302
0	15.08	9.54941	6.81202	28	303
0	10.8694	5.4881	10.9221	28	304
0	10.9888	8.16996	13.6574	28	305
0	13.7457	5.42845	13.5965	28	306
0	13.6417	8.19342	10.8421	28	307
0	12.3415	6.82028	12.2624	28	308
0	12.2632	9.54197	15.0022	28	309
0	15.0448	6.84741	15.0694	28	310
0	15.1051	9.61856	12.3957	28	311
0	11.0243	5.50491	16.4847	28	312
0	10.9288	8.19555	19.1434	28	313
0	13.6196	5.41103	19.1806	28	314
0	13.7243	8.1226	16.3365	28	315
0	12.3562	6.90046	17.8636	28	316
0	12.3525	9.50505	20.5154	28	317
0	15.0874	6.76846	20.5432	28	318
0	14.9598	9.60325	17.6803	28	319
0	10.999	10.8733	0.05893	28	320
0	10.9869	13.6226	2.74978	28	321
0	13.5955	10.8413	2.72231	28	322
0	13.6765	13.7562	21.82592	28	323
0	12.2695	12.3351	1.41754	28	324
0	12.3136	15.1252	4.04718	28	325
0	15.0184	12.2371	4.01429	28	326
0	15.0217	15.1229	1.42062	28	327
0	10.9714	10.995	5.49484	28	328
0	10.9802	13.742	8.17391	28	329
0	13.6999	10.9383	8.3023	28	330
0	13.6553	13.6986	5.41343	28	331
0	12.2825	12.3945	6.86624	28	332
0	12.3676	15.0274	9.59105	28	333
0	15.0021	12.2164	9.5475	28	334
0	15.1016	15.112	6.76419	28	335
0	10.8422	10.8726	10.8733	28	336
0	10.9214	13.763	13.5805	28	337
0	13.6083	10.8903	13.7161	28	338
0	13.7167	13.7564	10.9067	28	339
0	12.2784	12.2491	12.3365	28	340
0	12.3727	15.0134	15.0154	28	341
0	15.0855	12.2219	15.0641	28	342
0	15.0529	15.0667	12.2087	28	343
0	11.0193	10.8922	16.3232	28	344
0	10.9973	13.6212	19.2005	28	345
0	13.7207	10.9275	19.2379	28	346
0	13.7341	13.617	16.3192	28	347
0	12.281	12.3652	17.8608	28	348
0	12.3278	15.1359	20.4109	28	349
0	15.0537	12.2103	20.544	28	350
0	15.0447	15.0458	17.8297	28	351
0	10.944	16.3272	0.09766	28	352
0	11.0143	19.1634	2.78767	28	353
0	13.7513	16.4937	2.70164	28	354
0	13.6967	19.111	0.03248	28	355
0	12.2319	17.7551	1.31598	28	356
0	12.2479	20.6041	4.06055	28	357
0	14.9751	17.8621	4.13749	28	358
0	14.947	20.5426	1.37272	28	359
0	10.9195	16.4497	5.41215	28	360
0	10.9577	19.2393	8.12803	28	361
0	13.7216	16.3767	8.16468	28	362
0	13.6882	19.2344	5.51382	28	363
0	12.3147	17.7422	6.89232	28	364
0	12.3211	20.5846	9.60881	28	365
0	15.041	17.7639	9.47201	28	366
0	14.9552	20.4899	6.90439	28	367
0	11.0217	16.4404	10.8588	28	368
0	10.9914	19.1356	13.6079	28	369
0	13.58	16.4305	13.5913	28	370
0	13.6471	19.0874	10.9352	28	371
0	12.3452	17.7084	12.243	28	372
0	12.3503	20.5732	15.1178	28	373
0	14.9835	17.8263	14.9585	28	374
0	14.9925	20.5941	12.2132	28	375
0	10.9487	16.4316	16.4029	28	376
0	10.9917	19.0604	19.219	28	377
0	13.6339	16.384	19.0676	28	378
0	13.6073	19.051	16.3838	28	379
0	12.2721	17.7732	17.8584	28	380
0	12.2464	20.4936	20.5907	28	381
0	15.0407	17.8725	20.55	28	382
0	15.1199	20.5696	17.7966	28	383
0	16.3745	0.06704	0.0513	28	384
0	16.493	2.69879	2.71708	28	385
0	19.0651	0.01045	2.73277	28	386
0	19.1862	2.83013	0.03895	28	387
0	17.8022	1.37701	1.4617	28	388
0	17.8396	4.06753	4.067	28	389
0	20.4869	1.39104	4.16901	28	390
0	20.5572	4.07358	1.41496	28	391
0	16.4966	0.01812	5.4249	28	392
0	16.3122	2.76639	8.24911	28	393
0	19.1115	21.78391	8.13045	28	394
0	19.1726	2.70406	5.53594	28	395
0	17.7293	1.35742	6.76347	28	396
0	17.719	4.04963	9.58769	28	397
0	20.5495	1.41016	9.54328	28	398
0	20.5322	4.17269	6.8971	28	399
0	16.4066	21.81224	10.854	28	400
0	16.4037	2.76772	13.7665	28	401
0	19.2155	0.01729	13.7018	28	402
0	19.1107	2.76932	10.8834	28	403
0	17.7628	1.33935	12.285	28	404
0	17.8657	4.12551	14.9631	28	405
0	20.4157	1.42938	14.9923	28	406
0	20.6018	4.0053	12.2559	28	407
0	16.3721	21.78388	16.3665	28	408
0	16.3362	2.70277	19.0493	28	409
0	19.1097	0.04719	19.0792	28	410
0	19.0644	2.79324	16.4498	28	411
0	17.8498	1.37613	17.8173	28	412
0	17.6918	4.13869	20.5828	28	413
0	20.5933	1.44588	20.5237	28	414
0	20.4871	4.01241	17.6871	28	415
0	16.4903	5.46272	21.86951	28	416
0	16.4659	8.21504	2.70679	28	417
0	19.0973	5.42242	2.79192	28	418
0	19.1488	8.2527	0.05606	28	419
0	17.8699	6.83653	1.40085	28	420
0	17.8161	9.59941	4.02815	28	421
0	20.575	6.7973	4.00576	28	422
0	20.4939	9.49779	1.37912	28	423
0	16.366	5.55735	5.44306	28	424
0	16.4937	8.21273	8.29033	28	425
0	19.2363	5.51428	8.26881	28	426
0	19.0974	8.21825	5.53842	28	427
0	17.8331	6.74092	6.81026	28	428
0	17.8522	9.55936	9.58869	28	429
0	20.5268	6.86501	9.64456	28	430
0	20.5841	9.57429	6.92245	28	431
0	16.4395	5.46551	10.8865	28	432
0	16.3472	8.25425	13.7284	28	433
0	19.1709	5.45201	13.7481	28	434
0	19.0545	8.29726	11.0199	28	435
0	17.7543	6.93334	12.316	28	436
0	17.8063	9.64288	15.0584	28	437
0	20.594	6.81353	14.9684	28	438
0	20.5694	9.561	12.3843	28	439
0	16.3959	5.39316	16.4054	28	440
0	16.3469	8.18436	19.1791	28	441
0	19.22	5.42366	19.207	28	442
0	19.1926	8.24623	16.4277	28	443
0	17.8494	6.79243	17.7879	28	444
0	17.7299	9.64929	20.4725	28	445
0	20.5419	6.90107	20.4985	28	446
0	20.5401	9.54806	17.8157	28	447
0	16.4827	10.9022	0.00307	28	448
0	16.45	13.6207	2.76581	28	449
0	19.0438	10.9057	2.82448	28	450
0	19.1751	13.6466	0.04447	28	451
0	17.7607	12.3137	1.34717	28	452
0	17.7605	15.051	4.16782	28	453
0	20.4307	12.2835	4.02832	28	454
0	20.5702	15.0183	1.27924	28	455
0	16.3226	10.9634	5.4546	28	456
0	16.3386	13.7434	8.20126	28	457
0	19.1049	11.032	8.11711	28	458
0	19.1004	13.6857	5.54615	28	459
0	17.6753	12.4037	6.74868	28	460
0	17.7809	15.0494	9.55729	28	461
0	20.4263	12.3074	9.63538	28	462
0	20.4366	15.0048	6.81466	28	463
0	16.4285	10.938	10.9612	28	464
0	16.4695	13.6941	13.7106	28	465
0	19.2173	11.0011	13.7155	28	466
0	19.2263	13.6779	10.9066	28	467
0	17.7111	12.2448	12.3077	28	468
0	17.7247	15.0294	15.05	28	469
0	20.5868	12.2899	14.9699	28	470
0	20.5259	15.1319	12.3168	28	471
0	16.4448	10.9841	16.424	28	472
0	16.3911	13.6576	19.132	28	473
0	19.2074	10.976	19.0502	28	474
0	19.1864	13.7605	16.3515	28	475
0	17.745	12.3612	17.8398	28	476
0	17.7638	15.0798	20.4104	28	477
0	20.4845	12.2262	20.58	28	478
0	20.5624	15.0166	17.6886	28	479
0	16.4396	16.3171	21.79394	28	480
0	16.4058	19.0706	2.81591	28	481
0	19.0837	16.3097	2.6559	28	482
0	19.1544	19.1271	0.0034	28	483
0	17.6974	17.8394	1.29578	28	484
0	17.8072	20.5307	4.11332	28	485
0	20.5272	17.777	4.00237	28	486
0	20.4184	20.58	1.42049	28	487
0	16.4755	16.4584	5.55698	28	488
0	16.4892	19.0567	8.23408	28	489
0	19.2375	16.4381	8.19329	28	490
0	19.1411	19.1435	5.53654	28	491
0	17.7272	17.7072	6.84227	28	492
0	17.6931	20.595	9.58083	28	493
0	20.5088	17.791	9.60606	28	494
0	20.5244	20.4954	6.80919	28	495
0	16.3537	16.4725	10.8887	28	496
0	16.4216	19.1208	13.631	28	497
0	19.2135	16.3838	13.6565	28	498
0	19.1215	19.1122	10.861	28	499
0	17.6955	17.701	12.3034	28	500
0	17.7617	20.4593	15.0799	28	501
0	20.4673	17.6903	14.9874	28	502
0	20.4875	20.4931	12.3614	28	503
0	16.3206	16.3408	16.4106	28	504
0	16.3846	19.0678	19.0931	28	505
0	19.0408	16.4256	19.0538	28	506
0	19.0842	19.2203	16.3931	28	507
0	17.6732	17.8608	17.7077	28	508
0	17.7108	20.4515	20.4125	28	509
0	20.4357	17.7695	20.5982	28	510
0	20.4609	20.4825	17.7591	28	511
