nep4 6 H C N O S Cl 
cutoff 8 4 26 25
n_max 4 4
basis_size 8 8
l_max 4 2 0
ANN 5 0
  1.1231366e+00
  8.3715767e-01
 -7.6186419e-01
 -8.2253970e-02
 -3.1885418e-01
  4.7616202e-01
 -5.9267122e-01
  7.3552692e-01
  2.8233933e-01
  1.6289589e+00
  2.3769884e+00
  7.8554589e-01
  1.1409525e+00
  2.6854460e+00
  4.4643927e-01
  1.0984708e+00
 -1.0929573e+00
  3.6513662e-01
 -1.1305418e+00
  2.8339725e+00
 -4.4278264e-01
  1.9280691e+00
 -6.4024466e-01
  3.9888269e-01
  2.6502806e-01
  1.4487300e+00
 -1.6655472e-01
  6.7001975e-01
 -7.8320837e-01
 -1.6190819e-01
  4.0872437e-01
 -1.9563931e+00
 -9.3034995e-01
 -7.4010187e-01
  1.4772211e+00
  9.5983052e-01
  2.2160077e+00
  8.6567706e-01
 -2.1152905e-01
 -2.6585546e+00
 -1.8660946e+00
 -3.3095178e-01
  4.8255667e-01
 -1.3489006e+00
 -1.9587990e-02
 -1.1944633e+00
  1.7170049e+00
 -1.0417229e-01
 -4.0312076e+00
  3.1299055e-02
 -1.0954263e+00
  1.0995896e+00
 -4.4717994e-01
  9.4146210e-01
 -5.4515564e-01
  1.9471382e+00
 -9.3582374e-01
  6.2780720e-01
  7.7588487e-01
 -2.3926950e-01
 -3.6876222e-01
 -1.8951316e+00
 -7.8601432e-01
  1.3323470e+00
  1.9584140e+00
 -1.2382960e+00
  1.6077402e-01
  9.4008130e-01
 -1.9677337e+00
 -2.0175533e-01
  3.3944612e+00
 -6.0621642e-02
 -3.5528892e-01
  2.6925799e-02
  1.9508427e+00
 -1.5413420e-01
  2.6260481e+00
 -2.1591940e+00
 -2.0645647e+00
 -3.7108648e-01
 -2.0763855e+00
  2.0025585e-02
 -4.5707342e-01
 -4.9000829e-01
 -8.4182501e-01
  1.4271154e-01
  1.6311250e+00
 -1.9708403e+00
 -8.7141716e-01
 -9.2720038e-01
 -1.4332086e+00
  2.8238890e-01
 -1.1812415e+00
 -1.9359128e+00
 -1.1934899e-01
  1.3916216e+00
  4.3240836e-01
  1.6922190e+00
 -1.6861326e+00
  3.3621237e-01
  9.6950167e-01
 -8.6284864e-01
 -6.0673738e-01
 -3.7535813e+00
  2.1926990e-01
  2.8475051e+00
 -8.1121540e-01
 -2.8876480e-01
  1.5298783e+00
 -2.9905519e+00
  2.4430391e-01
  6.3432974e-01
  8.2038552e-01
 -7.1464920e-01
 -2.1836534e+00
  4.2132145e-01
  3.2179136e+00
 -5.5686718e-01
  1.3122710e+00
  1.1489795e-01
  1.2540476e+00
  4.9892333e-01
 -1.6969915e-01
 -4.7625586e-01
 -9.1894656e-01
  4.6907309e-01
 -4.8027411e-02
 -4.0979126e-01
  1.8109823e+00
 -4.9093562e-01
  1.5226772e+00
 -2.5168157e-01
 -1.3575904e+00
 -8.7113059e-01
 -5.1067889e-01
  1.0452617e+00
 -2.3616846e+00
  6.9313222e-01
 -1.8085155e-01
 -1.6003416e+00
  2.2379513e+00
 -5.0826639e-01
  8.3339614e-01
 -1.7333920e+00
 -1.1812617e-01
 -2.0326071e+00
  2.6369476e-01
 -5.4468036e-01
  2.1351738e+00
  1.5196939e+00
 -1.1292137e+00
 -3.2371065e-01
  2.6002805e+00
 -3.6883507e+00
 -7.9108524e-01
 -7.6417780e-01
 -7.8672129e-01
 -3.6492828e-01
 -1.9099890e+00
 -1.0976019e+00
  1.1330044e+00
 -6.0885596e-01
 -1.0653374e+00
 -9.3912703e-01
 -3.8861543e-01
 -2.6632295e+00
 -3.1862906e-01
 -3.3375072e-01
 -1.4887748e+00
 -1.1731905e+00
  1.1652477e+00
  1.7229257e+00
  5.9400317e-03
 -3.6551135e+00
  3.7761360e-01
  1.8315024e+00
  3.0388446e+00
  7.4951607e-01
 -2.8694510e+00
  1.1361532e+00
 -1.9658502e+00
  8.9208978e-01
  1.2566780e+00
  1.1416143e+00
 -4.4612493e-02
  3.4957452e+00
 -3.5060241e+00
  4.3817587e+00
 -2.7605929e+00
  1.5932417e-01
 -2.0917788e+00
  1.9176497e+00
 -2.4235947e+00
 -2.2963622e-01
 -2.7653930e-01
  8.4553379e-01
  1.0482075e+00
 -6.6640908e-01
  2.0747402e-01
 -4.1441399e-01
  1.9877541e+00
 -1.0328848e+00
 -1.9531584e+00
  8.7085381e-02
 -2.0264518e-01
  5.3766239e-01
  7.5177366e-01
 -2.4311829e-01
  1.6358021e-01
  2.5884399e+00
  3.0798197e+00
 -1.0093013e+00
  1.3934322e-01
 -1.1234716e+00
  6.6575283e-01
 -2.7307324e+00
 -3.1711121e+00
 -8.0433345e-01
 -1.7350172e+00
  1.4108132e+00
 -1.9106717e+00
 -7.0463204e-01
  1.5604679e-01
  3.0851927e-01
  1.1007472e+00
  2.8151598e+00
  1.9137952e-01
  2.0606377e+00
 -4.7787455e-01
  9.2942399e-01
  2.0044653e+00
  2.1192358e+00
 -9.3562853e-01
  7.9526240e-01
  4.8105800e-01
  1.3800713e+00
 -5.2816486e+00
  4.0147775e-01
  9.4018948e-01
  2.6067752e-01
  9.4150424e-01
  2.1635892e+00
 -1.6542935e+00
 -8.4310943e-01
  4.1219053e+00
 -2.4061081e-01
 -3.0924337e+00
 -7.2078782e-01
  2.0981770e+00
 -2.9732535e+00
  8.1280422e-01
 -1.2420152e+00
  2.5569600e-01
  1.0841591e+00
 -1.3566666e+00
 -2.1240883e+00
 -2.3353810e+00
 -7.4607968e-01
 -1.3859423e+00
 -3.0225999e+00
 -2.9495816e+00
  6.4699423e-01
  2.0394950e-01
  1.0364097e+00
 -1.2081579e+00
 -5.6238300e-01
  4.9130511e-01
  2.8288612e+00
 -1.7033889e+00
  4.4019841e-02
 -1.5041250e+00
 -8.8392311e-01
  5.5773234e-01
  8.9782834e-01
  8.7459350e-01
  3.1059070e+00
 -1.0005414e+00
 -2.3785944e+00
 -8.4537780e-01
 -1.9634204e-01
 -6.8471068e-01
 -1.1205760e+00
  5.2402163e-01
 -8.5454613e-01
  8.5390007e-01
  9.0867126e-01
 -5.2523434e-02
  1.7505821e+00
 -2.4788250e-01
  3.9943546e-02
 -4.4721553e-01
  2.0029646e-01
  1.1807002e+00
  1.4907978e+00
 -3.0352947e-01
 -1.5319474e+00
  5.0453171e-02
  7.3270105e-02
 -1.6653687e+00
  9.2737526e-02
 -9.0536839e-01
  2.1368229e+00
 -1.4891853e+00
 -6.7189321e-02
  3.6017644e+00
  6.9416869e-01
  5.3126985e-01
 -6.6552091e-01
 -3.4556665e-02
  2.9780284e-01
  1.3134308e+00
  5.2948183e-01
  5.6525600e-01
 -6.3487107e-01
 -2.7108875e-01
  3.8000925e+00
  1.9050843e+00
  1.4173762e+00
 -2.5442522e+00
 -1.7224906e-02
 -1.4396486e+00
 -5.2679712e-01
  1.6530128e+00
 -8.9676797e-01
 -1.2156453e+00
  2.3958173e+00
 -9.0573138e-01
 -5.7738584e-01
 -2.4820294e+00
  1.9594252e+00
  8.3586246e-01
  7.1575511e-01
  1.0877531e+00
  3.3434913e+00
  2.2860232e-01
 -2.1326126e-01
  9.4168597e-01
  9.8562706e-01
 -3.0910635e-01
  1.1477265e+00
  1.1232845e+00
  3.2782931e+00
 -1.7588814e+00
 -2.2856729e+00
  6.5520048e-01
  1.3327454e+00
  5.5479038e-01
  1.6425465e+00
 -8.8230711e-01
  1.2545612e-01
  7.8073859e-01
  2.7039927e-01
 -2.2188144e+00
  2.3034480e+00
 -4.6360314e-01
  1.3429546e+00
  1.8916541e+00
 -2.7249965e-01
  4.3091698e+00
 -1.0504040e+00
  1.0335959e+00
  2.2262007e-01
 -2.5043356e+00
  3.3221763e-01
 -1.2207851e+00
  3.2860979e-01
 -4.6906808e-01
  6.5092516e-01
  8.9574617e-01
 -1.0336988e+00
  9.2061460e-02
 -1.0328301e+00
 -1.7691234e+00
 -2.0607877e-01
  5.4360341e-02
 -7.3062396e-01
 -4.1631445e-01
  1.4316117e+00
 -1.6114171e+00
  9.5036648e-02
  1.2351957e-01
  8.6754459e-01
  2.6211405e-01
 -1.5969713e+00
  1.5260899e-01
  7.5976264e-01
 -4.7756439e-01
  1.7037815e-01
 -1.7211039e+00
 -5.5679463e-02
  1.8023347e+00
  4.8695454e-01
  1.4926856e+00
 -2.3567979e+00
  1.5878412e+00
  8.1208177e-02
 -1.1695535e+00
 -1.9156344e+00
 -2.5643075e+00
 -3.6442745e-01
 -3.8815601e+00
 -9.0239424e-01
  8.5964358e-01
 -2.7375793e-01
 -7.3536414e-01
 -1.0387642e+00
 -9.5789695e-01
 -7.4869677e-02
 -1.3914031e+00
  1.6856519e+00
 -4.4962192e-01
  9.3475163e-02
 -6.4866269e-01
  5.2389866e-01
  2.8683558e+00
  2.0936577e+00
  1.4989204e+00
  8.0820674e-01
 -4.7571027e-01
 -2.1358477e-01
 -1.9061376e+00
  2.2038785e-01
 -1.9751436e+00
 -3.0793827e+00
  1.4770184e+00
  1.4698143e+00
  7.3675060e-01
  2.7831480e-02
  1.6260037e+00
 -7.3360229e-01
 -7.9652643e-01
 -1.8916475e+00
  1.8125463e+00
 -1.8880218e+00
  3.6964173e+00
 -5.0150830e-01
  7.2092497e-01
  1.7432116e-01
  2.0497520e+00
  6.2292480e-01
  2.1141732e+00
 -2.5745513e+00
  3.7606787e-02
  7.2515911e-01
  4.7278035e-01
 -5.9765019e-02
  2.9028866e-01
  1.6669820e-01
  8.4692925e-01
  7.0475090e-01
  2.4229982e+00
  6.0714608e-01
  1.4737598e+00
  1.4284630e+00
 -1.6654609e+00
  2.9401538e+00
 -1.0404662e+00
 -1.1342724e-01
  1.4973055e+00
 -1.6249325e+00
  2.5759315e+00
  1.6526762e+00
  1.5779158e-01
  1.5207121e+00
  1.1691211e+00
 -1.9802170e+00
  5.0717032e-01
  9.7744262e-01
  1.0447496e+00
 -1.7690903e-01
  1.7016811e+00
  9.0735275e-01
  1.2657170e-01
 -2.4146008e+00
  9.9284731e-02
  1.6054938e+00
 -1.1788859e+00
 -2.8452334e-01
 -1.6338720e+00
 -2.5461662e-01
 -4.6211623e-02
  8.1989861e-01
 -8.1377447e-01
 -8.9197379e-01
 -4.1741791e-01
  1.3331676e-01
 -6.5434635e-01
 -1.2315152e+00
 -2.6615301e-01
 -2.1487675e+00
  9.9058056e-01
 -3.8401699e+00
  9.7204632e-01
  4.3505785e-01
  1.0851865e+00
 -2.9334192e+00
 -2.0783944e+00
 -2.8419366e-01
  1.8423292e-01
  1.3323216e+00
 -3.1984043e+00
  8.0183548e-01
 -1.4747703e+00
 -3.3220202e-01
 -2.9651980e+00
 -8.0931383e-01
  5.2641138e-02
 -7.3171169e-01
  1.4504572e+00
 -9.5667434e-01
  9.2998642e-01
 -3.2967532e-01
  3.5692973e+00
  2.6994326e+00
  2.4736657e+00
  1.3969750e+00
 -8.5883808e-01
 -1.4258455e-01
 -1.0918210e+00
  1.1321869e+00
 -9.8381025e-01
 -2.5399172e-01
  5.6056720e-01
  6.5923357e-01
 -1.6366315e-01
  1.7701031e+00
 -2.0478051e+00
  1.2343525e+00
 -3.6630347e-01
 -8.3247197e-01
 -1.8459108e+00
 -7.4445057e-01
 -9.4062394e-01
  2.5350976e-01
 -2.1029415e+00
 -2.6960522e-01
  4.2811596e-01
  5.6989354e-01
  9.0683770e-01
 -1.8844958e-01
  7.3938388e-01
 -9.9329436e-01
 -2.6511231e-01
  9.4744101e-02
 -3.3372611e-01
 -4.1093507e+00
 -1.4401112e+00
  1.4367510e-01
  1.6490733e-02
  5.5889255e-01
  2.1740811e+00
 -9.5651060e-01
  3.4020691e+00
 -1.4009447e+00
  1.5040955e-01
 -1.2509193e-01
  2.2620097e-01
  3.8517937e-01
 -4.6186171e+00
  6.6561091e-01
 -2.5871533e-01
 -1.1139619e-01
  9.2633015e-01
  1.9577478e-01
 -6.8909490e-01
 -2.7353020e+00
  3.4417433e-01
  1.4820638e+00
  6.7889690e-01
  8.7947577e-01
  4.9914426e-01
  1.1175753e-01
  9.4890863e-02
  1.9664241e+00
  7.6758218e-01
 -1.6077262e-01
  8.6570966e-01
  3.9736208e-01
  5.6871921e-01
  2.0896070e+00
  1.1937752e+00
 -3.4357706e-01
 -2.4103092e-01
  6.6514581e-01
  5.0075114e-02
  5.5487549e-01
  1.8766506e+00
  4.6362430e-02
 -1.3164225e+00
  1.1773967e-01
 -2.1731453e+00
 -1.0676360e+00
  1.6367964e+00
  2.1470399e-01
 -8.2230538e-02
 -9.4714278e-01
  1.8901850e-01
  1.7039665e+00
 -2.1237569e+00
  4.1504145e-01
  1.5478845e+00
  1.0847929e-01
 -1.2699544e+00
  6.1553383e-01
  2.0719457e+00
  3.0645940e-01
 -7.2982705e-01
 -1.6281407e-01
  1.4507853e+00
  1.5676471e+00
 -1.6180832e+00
  2.5640464e-01
 -2.5010254e+00
 -4.8230734e-01
  1.4862746e+00
 -2.1595347e+00
  2.3459110e+00
 -9.4469744e-01
  4.9523669e-01
 -2.8161273e+00
 -4.3394855e-01
  1.2157826e+00
 -7.9395428e-02
 -5.0120324e-01
  9.5469350e-01
 -1.7341982e+00
 -2.5809870e+00
  2.4904270e-02
 -4.6388796e-01
  1.6105652e+00
 -6.9668210e-01
 -1.7163467e+00
  4.0097740e-01
  4.2611170e-01
  5.9064573e-01
 -1.2100137e+00
 -2.4545426e+00
 -7.6787019e-01
  3.1744412e-01
  5.2503234e-01
  1.9347680e-01
  1.9435107e+00
 -6.7030358e-01
  1.5083863e+00
  1.0383490e+00
  2.0066512e+00
 -1.4269437e+00
  9.5345247e-01
  1.1407486e+00
  1.6123161e-01
  2.3098516e+00
  2.5622795e+00
  5.1646709e-01
  9.1957617e-01
  2.8407764e-01
  4.7612354e-01
  9.2669958e-01
 -8.6731203e-03
  4.0053299e-01
 -8.7862641e-01
 -1.1285021e+00
  1.3191832e+00
 -1.4643718e+00
  2.2342477e+00
 -1.5962812e-01
  1.2730355e+00
  1.0535991e-01
  5.1073205e-01
 -5.0081921e-01
  9.2747903e-01
 -4.7717738e-01
  6.3256246e-01
 -3.2527711e+00
 -1.9042020e+00
  3.1933713e-01
  6.5667510e-01
  1.6534870e-02
  6.1908700e-03
  1.0949521e+00
  5.5613488e-01
  1.5385238e+00
  7.2780281e-02
 -1.3476595e+00
  7.0112653e-02
 -4.9093586e-01
  2.1247320e+00
  1.8786733e+00
 -4.0119171e-02
 -5.1345080e-01
 -7.1480685e-01
  2.0379462e+00
  2.9418571e+00
 -5.8125925e-01
  2.6377010e+00
 -1.0806384e-02
 -1.9012910e-01
  1.4152628e+00
 -2.5410447e+00
 -8.5116550e-02
  1.4583281e+00
  2.6676655e-03
 -7.4023730e-01
  1.3439729e+00
  2.9472239e-02
 -6.4770639e-02
 -1.4964174e+00
 -4.9603093e-01
 -2.2162082e+00
 -1.3605890e+00
 -4.6065696e-02
 -9.8649466e-01
  1.5246297e-01
  2.4948658e-01
 -9.2743427e-01
 -2.9131529e+00
  1.6166874e+00
 -2.3667516e-01
  1.1367023e+00
  3.3825991e-01
  1.2112359e+00
  2.3074010e-01
  1.6152722e+00
 -1.1184294e+00
 -8.4909540e-01
  1.2130252e+00
 -6.0343742e-01
  1.3201392e-01
  1.2697682e-01
  8.3278054e-01
  2.0536993e+00
 -3.6734691e-01
 -7.0866299e-01
  2.6511157e-01
  1.9386539e+00
 -8.8776511e-01
  5.1983863e-01
 -3.9766043e-01
 -5.0546640e-01
  3.0720735e-01
  1.5496521e+00
  2.7052438e-01
  1.2812546e+00
  2.6657536e+00
  7.5860983e-01
  2.8527063e-01
  2.3041405e-01
 -2.9122120e-01
 -1.3485487e+00
 -1.0245377e+00
 -2.9926064e+00
  1.2177900e+00
 -3.7140128e-01
 -3.4960344e+00
 -2.7197767e-02
  1.3218081e-01
 -2.9734056e+00
 -2.6925838e-01
  5.7392135e-02
 -2.4164686e-01
 -1.8204435e+00
 -5.1028812e-01
  8.4578300e-01
  5.2581823e-01
  1.3437537e+00
 -3.2735616e-01
  4.4740894e-01
  1.0378556e-01
 -1.7647225e+00
  1.3731620e+00
  4.7378602e+00
 -4.4433868e-01
  3.2270336e-01
 -4.7238892e-01
 -3.5607880e-01
  3.7551661e+00
  7.4241257e-01
  1.2387993e+00
 -9.9574488e-01
  3.7562796e-01
 -1.0122766e+00
 -6.5286785e-01
 -9.3690947e-02
  1.2402245e+00
  2.7785950e+00
  3.4793437e-01
 -3.0255651e-01
 -6.8390447e-01
  2.3471448e-01
 -2.4371045e+00
  5.2837770e-02
  8.4945500e-01
  1.5693889e+00
  1.3620315e+00
 -1.1189716e+00
 -1.1323436e+00
  2.7451563e+00
  5.8931656e+00
  2.6670876e-01
  2.2888975e+00
  4.9271083e-01
  1.8511244e+00
 -6.7947298e-02
 -3.1196043e-02
  8.1356633e-01
  1.8279976e+00
  4.5581472e-01
  8.8992065e-01
  1.7046511e+00
 -6.1103857e-01
  1.3652409e+00
 -2.3470316e+00
  8.1297427e-01
  1.6625322e-01
  2.1997121e-01
 -1.0494375e+00
  8.9888680e-01
 -1.1800523e+00
  9.8808104e-01
  4.7749993e-01
  1.0933330e+00
 -1.6003879e+00
 -5.0731319e-01
  2.3789801e-01
  2.4309540e-01
 -7.1907061e-01
 -3.7612501e-01
  2.6198214e-01
 -6.0457301e-01
  2.3797064e-01
 -6.7852038e-01
 -1.0176462e+00
 -6.9298011e-01
 -8.5681230e-01
 -2.6193333e+00
  7.4312545e-02
  1.4737051e+00
 -2.3923023e-01
  1.1445557e+00
  5.4131764e-01
  9.9077064e-01
  3.6971521e+00
 -8.8528104e-02
  8.4417379e-01
 -2.3969319e-01
  5.1236838e-02
 -4.9334273e-01
  4.7662929e-01
 -3.9908341e-01
 -7.3524690e-01
  1.6895349e+00
  1.2644544e+00
  1.2484447e+00
  9.1991282e-01
 -1.6308588e-01
 -1.1314899e+00
  6.7775190e-01
  7.8079414e-01
  1.5360461e+00
 -3.2069653e-01
 -7.9595816e-01
  1.8167912e+00
  1.5232900e+00
 -2.4109325e+00
  7.6499128e-01
  6.9023621e-01
  2.5010741e-01
 -2.5804590e-02
 -2.3954158e-01
 -5.0700855e-01
 -1.3471463e+00
 -5.0237143e-01
 -4.6699580e-02
  7.5371796e-01
 -5.5465412e-01
  6.2860072e-01
 -1.7675817e+00
 -1.5119741e+00
  1.0155784e+00
  8.7508667e-01
  2.0360520e+00
 -1.0420419e+00
 -1.6199913e+00
 -1.0524368e+00
  1.4362693e-01
  2.8917450e-01
  1.2067643e+00
 -1.6703619e+00
  6.2199599e-01
 -1.6793869e-02
  1.1459912e+00
 -4.5233214e-01
  1.0767934e+00
  9.3552899e-01
 -1.2127487e-01
  7.6011729e-01
 -6.3483852e-01
  3.1848910e+00
  2.3995659e+00
 -1.4084925e-01
  3.2228178e-01
  2.5345678e+00
  2.0682704e+00
 -2.0358708e+00
  1.3524433e+00
 -2.7932994e+00
 -2.4830513e-02
 -1.0044391e+00
  1.9821438e+00
 -1.8201303e+00
  2.9533550e-01
 -4.1956920e-02
  4.1943529e-01
 -5.1515028e-03
 -4.1610759e-01
 -1.2427971e+00
  1.4139630e+00
 -2.4465702e+00
  1.9421624e-01
 -3.8493934e-01
 -2.1398859e+00
  1.2989157e+00
  7.8578091e-01
  1.0486809e+00
  2.6673663e+00
 -1.8103197e+00
  1.0146939e+00
 -2.6083059e+00
  6.7661501e-02
 -8.2808673e-01
 -7.4768788e-01
  4.7261670e-01
  4.0723288e-01
 -1.4002739e-01
 -9.1085500e-01
  1.0140007e+00
 -1.1258419e-01
 -2.2809299e-02
 -2.4376848e+00
 -9.9793893e-01
  9.1911572e-01
  7.3992825e-01
  3.2208353e-01
 -3.1399100e+00
 -1.2545455e+00
  8.7289852e-01
 -1.0000218e+00
 -1.1203334e-02
  1.1810930e+00
 -8.5051644e-01
  1.3982997e+00
 -1.2331292e-01
 -3.2799170e+00
 -1.5080061e+00
 -1.0662045e+00
 -6.7626518e-01
 -5.0999254e-01
  2.3323908e+00
  1.0659655e+00
  1.7881889e+00
 -1.6955197e+00
 -4.7695928e+00
  5.3467917e+00
 -4.2372927e-01
  2.3776135e-01
 -6.5721601e-01
 -1.3718629e+00
 -2.7339294e+00
 -1.0089997e+00
 -6.8282729e-01
 -1.3863470e-01
 -3.5696980e-01
 -1.2068824e-01
 -1.1164762e+00
  2.0845538e-01
  1.5733911e+00
  1.1210903e+00
  1.3035018e+00
 -2.2988096e-01
  1.1010689e+00
 -2.2550821e+00
  9.8224783e-01
 -7.4991000e-01
 -8.4634197e-01
  3.4544032e+00
  6.9114393e-01
  3.4252387e-01
 -2.5824220e+00
  1.7641904e+00
  2.4781339e+00
 -6.4703190e-01
 -1.1831323e+00
 -2.5688131e+00
  3.3701098e-01
 -1.5677404e-01
 -1.3978431e+00
  9.3518561e-01
 -6.3080502e-01
 -3.4116656e-01
 -4.1335088e-01
 -7.3923719e-01
 -5.2742207e-01
  1.2234375e+00
 -1.1261127e+00
 -4.4665939e-01
 -1.5401465e+00
 -3.6662310e-01
 -6.2509465e-01
 -1.7148806e+00
  1.8573875e+00
  1.8846849e-01
 -1.2927928e+00
 -5.4069525e-01
  9.4044411e-01
  1.6342525e-01
 -9.5153266e-01
  1.7315385e-01
 -6.5359557e-01
 -5.4082918e-01
 -2.0963332e-01
  8.7044144e-01
  1.9628309e-01
  2.8813033e+00
  5.6014961e-01
 -8.0658692e-01
 -9.3120599e-01
 -7.6282215e-01
 -1.4640141e+00
  1.3967177e+00
  2.9107821e-01
 -8.1187373e-01
  1.4742443e-01
  1.7857990e+00
  4.4795647e-01
 -1.8650026e+00
  7.0911062e-01
  8.8850677e-01
 -7.0558763e-01
  3.2587600e-01
  3.3360037e-01
  2.4427574e+00
  3.8460515e+00
  9.0792936e-01
  2.0175045e+00
 -1.2903304e+00
 -2.3694992e-01
 -2.9572849e+00
  8.9732277e-01
 -1.7260566e-01
 -8.9539605e-01
 -2.7847749e-01
  2.3636988e-01
 -4.6578196e-01
  3.6614153e-01
 -2.0973381e-01
  9.0020967e-01
  1.3576865e-01
 -1.3142137e-01
  4.0925834e-01
  1.1793255e+00
 -1.4110649e+00
 -1.7568299e+00
  1.4716207e+00
  1.4175730e+00
 -2.8865460e-01
 -6.2210238e-01
 -7.3493785e-01
 -1.1703712e+00
  1.4358953e+00
 -1.2784691e+00
 -1.3085376e-01
 -1.0852940e+00
 -2.9560170e-01
 -1.7885107e-01
 -3.8581985e-01
 -2.1198966e-01
  1.2096183e+00
 -4.7653577e-01
  4.8098570e-01
  2.9379323e+00
 -2.2516494e+00
 -1.0612808e+00
 -9.6688241e-01
  1.5114520e-01
 -1.2554146e+00
 -3.7273171e+00
  2.2581894e+00
  1.5769222e-01
  1.3969150e+00
 -3.1489491e-01
  4.3868831e-01
  1.2358907e+00
  3.8158839e+00
  2.9079525e+00
  9.1359794e-01
 -1.8277564e+00
  6.7872655e-01
 -1.2391942e+00
 -1.4097626e+00
 -1.6084599e+00
  1.1484731e+00
 -1.1301113e+00
  1.8446826e+00
 -6.7130250e-01
  1.2522015e-01
 -4.2991853e-01
 -7.8914547e-01
 -6.6662592e-01
 -4.8317000e-01
  1.0387079e-01
  4.3065470e-01
 -6.7339408e-01
 -1.5482521e+00
  2.2731555e-01
 -8.1753862e-01
 -1.3842206e+00
 -2.0972660e-01
  6.1770344e-01
 -1.6145761e+00
 -2.2392945e+00
  1.8490814e+00
 -2.3771112e+00
  4.9211228e-01
 -1.5304331e+00
 -9.3377030e-01
 -2.7488625e-01
 -4.2848000e-01
  1.0628204e-01
 -3.8733754e-01
  2.3850131e+00
 -6.1692923e-01
 -1.2023743e+00
 -2.7800444e-01
  6.6182864e-01
 -1.6001877e+00
  6.0582930e-01
 -4.6012217e-01
 -9.2645597e-01
 -2.8248507e-01
 -1.0223823e+00
  1.3949968e+00
  1.6503620e-01
 -1.0676663e+00
  1.6817499e+00
  6.6085875e-01
 -1.3315506e+00
 -5.5468643e-01
 -9.9964076e-01
 -1.2690196e+00
  7.5349110e-01
  6.2048525e-01
 -3.0181336e+00
  1.1244038e+00
  2.7388266e-01
 -6.3659894e-01
 -4.1838751e+00
 -8.6483246e-01
 -8.2394379e-01
 -5.9057665e-01
 -1.3816328e-01
  1.3901105e+00
  1.9499626e+00
  1.0053209e+00
 -2.4024862e-01
  2.2524393e+00
  5.1848096e-01
  2.4566391e-01
 -2.5398908e+00
  2.6957470e-01
 -8.6736953e-01
 -6.5345430e-01
  9.4998401e-01
  1.8526504e+00
 -6.9056696e-01
 -5.8543855e-01
 -2.1336824e-01
  2.2371058e+00
  5.3726292e-01
  4.6830299e-01
 -2.1824048e+00
 -1.1387089e+00
 -5.7588470e-01
 -1.5758821e-01
  1.8267697e+00
 -1.3998231e+00
  1.0311158e+00
  4.7374603e-01
 -1.5019876e-01
 -5.0962919e-01
  5.0756085e-01
 -5.8503622e-01
  1.8420098e+00
 -1.7919281e-01
  1.1421155e+00
 -1.7142187e-01
 -1.5137485e-01
  1.3737987e-01
 -1.0242152e+00
  3.3052176e-01
 -1.0067555e+00
 -3.0243161e+00
  5.9020472e-01
 -1.9601592e+00
  8.7713605e-01
  1.2376307e+00
 -3.0528574e+00
 -2.6041811e+00
 -8.3929753e-01
 -1.0699650e+00
 -6.6078150e-01
 -7.8093743e-01
  1.3355081e+00
 -1.7237271e+00
  1.5784383e+00
 -1.3399011e-01
 -5.7222915e-01
 -9.6051979e-01
  2.3148196e+00
  2.1563131e-01
  1.5259652e+00
  5.9201908e-01
 -7.0893008e-01
  1.3109350e-01
 -3.7427287e+00
  1.3422446e+00
  7.6749343e-01
  6.3103807e-01
 -3.9278357e+00
 -1.0507970e+00
 -1.2613913e+00
  6.8257928e-01
 -5.5191237e-01
 -1.9489930e+00
 -9.1288078e-01
 -1.0986058e+00
 -2.0559757e+00
  9.4446850e-01
 -6.2873584e-01
 -9.6101177e-01
 -5.0819534e-01
 -7.6385671e-01
 -1.8269670e+00
  1.2589507e+00
  7.7304727e-01
  6.8461829e-01
  4.6429989e-01
  4.9844980e-01
  8.2441080e-01
 -3.5488269e-01
 -5.3127718e-01
  2.0641181e+00
 -1.6861070e+00
 -2.4817345e-01
 -1.9617906e-01
  1.9623649e-01
  5.4374373e-01
  4.4482264e-01
 -2.9038727e-01
 -7.1396279e-01
 -6.0169083e-01
 -3.8717553e-01
  2.3373108e+00
  8.1666672e-01
 -7.0629483e-01
  1.2847773e+00
 -1.0213522e+00
 -1.8934771e-01
 -8.4833574e-01
  3.1451461e-01
 -1.6930712e+00
 -1.4948636e+00
 -4.3644193e-01
 -6.3905406e-01
  5.2989990e-01
 -2.1098828e-01
  2.8639862e-01
  1.1590683e-01
  2.5139296e+00
  2.1920595e+00
 -2.6421497e+00
 -2.3709717e-01
 -3.7402248e-01
  1.0471197e+00
 -1.7669234e+00
 -1.5562913e-01
  5.3555083e-01
  1.1774951e+00
  5.9669042e-01
 -1.9157979e-01
  2.1341975e+00
  3.4759623e-01
  6.3266230e-01
  4.5208928e-01
 -4.8016676e-01
  3.2820582e+00
  2.9422459e-01
  7.1358120e-01
  2.2322801e-01
 -1.8479577e-01
 -1.6468822e+00
  1.9117471e+00
  1.8510525e-01
  7.2644264e-01
 -9.0861917e-01
 -1.9891152e-01
 -7.8703874e-01
  1.8889807e+00
 -1.7278119e+00
 -6.9011140e-01
  5.4678059e-01
 -4.0513504e-01
 -4.1424510e-01
 -1.1226287e+00
  1.9326657e+00
 -1.5119431e+00
  5.2440751e-01
  6.6409135e-01
 -1.6365826e+00
 -1.8531641e+00
  6.0366547e-01
  4.3405437e-01
 -1.5250479e+00
  2.6191261e+00
  1.9965899e-01
  1.9179230e+00
  1.2446410e-01
  1.8750073e+00
 -2.1370530e+00
  2.0308642e+00
  2.8063498e+00
  6.6854161e-01
 -1.8778055e+00
  2.3276412e+00
  2.6473114e-01
 -1.3148028e+00
 -7.5300491e-01
 -1.1451722e-01
 -8.9928859e-01
 -5.4915941e-01
  3.6153805e-01
 -1.3342988e-01
  7.0334375e-01
 -4.5812580e-01
  7.2800350e-01
 -4.6820247e-01
  1.0990648e+00
 -6.3907635e-01
  4.4132230e-01
 -5.5059326e-01
  1.7099823e+00
  2.2875826e+00
  3.6765617e-01
  3.6966109e-01
 -1.2980890e+00
  2.2642264e-01
 -1.8642676e-01
  1.3708137e+00
  6.0403693e-01
 -1.8714626e+00
 -1.5432677e-01
 -8.9419103e-01
  3.5147956e-01
 -2.8552943e-01
  2.0854752e+00
 -2.6233947e+00
 -3.8099098e-01
 -8.0288792e-01
  3.9414349e-01
 -2.4353722e-01
 -8.9538103e-01
 -6.2623060e-01
 -1.4547709e+00
  2.7839262e+00
  3.7591207e-01
  1.2527194e+00
  2.1322939e-01
 -8.5500121e-01
 -1.0964831e+00
 -1.8135674e+00
 -2.4782994e-01
 -2.7743144e+00
 -2.2139001e+00
 -1.8745224e+00
  1.1763147e+00
  4.0067580e-01
  2.8738996e-01
 -2.1222070e-01
  1.6740084e-01
  1.7992831e+00
  2.1650987e+00
 -5.5574000e-01
  3.0315459e-01
 -5.3253287e-01
  3.8773471e-01
  8.9859837e-01
  3.9448947e-01
  1.2262969e+00
 -9.9629235e-01
  4.3345782e-01
  9.2776942e-01
 -2.3134325e+00
 -2.2828939e+00
 -5.0841317e+00
 -8.1188089e-01
  2.1087453e-01
  1.3173963e+00
 -2.5209570e-01
  5.0155741e-01
 -1.3586994e+00
 -2.0247703e+00
 -1.3091357e+00
 -6.0772872e-01
 -1.2718562e+00
  3.3529419e-01
 -2.5462425e-01
  6.1960983e-01
 -7.4755049e-01
  2.9387102e-01
  1.0002108e+00
  1.3041847e+00
  3.5913852e-01
  6.5824282e-01
 -1.1227928e+00
 -4.9099922e-01
  2.4545283e+00
  1.3696589e+00
  2.4315982e+00
 -1.1091827e+00
  3.0736306e+00
 -4.2103827e-01
 -1.7528330e+00
 -1.4591502e-01
 -2.6813644e-01
 -1.3818744e+00
 -2.1959982e+00
 -1.6085975e-01
 -1.8983282e+00
  2.8644502e+00
  2.0338185e+00
  6.2253898e-01
 -4.9134189e-01
  1.0623105e+00
 -1.6507970e+00
  1.1037184e-01
  2.8681500e+00
 -6.8956113e-01
 -6.4162314e-01
  1.7286662e+00
  1.5483352e+00
  1.2523414e-01
  1.0809499e+00
 -4.9444294e-01
  3.3562854e-01
 -7.7002144e-01
 -1.3643670e+00
 -3.3672306e-01
  5.1560652e-01
 -3.4531498e-01
 -1.6125990e+00
  1.6298586e+00
 -7.4667203e-01
  1.4180398e+00
 -3.0079263e-01
  1.0707669e+00
  1.7321248e-01
 -2.3127582e+00
  9.3347865e-01
  1.5148071e+00
  1.1983503e+00
 -2.3789021e-01
 -2.9817660e+00
  2.6322436e-01
  1.0221357e+00
  8.7194526e-01
 -1.0417348e-01
 -2.3161834e-01
 -2.2121212e+00
 -3.7606306e+00
  2.4342623e+00
 -1.9396004e-01
  5.4672074e-01
 -1.4304658e+00
 -9.8375058e-01
  3.6383569e+00
 -2.0863466e+00
  7.7520388e-01
 -3.4530473e-01
 -8.6661118e-01
 -1.1156924e+00
  1.7719686e-01
  2.2468531e-01
  2.5122814e+00
  9.4616145e-01
 -1.4100277e+00
  3.2192788e-01
  2.4888663e+00
 -7.0868981e-01
 -1.5415007e+00
  2.8906918e-01
  1.5413840e+00
 -5.9008557e-01
  6.0748899e-01
  3.0940614e+00
  3.2382032e-01
  2.4109745e+00
  2.1370542e+00
  1.9173008e-01
 -3.0153594e+00
  1.1593765e+00
 -1.6130695e-01
  1.4509608e+00
  4.9851105e-01
 -2.3689759e+00
 -2.7685025e-01
 -5.1979363e-01
  1.6639824e+00
  9.8678142e-01
  1.0228587e+00
  3.6361961e+00
 -3.9189354e-01
  1.2371968e+00
  8.6554921e-01
  1.3692809e+00
  1.5133661e+00
 -6.6655594e-01
  5.8380687e-01
 -5.4006344e-01
  1.9414573e+00
 -1.4020063e+00
 -2.9859301e-01
 -2.1380091e+00
  1.2586170e-01
  2.1370900e+00
  1.5171035e-01
  8.8766086e-01
 -1.8127095e+00
  1.8419214e+00
  4.3617240e-01
  8.7848097e-01
 -7.9382741e-01
 -1.2194444e+00
 -4.2296579e-01
 -3.8131499e-01
 -5.0488794e-01
 -2.8164977e-01
  6.1981511e-01
 -3.6935261e-01
  1.1326122e+00
  2.3962910e+00
  1.3738844e+00
  2.0843024e+00
  1.7689432e+00
 -2.3281255e+00
  1.1086363e-01
 -2.2987315e-01
 -1.8197522e-01
 -7.8617877e-01
  1.1258150e+00
 -3.2430694e-01
 -4.7574827e-01
 -2.3246324e+00
  8.3064061e-01
  5.4620314e-01
  1.9616035e-01
 -2.3553808e+00
  1.8689506e+00
 -6.5053326e-01
 -2.2526379e+00
  1.3994335e+00
 -5.0623590e-01
 -1.5200344e+00
  6.9816482e-01
  2.9694288e+00
 -1.6148889e+00
  3.3195317e-01
  6.9623744e-01
  2.0094452e+00
  2.7693048e-01
  8.7571871e-01
  2.2400196e+00
 -1.8171822e-01
 -1.0532636e-01
 -2.5016215e-01
 -9.5380872e-01
 -2.4415985e-01
  1.7044942e+00
 -1.0518720e+00
  9.9523479e-01
 -9.7180396e-01
 -1.6424366e+00
  1.7774740e-01
  7.7036297e-01
  2.0384672e+00
 -1.0684028e+00
 -7.3774737e-01
  1.7831144e+00
  7.3498869e-01
  2.0170622e+00
 -2.3953428e+00
  1.3875467e-01
  2.5319390e+00
  1.2443523e-01
 -1.1920496e+00
  1.7701140e-01
 -2.2344008e-01
  4.5357528e-01
 -2.6247177e-01
 -5.8457929e-01
 -4.4291562e-01
 -5.8679283e-01
  6.3110304e-01
  2.2967591e+00
 -8.6440623e-01
  2.4353215e-01
  7.1870416e-01
  1.8214498e+00
 -4.1603532e-01
 -8.4007078e-01
  2.5401952e+00
 -7.3637009e-01
 -1.8187782e+00
  6.8422306e-01
 -1.0727401e+00
  6.9164819e-01
  1.6125356e+00
 -1.2525988e-01
 -1.8874052e-01
 -1.2126608e-01
  1.3163782e+00
 -1.6889699e+00
 -5.3103930e-01
  1.9372202e+00
  3.6715820e-01
 -5.0404209e-01
  1.0634223e+00
 -2.1927907e+00
 -3.3788416e-01
  5.7257801e-01
  2.2571845e+00
  9.3982130e-01
 -6.1176538e-01
 -2.2239130e+00
  2.3908266e-01
 -7.7132291e-01
 -4.8531306e-01
  3.0640200e-01
  8.8272667e-01
 -2.8682533e-01
 -3.9568105e-01
 -2.2038859e-01
 -5.7059389e-01
  3.9897701e-01
 -6.4594072e-01
 -6.2438148e-01
  1.7282708e+00
 -7.8347224e-01
 -2.1940082e-01
 -1.2286985e-01
  3.4698021e+00
  1.6204774e-01
  3.1120400e+00
  3.0037706e+00
  1.4586233e+00
 -2.2253957e-01
  2.7614799e+00
  1.4769870e-01
 -3.1527340e-01
 -8.7992114e-01
  4.6786872e-01
 -2.3770460e-01
 -1.7370920e+00
 -3.7629974e+00
 -6.1825353e-01
 -4.9281889e-01
  8.3144546e-01
  2.1090219e+00
  7.1126837e-01
 -2.1041131e+00
 -3.5493878e-01
  1.7046431e-01
 -8.0579787e-01
  2.9171765e-01
 -1.8841971e-01
  2.1961233e-01
  9.2954868e-01
 -5.4900461e-01
 -2.0805454e+00
 -1.7308449e+00
  3.4951478e-01
  1.6129367e+00
 -2.1908486e-01
 -1.5017495e+00
  5.0604796e-01
  1.9159424e-01
  9.3771505e-01
  1.5604703e-01
 -8.1293654e-01
 -5.9395546e-01
 -8.2821029e-01
 -1.5677650e+00
  2.9024351e+00
  2.4550372e-01
  1.9973257e-01
  4.5220625e-01
  1.6040540e-01
  2.3110154e-01
  1.1823742e-01
  1.3716083e+00
  1.9949411e+00
  5.3881520e-01
 -1.0797038e+00
  2.8021336e+00
 -7.3182350e-01
  1.0572573e+00
 -1.1990511e+00
 -9.7238612e-01
 -1.5230691e-01
 -2.7449098e+00
  1.3171750e+00
 -4.1513756e-01
 -4.5541996e-01
 -1.7591599e-01
  3.1354828e+00
 -1.9666173e+00
 -2.2729495e-01
 -4.5356509e-01
 -1.4892268e+00
 -4.5661321e-01
  4.9669626e-01
 -3.4784293e+00
 -7.8483027e-01
 -9.3194157e-01
  1.7573282e+00
 -3.2047269e-01
 -1.1838820e+00
  3.7666941e+00
 -1.7559489e+00
 -7.0471466e-01
 -2.8581700e+00
  2.3774254e+00
  1.9909971e+00
  1.0054827e+00
 -4.3420854e-01
 -2.8887839e+00
 -4.8848405e-01
  2.1290917e+00
  2.2162387e+00
 -1.1233814e+00
  8.6386836e-01
  1.1986326e+00
 -1.4766464e+00
 -4.0556878e-01
 -3.8986656e-01
  6.3273096e-01
 -1.5448225e-01
  1.8508326e+00
  1.7354871e-01
 -9.8997200e-01
  7.6739454e-01
  3.8186016e+00
  2.2458229e+00
 -1.0029334e+00
 -2.1424490e-01
  2.6301089e-01
 -3.7551039e-01
  1.4575907e+00
  8.2844973e-01
  7.7417737e-01
 -1.0397694e+00
 -2.1441184e-01
  4.0768462e-01
 -2.1673612e-01
 -5.0958759e-01
  8.3908486e-01
 -6.2142324e-01
  4.5484953e+00
 -3.9539102e-01
 -3.9590037e-01
 -1.2639964e+00
 -2.2463870e+00
 -2.3486812e+00
 -2.5348112e-01
  1.3097434e-01
  2.8663203e-01
  7.3974156e-01
 -5.2525371e-01
 -1.8751469e-01
  3.5439723e+00
 -9.1015005e-01
  1.1255627e+00
  4.4131929e-01
 -6.9733065e-01
 -1.3937993e+00
  3.3276858e+00
 -1.4716309e+00
  7.6995850e-01
  3.5689193e-01
 -4.5644620e-01
 -9.5746398e-01
 -1.0793558e-01
 -2.0317466e+00
  8.9399803e-01
  8.7913996e-01
  1.5749921e+00
  1.0150008e+00
  3.9200667e-01
  4.4552130e-01
  3.1273392e-01
  1.2932228e+00
  2.0626280e+00
 -4.4811898e-01
 -1.1183922e+00
 -2.3053724e-01
 -9.8517239e-01
  5.4031301e-01
 -3.6127615e-01
 -1.1007010e+00
 -1.3378112e+00
 -7.0983607e-01
 -1.2237336e-01
 -8.2522309e-01
 -1.4043776e+00
  2.3586681e-01
 -8.7872148e-01
 -1.4635605e-01
 -5.2959573e-01
 -7.4329895e-01
  3.3530989e+00
  7.4592948e-01
 -3.1110501e-01
  1.3505670e-01
  3.2264936e-01
  3.0284253e-01
  4.5244622e-01
 -5.7815349e-01
  1.7710930e-01
  1.3626124e-01
 -1.1779036e-01
  1.9457662e+00
 -8.2698524e-01
  4.3425509e-01
 -1.4527087e+00
 -5.9477520e-01
  3.7249985e-01
 -3.7034214e-01
  1.6925596e+00
  5.4293060e-01
 -5.2943146e-01
 -4.0441531e-01
  3.0551529e+00
 -6.8306220e-01
  1.8397665e+00
  2.1492765e+00
 -1.1464474e+00
 -2.5372842e-01
  5.7071608e-01
 -1.1890968e+00
  1.1950763e-01
 -3.8564444e-01
  5.2482677e-01
  1.8660500e+00
 -3.6405119e-01
 -1.8856915e+00
 -9.6681440e-01
 -1.1833569e+00
 -1.9542091e+00
 -1.3924068e-01
  9.7297764e-01
 -1.5332546e+00
  4.8621325e+00
  7.2980314e-01
  1.7179286e+00
  3.8847253e+00
 -7.2549230e-01
  2.4343848e-01
 -6.9029278e-01
  1.9381458e-01
 -5.1062059e-01
  6.9425511e-01
  5.3063601e-01
  2.5747240e+00
  5.6185871e-01
  2.0472155e+00
 -2.6750739e+00
  2.3399931e-01
  4.0868947e-01
 -1.8250023e-01
 -1.8035637e+00
  1.3867915e-01
 -9.5187503e-01
  1.5443479e+00
  2.0829768e+00
 -7.0786965e-01
  3.1521299e-01
 -8.7473166e-01
 -1.2046746e+00
  4.6960366e-01
  1.5089478e+00
  3.5737208e-01
  2.3864651e-01
  5.2736038e-01
  8.6953330e-01
  1.6309619e-01
  1.3680495e+00
  4.9301600e-01
  3.3016291e-01
 -5.6593347e-01
  2.0434489e+00
  7.7046621e-01
  1.2422065e+00
  5.9606296e-01
  3.5884538e-01
 -3.0410197e-01
 -7.2246188e-01
 -1.7010345e+00
 -1.0267949e+00
  2.3071659e-01
  3.4448519e+00
 -5.8959305e-01
  4.4938293e-01
 -7.6356483e-01
 -3.1589887e-01
 -2.3975785e+00
  1.6341994e+00
 -3.0931935e+00
 -3.4440145e+00
  1.0945313e+00
 -2.0812634e-01
 -1.8888590e+00
  3.6495757e-01
 -1.2799153e-01
 -2.9935291e+00
  3.7129670e-01
 -1.0475461e+00
  3.0984437e+00
  6.7464584e-01
 -3.2641351e+00
  2.2650986e+00
 -2.7996743e-01
 -2.5537486e+00
 -3.0279014e+00
 -1.2687833e+00
 -4.0168604e-01
 -3.5056441e+00
 -3.4336460e-01
  3.0129561e+00
 -8.9835256e-01
 -1.6708363e+00
  2.0920990e+00
 -1.4427389e-01
  1.8597672e+00
  6.3566405e-01
 -6.1759663e-01
  8.3964628e-01
  7.5059742e-01
  1.0365180e-01
 -7.8836435e-01
 -2.1198671e+00
 -4.2741692e-01
 -3.1837752e-01
  2.3074150e+00
  3.1334100e+00
  2.3512709e-01
  1.3481139e+00
 -4.2587474e-01
  1.3860591e-01
  3.2108071e+00
 -3.7629765e-01
 -5.4022908e-01
  1.5414190e-01
 -5.1871198e-01
 -3.6684537e+00
  2.4076600e+00
  1.0336528e-01
  3.9838201e-01
  1.2869205e+00
  1.2228921e-01
 -1.1498797e+00
 -3.8962418e-01
 -1.2996800e+00
  2.3529935e+00
  1.3316768e-01
  1.6879556e+00
 -5.3437114e-01
 -1.1445194e+00
 -2.7249248e+00
  9.0484273e-01
  1.2610108e+00
  3.9065954e-01
 -6.1430627e-01
 -2.0469158e+00
  2.2613573e+00
  8.5246050e-01
 -1.9685167e+00
 -4.8844519e-01
  1.9284990e-01
 -5.5106747e-01
  2.4192631e-01
 -2.2994151e+00
  8.1686646e-01
 -9.4343662e-01
  2.5234659e+00
 -2.3103276e-01
  2.4831865e+00
  1.2591907e+00
  3.2046682e-01
  5.5189598e-01
  4.0243146e-01
 -3.7779331e-01
 -1.3584284e-01
  2.2119555e+00
  1.0210314e+00
  5.5488348e-01
  1.9267343e+00
 -1.3775135e+00
 -6.8058264e-01
 -4.2473432e-01
 -1.6534019e-01
 -2.3479815e+00
 -5.5755305e-01
  3.1217368e+00
 -2.1934912e+00
  2.0590514e-01
 -2.6811361e+00
 -1.0717472e+00
 -6.4317000e-01
 -2.3210809e+00
 -3.9782676e-01
  1.0139288e+00
 -4.1304073e-01
  8.6271805e-01
 -9.1514307e-01
 -1.2485944e+00
  1.2477635e+00
  5.9529859e-01
  3.5928607e+00
  6.0783625e-01
  7.2374314e-01
  5.4814869e-01
  1.3548254e+00
 -1.9016239e-01
  6.6185987e-01
  3.0980757e-01
  1.7875464e+00
  1.1853696e-01
  4.5883399e-01
 -3.0014735e-01
 -1.5549133e+00
  1.7747852e-01
 -4.2182016e+00
 -9.7135162e-01
  4.8521686e-01
  2.7648067e+00
 -2.6058459e-01
  2.6528800e+00
 -6.9272745e-01
  5.5414367e-01
 -1.5224379e+00
  1.0512662e+00
 -1.4736898e-01
 -2.0967765e+00
  1.3359371e+00
 -1.7587368e-01
 -6.3222971e+00
 -2.3704016e-01
  1.5527598e+00
  6.4590442e-01
 -7.3327965e-01
 -1.7327425e-01
  2.1996782e+00
  1.9697354e+00
  2.9257610e+00
  3.6742914e+00
 -4.9564785e-01
  5.2970678e-01
 -1.0741857e+00
  1.1115482e+00
  8.4715581e-01
 -2.8432512e+00
  1.8120221e+00
 -3.4369919e-01
  1.3255134e+00
  3.6332026e+00
 -1.0119532e+00
  1.0365187e+00
  1.3912508e-01
 -4.1145482e+00
 -1.1490337e+00
  1.9612653e+00
 -4.1707578e-01
 -1.4923335e+00
 -1.5164993e+00
  3.5554299e-01
  8.9828074e-01
  3.1804705e-01
  7.7183348e-01
 -1.1880343e+00
  2.0470238e+00
  9.5343012e-01
  1.6654546e+00
  3.9405181e+00
 -1.9778019e-01
  1.3246922e+00
 -1.5296078e-01
 -2.2598901e+00
 -5.1351625e-01
  3.5299239e-01
 -8.3442938e-01
  8.9302707e-01
 -5.2171993e-01
 -1.6613792e+00
 -7.1647090e-01
 -2.3699543e+00
  1.4193829e+00
 -3.8035338e+00
 -9.4252396e-01
  5.5797285e-01
 -1.3614622e+00
  9.4826901e-01
  2.0901868e-01
 -5.5414170e-01
  7.2948140e-01
  1.5878214e+00
 -3.0861142e-01
 -2.0860722e+00
 -1.4434955e+00
 -2.7748356e+00
  2.5861824e-01
 -4.2225641e-01
  2.8530538e-01
 -2.5269330e-01
  2.5284610e+00
 -1.2022520e-01
 -6.0696262e-01
  7.2524405e-01
  2.5797585e-01
 -5.7914293e-01
 -2.1388831e+00
  9.3399090e-01
  1.0445150e-01
 -4.3407241e-01
 -2.8947127e-01
  1.3933430e+00
 -6.1273068e-01
  3.2553422e-01
  3.2816228e-01
 -1.2787312e-01
 -2.7398953e-01
  7.1654582e-01
 -3.2413828e-01
 -2.4201736e-01
 -7.0956749e-01
 -9.8620927e-01
 -1.1019475e+00
 -9.1880572e-01
  1.4866999e-01
  1.2298582e+00
 -2.0929924e-01
  5.6061280e-01
  8.3861083e-01
  5.3497154e-01
  9.0775770e-01
 -2.0921178e+00
 -1.6823972e+00
 -2.6416528e-01
  4.4946146e-01
  5.7837617e-01
 -2.2691640e-01
 -3.6022726e-01
  3.8556883e-01
  2.0526192e+00
 -5.9123307e-01
 -2.2210841e-01
 -8.0056000e-01
  1.8982090e+00
 -3.4316981e+00
  4.4774655e-01
  1.4472625e-01
  1.5106534e+00
  1.6643480e+00
  1.5522934e+00
 -4.8278406e-01
 -1.1233906e-01
  4.9063304e-01
  3.0734903e-01
 -1.4514378e-01
 -3.4636641e+00
 -8.3772582e-01
 -5.7286352e-01
  1.5646214e+00
  1.5165420e+00
 -3.3418775e+00
  2.0354244e-01
  2.1105378e+00
  7.9381281e-01
  2.3882201e-01
 -9.6680892e-01
  1.6060333e+00
 -6.3413006e-01
 -1.2416841e+00
 -1.2360127e-01
 -2.4967003e+00
  1.1838256e+00
  1.0777442e+00
 -5.5863190e-01
  2.9293320e-01
  9.1422600e-01
 -9.4354010e-01
  2.0288989e-01
  3.6597779e-01
 -1.4358853e+00
  1.1723174e+00
  8.9529473e-01
  3.8162458e-01
  3.9599186e-01
  5.2264529e-01
 -7.7837932e-01
 -2.6792359e-01
  2.0083668e+00
  1.2977306e+00
  1.9932902e+00
  5.1312864e-01
  3.6532927e-01
 -1.2003086e-01
  1.1735146e+00
  1.5759007e+00
 -5.1057076e-01
  2.2475426e+00
 -1.4165553e+00
 -1.6402752e+00
 -1.4075226e+00
 -2.0293345e+00
  2.1340203e+00
  1.4639511e+00
  7.2699821e-01
  4.2987582e-01
  2.4933350e+00
 -1.0931064e-01
 -1.1960877e-01
  1.6389630e+00
 -4.9723566e-01
 -2.6351932e-01
 -1.2961591e+00
  1.7203692e+00
 -1.8765440e+00
 -1.8309459e-01
  2.3348546e-01
 -3.5303037e+00
  9.3859082e-01
  1.0891023e-01
 -1.1876687e+00
  8.5764456e-01
  5.9496486e-01
  1.0200433e+00
  9.1377527e-01
 -2.3953506e-01
  2.4120113e-01
  1.9619162e+00
  1.7821993e+00
 -1.1489681e+00
 -1.3266717e+00
 -1.0376658e+00
 -6.1349958e-01
 -2.4946496e-01
 -1.4004596e-01
  2.3649535e-01
  1.0745974e+00
  2.2530680e+00
 -2.2837021e+00
  1.7082581e-01
  1.0127261e+00
  2.7364177e-01
  1.2244076e-01
 -4.3849626e-01
  4.3615608e+00
  2.1736106e-01
  1.3179237e+00
 -2.7061498e-01
 -2.0135636e+00
 -3.6701512e-01
  6.9105422e-01
 -5.7809687e-01
 -7.6265609e-01
  1.6169946e+00
 -9.1975474e-01
  6.8236035e-01
 -1.7904882e+00
 -1.3895544e+00
  5.5211407e-01
  1.3930461e+00
  1.2752682e-01
 -4.5380449e-01
 -1.3228644e+00
  1.1289306e+00
  3.8393119e-01
 -1.6192607e+00
  5.1028556e-01
 -1.6831825e+00
 -5.6135434e-01
 -4.7854948e-01
  1.9138010e+00
  3.2484417e+00
 -4.0774295e-01
 -5.6255698e-01
 -8.2601368e-01
 -1.9234029e+00
  1.3514632e-01
 -1.5214293e+00
 -1.0844797e+00
 -7.8366429e-01
 -3.1750011e+00
  2.7955801e+00
 -4.1550592e-01
 -4.9730715e-01
  5.0594735e-01
  4.2275300e+00
 -3.0858440e+00
  8.3541572e-01
  2.9672554e-01
 -4.8489267e-01
 -1.4831507e+00
  2.3291701e-01
  1.3072349e+00
  2.2275555e+00
 -2.9080895e-01
  4.3148869e-01
 -3.6956933e-01
 -1.6526549e+00
 -2.0729473e+00
 -6.8861139e-01
 -2.3486838e+00
 -1.4610050e+00
  2.9066179e+00
 -7.8013682e-01
  1.4307586e+00
 -2.4676213e+00
 -1.8462200e-01
 -1.8746693e+00
  1.2577939e+00
 -1.0540501e+00
 -5.7539719e-01
 -6.0574490e-01
  6.4803541e-01
 -1.0292053e+00
  1.3073070e+00
  1.1103393e+00
 -1.2162565e+00
  1.1024013e+00
 -3.0869002e+00
  7.1566641e-01
 -3.8155270e+00
  6.1133075e-01
 -2.9102230e+00
 -9.6038097e-01
 -3.4829700e-01
  6.5588707e-01
 -5.4789352e-01
  8.2262635e-01
  1.0842879e+00
 -2.6112202e-01
  1.4916025e+00
  1.1969775e+00
  2.2097296e-01
 -4.1824183e-01
  2.0503147e+00
 -4.9859288e-01
 -2.7356103e-01
  1.2661873e+00
 -4.5878420e+00
 -8.4085125e-01
  3.6128242e+00
  1.4882529e+00
 -6.9606638e-01
  1.1603384e+00
  3.8582590e+00
  1.0275283e+00
  2.2421761e+00
 -4.6146110e-01
  1.1917386e+00
 -7.2918838e-01
  1.0677810e+00
 -6.9769388e-01
  3.9395413e-01
 -1.8051860e-01
  1.0018704e+00
  1.9744462e+00
  1.6628128e+00
 -3.4659514e-01
 -1.3595164e-01
 -1.7045237e+00
  1.6497802e+00
 -3.6380911e-01
 -1.1887355e+00
  6.9773364e-01
  4.7821230e-01
  8.2336473e-01
  2.1303515e+00
 -4.1593292e-01
  1.1506391e+00
  1.2488712e+00
  3.2711029e-01
  9.2271876e-01
 -2.9963067e-01
  2.1678858e+00
  1.3250178e+00
 -2.1866441e+00
  4.0618587e-01
  9.4104600e-01
  1.1676667e+00
  5.0305396e-01
  6.8251461e-01
 -1.4868159e+00
  3.0911484e-01
 -2.6075041e+00
  1.2359855e+00
 -1.3365158e+00
 -1.7090770e+00
 -7.5639558e-01
 -4.0898526e-01
 -1.2125300e-01
 -3.5522929e-01
  5.5237007e-01
  1.3183548e+00
 -1.1605670e+00
 -2.3681083e+00
  5.6253356e-01
  1.2040554e+00
  1.2795076e+00
  2.4350231e+00
 -2.7106991e-01
 -1.4664136e+00
  1.2118391e+00
  2.7818794e+00
 -1.4575680e+00
  1.7422973e-01
  9.2039979e-01
 -1.0009528e+00
 -1.3141640e+00
 -1.4306983e+00
 -4.7408611e-01
 -4.9262610e-01
  1.6371620e+00
  3.7856191e-01
  3.8628325e-01
  3.8518459e-01
 -2.3944643e-01
 -1.5920873e-01
  7.4364841e-01
 -3.7791106e-01
  7.2197574e-01
 -4.0150431e-01
 -7.7242440e-01
 -4.1236970e-01
  4.5884034e-01
 -1.3813126e-01
  1.4844745e+00
 -1.3899449e+00
  4.9342760e-01
  1.3823861e+00
  2.7979264e+00
 -9.2320746e-01
 -3.1875622e+00
 -1.2406381e+00
 -8.9310980e-01
 -5.3558344e-01
 -2.6644406e+00
 -3.7114662e-01
 -1.3112280e-01
 -2.9167428e+00
 -2.2350201e-01
  2.2563896e-01
  1.4223244e+00
 -7.6469016e-01
 -7.0346600e-01
 -9.0372276e-01
  2.3325558e+00
  3.5256760e+00
 -1.7498630e-01
  1.2182542e+00
 -1.2234980e+00
  2.0153376e-01
  1.7346306e-01
  5.7191700e-01
  5.3286948e+00
 -2.6871624e+00
  1.7751240e+00
 -4.9395695e-01
 -1.9720951e-01
  2.9928449e-01
 -7.3341143e-01
 -2.0924121e-01
  1.3390146e-01
 -1.0291156e-01
  7.8099030e-01
  1.3295666e+00
  9.4672698e-01
  2.3746228e-01
  5.7699245e-01
 -3.1488463e-01
 -1.9658955e+00
 -4.5918417e+00
  5.2585167e-01
 -2.0007282e-01
 -1.4515889e+00
  1.3586878e+00
  1.8087524e+00
  1.5635014e+00
 -2.5157614e+00
 -9.1881877e-01
 -5.7716238e-01
  7.8555661e-01
  7.9397815e-01
 -1.1751102e-01
  9.8274732e-01
  6.7117369e-01
 -4.6438754e-01
 -1.1861743e-01
  3.3348386e+00
  1.0161421e+00
  4.7961670e-01
  1.1830934e-01
  5.7103580e-01
 -1.9811845e-01
  5.1020277e-01
 -2.4142249e+00
  4.6082616e+00
  5.3994989e-01
  2.7853411e-01
 -2.0315914e+00
  1.3088840e+00
 -4.2570099e-01
  2.5247616e-01
  1.2652071e+00
  1.4810439e+00
 -4.0587258e-01
 -1.2048287e-01
 -1.8852158e+00
 -3.5108596e-01
  1.2453871e+00
  3.9966580e-01
 -9.7057307e-01
 -1.9443609e+00
  6.2599182e-01
 -3.0458981e-01
 -6.8315321e-01
 -3.0418916e+00
 -1.1229107e+00
  1.2903576e+00
 -4.1388851e-01
 -7.9002476e-01
 -6.9444013e-01
 -1.6225930e+00
  1.4749771e+00
 -4.5837355e-01
  1.3741592e+00
 -1.6374198e+00
 -2.3839514e+00
  8.6354792e-01
 -1.7564398e+00
  1.3077381e-01
 -1.4737060e+00
 -2.4119148e+00
  1.3457402e+00
 -3.7227842e-01
 -1.1424320e+00
  4.7635922e-01
 -1.4181845e-01
 -5.3509295e-01
  3.6012697e-01
 -7.8159034e-01
  3.4187356e-01
 -1.1381694e+00
 -6.2868285e-01
 -4.6653092e-01
  9.2631555e-01
  7.3268276e-01
 -2.8779656e-01
  4.3538254e-01
  4.2960382e-01
 -1.0957787e+00
 -2.4126570e+00
  2.3772912e+00
  6.5881115e-01
 -1.0937215e+00
  1.4298284e+00
  5.6499016e-01
 -1.7501864e-01
  1.1131409e-01
 -1.1609147e-01
  8.8497049e-01
  1.1884404e+00
 -1.3980851e-01
  1.6334515e+00
  1.3155968e+00
  3.2333583e-01
  2.7630630e-01
 -1.3905314e-01
 -1.0174268e-01
 -1.3977200e+00
 -1.1640148e+00
  8.4584105e-01
  5.2320665e-01
  4.4028693e-01
 -1.2803645e+00
  8.3577299e-01
  1.6248372e-01
 -1.4590314e-01
 -1.2886913e+00
 -1.9962654e+00
  1.1373619e+00
 -2.1877193e-01
  1.8605849e+00
  2.0415404e-01
 -3.4376654e-01
 -8.0689991e-01
 -5.2522898e-01
  2.0991638e+00
  1.4920461e-01
  3.6382391e+00
  6.7800599e-01
  5.1790613e-01
 -2.5756874e+00
  3.8826329e-01
 -1.6097199e+00
  7.7547103e-01
  1.4708494e+00
  1.7997645e+00
  3.7413821e+00
  2.4263711e+00
  1.2535770e+00
  2.2184515e-01
 -4.9816629e-01
 -9.6723032e-01
  5.6853592e-01
  4.1440854e+00
  1.7525250e+00
  7.6340550e-01
  6.2039655e-01
 -2.0189345e-01
  3.9676049e-01
 -4.3183270e-01
 -1.6387472e+00
 -2.3878863e+00
 -4.0234378e-01
  2.8666420e+00
 -4.3912563e-01
 -7.0196187e-01
 -1.2834235e-01
  5.2034569e-01
 -2.1539223e-01
  4.8222899e-01
 -3.3771673e-01
  1.0935431e+00
  2.7129805e-01
  2.4182937e+00
  2.9908369e+00
 -2.6016402e-01
 -6.8166739e-01
 -3.3914009e-01
 -3.5248739e-01
 -2.5900395e+00
 -7.8827673e-01
 -1.1667353e+00
 -1.7382318e-01
  3.1039038e-01
  4.9284077e-01
 -2.4526024e+00
  8.9387691e-01
  1.1032784e+00
  5.1788819e-01
  3.5219386e+00
  1.6097128e+00
 -4.3131861e-01
 -1.7533830e+00
 -1.2555771e-01
  9.0600795e-01
 -2.0363219e+00
  4.6032193e-01
 -9.5526892e-01
  1.0461111e+00
  5.2785146e-01
  3.0183464e-01
  1.4510131e+00
 -1.8342035e-01
 -6.1429185e-01
 -7.5497425e-01
  4.2154551e+00
  2.1203992e+00
 -1.5554109e-01
 -1.4869669e-01
 -8.8057590e-01
  2.5944324e+00
 -8.4663343e-01
  2.2076328e+00
 -5.5454642e-01
 -2.1166530e+00
 -7.1238393e-01
  8.9609617e-01
 -2.4518948e+00
 -1.8078007e+00
  1.2685548e+00
  2.3522725e+00
  2.9006106e-01
 -1.7976806e-01
 -2.7991906e-01
 -1.7166252e-01
 -7.5956994e-01
  9.1837221e-01
 -5.8554924e-01
  8.7400204e-01
 -9.8019999e-01
  2.0902655e+00
 -1.4030415e+00
  8.3306700e-01
  4.8938724e-01
 -1.3247457e+00
 -4.3745375e+00
 -2.4200327e+00
  5.4163045e-01
  7.8188288e-01
 -5.0806034e-01
  8.2521814e-01
  7.6569945e-01
  3.3576545e-01
 -1.2763071e-01
 -2.2217169e+00
  4.0520781e-01
 -1.9074776e+00
  1.6760564e+00
  2.2800469e-01
  3.7677053e-01
 -3.7063026e-01
  3.0633214e+00
  3.1776583e+00
  3.2609506e+00
  3.2236962e+00
  7.8959578e-01
 -1.3301146e+00
  1.5021862e+00
  3.4409618e+00
  1.3469745e+00
  5.4004807e+00
  4.6031475e+00
  7.8953511e-01
  3.7479081e+00
  1.9292313e-01
  2.4656456e+00
 -4.8458967e-01
  2.1329755e-01
 -3.0062380e+00
 -1.2465330e+00
 -1.0687218e+00
  1.4913501e+00
  2.6125789e+00
  6.1993814e-01
  4.9301380e-01
  4.0680638e-01
  2.0871222e+00
  4.1709337e-01
 -7.6543117e-01
  7.0878017e-01
  1.9206768e+00
  1.6588899e+00
 -5.9916013e-01
 -9.5789093e-01
 -4.4844171e-01
  1.9415770e+00
 -4.3897304e-01
  5.4849243e-01
 -2.0601663e-01
  2.1940429e+00
  1.3335667e+00
 -1.4262780e+00
  1.0172733e+00
 -1.7422438e-01
 -4.7140956e-01
  5.0643939e-01
  7.8831410e-01
 -2.8216034e-01
  6.1496091e-01
  1.9547935e-01
  3.9795074e-01
  1.2761819e-01
  8.0630141e-01
  6.6060537e-01
  1.0186481e+00
 -2.4752337e-01
 -8.6030638e-01
 -1.0352920e+00
  2.2930229e+00
 -2.0235488e+00
  6.6917682e-01
 -1.0113152e+00
  5.3124160e-01
 -4.3210459e-01
  1.2850870e-01
 -5.2100211e-01
 -2.4840650e-01
 -3.7639350e-01
 -3.7084544e-01
  2.3068929e-01
 -3.7431392e-01
 -1.2260718e+00
 -1.7728317e-01
  1.1348519e+00
  1.3676986e-01
  1.3737849e+00
  2.7085209e+00
 -1.2011062e+00
  7.4489671e-01
 -7.8891110e-01
 -1.5540760e+00
  1.8241292e+00
 -5.5095279e-01
  2.6413283e+00
  1.2490525e-01
  1.0373019e+00
 -2.3036284e+00
 -3.5043509e+00
  4.8935518e-01
 -5.2867609e-01
 -7.8502691e-01
  1.5556892e+00
 -1.3270208e+00
 -1.3141251e+00
 -3.7306634e-01
 -2.1666351e-01
 -2.1718147e-01
 -1.0309895e+00
  2.1232181e+00
 -4.2055520e-01
 -1.6012497e+00
 -4.1407427e-01
 -4.7061732e-01
 -8.7117726e-01
  3.5967109e-01
 -1.3007863e+00
 -7.5156820e-01
  2.0782372e-01
 -1.0064055e+00
 -3.8268086e-01
 -1.1514672e+00
 -8.1213397e-01
  5.0662726e-01
  7.8605503e-01
  4.8775849e+00
 -8.8502556e-01
  2.0881133e+00
  3.7577591e+00
 -2.5397575e+00
  1.8541610e+00
  3.8824210e-01
 -1.1363186e-01
  2.3859599e-01
 -6.9503909e-01
 -2.1261141e-01
 -1.2536774e+00
  2.0628657e+00
  1.6947118e+00
 -9.0020394e-01
 -1.9292450e+00
  2.3824878e+00
  3.3978605e-01
 -7.0691401e-01
 -2.3891279e-01
 -1.9052764e+00
  2.9812068e-01
 -7.9757792e-01
 -1.5368788e+00
 -1.9575386e+00
 -4.2875996e-01
 -1.0304244e-01
 -2.6805294e+00
  8.2728982e-01
 -2.3803201e+00
  5.1033443e-01
  1.1171415e+00
  1.0741520e-01
  8.5473090e-01
 -3.6916888e-01
  3.8357008e-01
  3.1304393e+00
  4.0479127e-01
  1.4653242e-01
 -2.2682683e+00
  3.5102029e+00
  1.2902545e+00
 -3.0378041e-01
 -1.5556128e+00
  3.1090847e-01
  1.6566205e-01
 -1.0951759e+00
  5.0586599e-01
 -6.8778723e-01
  2.6060551e-01
 -6.7470443e-01
 -1.7749317e+00
 -1.2100586e+00
  1.1202024e+00
 -1.5442437e+00
 -3.2324965e+00
  1.0370196e+00
 -9.3288243e-01
 -1.5194708e+00
  6.2131333e-01
  1.8493556e+00
 -2.8512365e-01
 -4.1900912e-01
 -2.6566536e+00
  2.9482666e-01
  1.1369315e-01
 -1.7610095e+00
  4.9959967e-01
  5.9634465e-01
  1.6208464e+00
  3.0690461e-01
  2.9300413e+00
  4.4900513e-01
 -1.5835212e+00
 -3.4606841e+00
  1.7418699e+00
 -8.5446364e-01
 -5.0029957e-01
 -1.0650439e+00
  7.2753912e-01
 -1.7851677e+00
  1.0151366e+00
 -1.1592937e-01
 -5.2625269e-01
 -2.6297433e+00
 -3.3200634e-01
 -5.2010667e-01
  4.1273789e+00
  2.8580883e-01
  5.8157146e-01
 -8.2274234e-01
 -5.1772171e-01
  1.3344487e+00
  4.0467820e-01
  1.2453628e+00
 -1.6600628e+00
  2.0596851e-01
 -1.7279967e+00
  3.9638945e-01
 -4.1156068e-01
 -1.5985491e+00
 -9.1833651e-01
  1.5922365e+00
  2.5817981e+00
 -4.1221175e-01
  1.6448637e+00
  2.4429331e+00
 -1.4597739e+00
  1.7760298e+00
 -1.8023000e+00
  7.4787915e-01
 -8.6276269e-01
 -4.5404494e-01
 -1.3218908e+00
  2.3744687e-01
 -1.6718749e+00
 -2.6633120e+00
 -7.3161173e-01
 -1.2775846e+00
  8.1898117e-01
 -9.4289732e-01
 -2.2688389e-01
 -1.0472269e+00
  7.3627013e-01
  9.1843611e-01
 -1.0961980e+00
  3.8377333e-01
  4.6454793e-01
 -9.6568573e-01
 -1.2754523e+00
  1.7499388e+00
 -1.8151449e+00
  1.8512022e+00
 -1.2364449e-01
 -9.4535226e-01
  7.2906250e-01
  2.8834876e-01
  2.6381490e-01
 -2.0959678e+00
 -2.2573888e+00
  3.1046660e+00
 -1.0310002e-01
 -4.6111298e-01
  1.8289496e+00
  1.5751753e+00
  1.9464641e+00
  2.7762239e+00
  1.4431148e+00
 -5.9099311e-01
  1.9807577e-01
  2.8676674e-01
 -3.4805059e-01
  2.6483944e-01
 -7.5688207e-01
 -2.5921345e+00
  7.1823442e-01
  7.6113665e-01
  1.6493949e-01
  3.4095049e+00
  1.8199706e-01
  1.2588847e-01
 -2.8808806e+00
 -9.7928959e-01
  1.0387694e+00
 -1.6446496e+00
 -1.4838858e+00
  7.8241372e-01
 -4.4521651e-01
 -7.9637623e-01
  6.7669815e-01
 -1.4211606e+00
 -2.4000683e+00
  1.6119182e-01
  1.1953104e-01
 -1.2055403e+00
 -3.4041446e-01
  1.5183809e-01
 -5.1894915e-01
  2.7382782e+00
  1.6250702e+00
  2.6285899e-01
 -1.4449275e+00
 -7.4171174e-01
 -2.0134339e+00
  3.0213276e-01
 -7.0054710e-01
  5.5716139e-01
 -3.1484208e+00
  1.2483590e+00
 -1.5618367e+00
 -1.5551200e+00
 -1.3852485e+00
 -1.1305984e+00
  2.7029994e-01
 -4.0421632e-01
 -4.8473608e-01
  1.9163735e+00
 -2.5036752e+00
  1.1186717e-01
 -3.4725504e+00
 -1.8774113e-01
  3.0109638e-01
 -4.2482385e-01
 -5.9250158e-01
 -5.7077426e-01
  8.5802400e-01
  1.0048784e+00
  2.7609453e+00
 -1.3849115e-01
  2.7474494e+00
  1.4912699e+00
 -1.8039278e+00
  3.5908885e+00
  3.3986878e+00
  1.0670273e+00
 -5.1620442e-01
 -2.1895504e+00
 -9.5607406e-01
  2.8674456e-01
  6.5069717e-01
  2.8012234e-01
  2.3565359e+00
  1.8289087e+00
 -3.0186951e+00
  8.6470377e-01
 -1.1973256e+00
  7.1655452e-01
  1.2284194e+00
 -1.5838834e+00
  1.4890051e+00
 -2.7955823e+00
  1.8279228e+00
  3.1917677e+00
 -1.4444266e-01
 -9.3925470e-01
  1.6314257e+00
 -2.6888457e-01
 -2.1626501e+00
 -6.8020344e-01
 -2.0623326e+00
 -1.0391612e+00
  1.5643393e+00
 -1.1912272e+00
  2.1271648e+00
  1.2290020e+00
  2.4064789e+00
 -7.2132653e-01
  1.4277318e-01
  1.2679232e+00
 -2.7306235e-01
  4.4544235e-01
  4.0123625e+00
 -6.7193246e-01
  3.7675160e-01
 -4.9723151e-01
  1.5633906e+00
  5.3956157e-01
  1.1715671e+00
 -2.3305597e+00
  1.5623054e-01
 -2.5489178e+00
  4.9255192e-01
 -1.2839109e-01
 -4.0180993e-01
  3.4212711e-01
 -2.4482577e+00
 -1.5012254e+00
  2.2955778e-01
  1.9933595e-01
 -5.6095493e-01
 -2.2838762e+00
 -7.3891479e-01
 -2.2927775e+00
 -7.6486099e-01
  5.7589924e-01
  1.1153103e+00
  3.3433312e-01
 -2.5765049e-01
  4.1413641e-01
 -4.5368263e-01
 -1.2035385e+00
 -3.8615355e-01
  1.0699325e+00
  5.2642035e-01
  1.1034892e+00
  3.8418944e+00
  5.1377106e-01
  1.0595458e+00
  1.7677958e+00
  3.4780896e-01
 -3.1532636e-01
 -1.0385623e+00
 -1.8510442e+00
 -1.1306499e+00
  1.5103859e+00
  1.0939609e+00
 -2.2355402e-01
 -8.8311327e-01
 -2.2894770e-01
 -4.6206987e-01
 -9.5060229e-01
 -1.2128766e+00
 -2.7454391e+00
 -1.6233164e+00
  2.5369725e+00
  3.2575199e-01
  4.4215634e-01
  2.7324176e-01
  2.4714329e+00
 -6.9764805e-01
  1.0449173e+00
  4.1851237e-01
  6.3749456e-01
  2.6059752e+00
 -1.2743117e+00
  2.1697137e-01
  2.7398917e-01
  2.0589346e-01
  2.8278584e+00
  1.5608893e-01
 -1.8297312e+00
 -2.5785301e+00
 -1.1586773e+00
 -1.3578705e-01
 -1.9536800e+00
 -1.3150717e+00
  3.8454390e-01
  8.1204331e-01
  1.2238171e+00
 -1.4265127e+00
  5.0072932e-01
 -3.4636697e-01
  1.4979552e+00
  1.4136605e+00
 -1.1547288e+00
 -1.9176826e+00
  1.3886698e+00
 -4.4178848e+00
  2.1764812e+00
 -3.0148348e-01
 -1.2857294e+00
 -4.5333293e-01
 -1.9821621e+00
 -1.0663664e+00
  4.1654146e-01
 -1.2760693e+00
 -2.1454012e-01
  2.8607661e-01
  2.5592310e+00
  7.0347285e-01
 -1.7633975e+00
  1.7520252e+00
  2.5331116e-01
 -9.8395741e-01
  7.9167789e-01
 -5.8514726e-01
  9.7780210e-01
  7.8569371e-01
 -1.3630044e-01
 -1.5877339e-01
 -1.5799700e+00
  7.7850640e-01
  4.6824214e-01
 -3.2845333e-01
 -1.8902073e+00
 -7.6476449e-01
  9.9214870e-01
  9.5484984e-01
 -1.1490880e+00
 -4.8747626e-01
 -1.7807516e-01
 -1.8552381e+00
  1.7079282e+00
  4.3839398e-01
  4.1494629e-01
 -5.8698469e-01
  1.3178450e+00
  5.4058015e-01
  9.7586715e-01
 -6.5693748e-01
  1.3915919e+00
 -1.1751946e+00
 -1.4636189e+00
 -4.1711232e-01
 -2.4297869e+00
 -2.5712552e+00
  1.2196972e+00
 -1.8228866e-01
 -3.7503982e-01
  1.7623943e+00
  1.0122451e+00
  1.2456104e+00
  3.8183263e-01
  2.1202979e+00
  1.5813690e+00
  3.1756208e+00
  1.8084384e+00
  7.4677110e-01
 -1.2604498e+00
  9.8214948e-01
 -1.6405307e+00
 -1.2084229e+00
 -1.8381191e+00
  8.0744648e-01
 -3.3976603e-01
  1.3166245e+00
  7.0235270e-01
 -1.4067519e+00
  2.1392016e+00
  2.1009245e+00
  6.9335693e-01
  3.0212493e+00
 -7.4319553e-01
 -6.9308114e-01
  1.5024276e+00
 -1.6687734e+00
 -1.1639339e+00
 -3.0028298e-01
  1.0294950e+00
 -1.2703115e+00
 -6.2357277e-01
 -1.0331026e-01
  1.3497055e+00
  3.2028728e+00
  1.8490154e-01
  4.5007032e-01
 -1.0990865e+00
 -1.0769194e+00
  1.2251946e+00
  3.0063188e+00
 -1.8339874e+00
 -1.6370012e+00
 -4.0778986e-01
  1.1631297e+00
  2.8504336e-01
  2.5275385e-01
 -1.0695728e+00
  3.1617120e-01
  6.8371367e-01
 -3.2257242e+00
 -3.6680937e+00
 -6.7338693e-01
  4.7829288e-01
 -4.8426992e-01
  6.9489884e-01
 -9.7814560e-01
 -1.4799501e+00
 -9.7864455e-01
  7.1109611e-01
  5.2699008e+00
  1.3055747e+00
  1.7033800e-01
  2.3138779e-01
 -6.7134547e-01
  3.0860400e-01
 -1.5091488e+00
  1.4834293e+00
 -6.8673450e-01
  7.4528646e-01
 -6.8161649e-01
 -1.4296381e-01
  5.6002313e-01
 -3.7166724e-01
 -4.7417092e-01
  4.2595210e+00
  4.7395992e+00
  4.4754920e+00
  5.7091868e-01
 -8.0863106e-01
  2.0414019e+00
  2.6394999e+00
  3.7972152e-01
  1.9770267e+00
  5.1710814e-01
  5.3147501e-01
  1.0612681e+00
 -6.0601342e-01
 -7.4053395e-01
 -1.6847366e-01
 -1.4137672e+00
  6.0520238e-01
 -1.2832676e+00
 -1.1039749e+00
  1.5886734e+00
  1.1941469e+00
  1.7791773e+00
  6.8416101e-01
  3.3484623e-01
  3.2586437e-01
  1.4561543e+00
 -7.5530833e-01
 -1.6326633e-01
  2.6460278e-01
 -1.1531574e-01
 -1.7651054e+00
 -1.5771537e-01
  1.4988499e+00
 -2.9033563e-01
  1.5882740e+00
 -1.1242117e+00
  1.7176864e+00
  1.3915180e+00
  1.8426642e+00
 -2.3554599e-01
  5.6271505e-01
 -1.7118898e-01
 -2.7728856e-01
 -6.8499142e-01
 -1.6823862e+00
 -5.9223425e-01
  3.8188605e+00
 -1.4476861e-01
 -1.0011247e+00
  2.6113117e+00
  4.7030383e-01
  1.7741203e+00
  2.4832323e+00
 -3.8325343e+00
 -4.8604181e-01
  2.7265770e+00
 -1.3026102e+00
 -6.0232520e-01
  2.3534303e+00
  1.7048225e+00
  7.5727588e-01
 -1.0073198e+00
  7.2753274e-01
  2.0060651e+00
  2.4043500e+00
 -1.8903805e+00
 -4.6843055e-01
 -1.1498455e+00
  1.2897522e+00
 -1.8933132e-01
  2.2494266e+00
  1.2078424e+00
  6.7575514e-01
 -1.6674893e+00
  1.0267934e+00
 -1.8403867e-01
  5.2849233e-01
  1.9137779e+00
  2.3395100e+00
 -5.3181082e-01
  8.1315982e-01
 -1.5715064e+00
 -2.6021464e+00
 -1.4430969e+00
  2.3037407e+00
  1.5207380e+00
  5.6128472e-01
  3.2038501e-01
 -1.4160004e+00
 -5.2236760e-01
 -2.5770906e-01
 -9.4272399e-01
 -3.4337111e+00
  1.6870511e+00
  2.0937562e-01
 -7.7003169e-01
 -9.6754175e-01
  2.0926335e+00
 -2.2518396e+00
 -7.1218628e-01
 -1.3820821e+00
 -2.8730254e+00
  1.6512703e+00
  3.7757927e-01
 -1.9629415e+00
  4.3592677e-01
  1.4705724e+00
 -2.8203108e+00
 -7.3286921e-01
 -2.5697391e+00
 -3.7656412e+00
  7.1317744e-01
  2.5675127e-01
  5.2313614e-01
 -3.3888349e-01
  1.1352765e-01
  7.1344757e-01
  2.0557752e+00
  1.1223266e+00
  4.8327407e-01
  1.3524318e+00
 -1.7364199e+00
  1.0780256e+00
  1.1767591e+00
  4.4174996e-01
  3.2829615e-01
 -7.2381097e-01
  3.9822059e+00
  2.3315328e-01
 -2.5499508e+00
  2.3883517e+00
  8.6743462e-01
 -7.5170541e-01
  2.5539870e+00
 -1.2612246e+00
 -4.9267450e-01
  2.0631237e+00
  1.9858899e+00
 -9.6528506e-01
  1.8918799e-01
  1.4460243e+00
 -2.0562837e+00
 -2.4772504e-01
  4.2166275e-01
  1.5436534e+00
  6.8699390e-01
 -2.8428668e-01
  2.8705068e+00
  1.2806533e-01
 -9.8866683e-01
  1.3608560e-01
  8.6393404e-01
 -1.4613441e-01
 -3.4952778e-01
 -4.5081902e-01
  4.8149109e-01
 -1.7012266e+00
 -3.7775698e+00
  1.8038061e+00
  1.4970192e-01
 -2.6891670e+00
  1.7372229e+00
  8.0195308e-01
 -2.7359459e+00
  6.9722921e-01
 -4.0584844e-01
  1.0540290e+00
 -1.4131594e+00
  2.2131357e+00
  2.5957251e+00
  2.2421892e+00
 -8.7900692e-01
 -2.8599632e-01
 -6.9834846e-01
 -1.5177044e+00
  8.5864896e-01
  2.1676335e-01
  2.8511128e-01
 -1.3405350e+00
  9.0423781e-01
 -1.0471956e-01
  2.0007522e+00
  1.1213408e+00
  1.8860602e-01
 -1.6957978e+00
 -8.8004375e-01
  4.9805479e+00
  2.5708890e-01
  3.3338672e-01
 -2.9108930e-01
 -4.8678356e-01
  4.7619975e-01
  6.4395058e-01
 -8.3281845e-01
  2.3405957e+00
  4.0397879e-01
  6.4699429e-01
 -4.0273899e-01
 -3.5441795e-01
  2.5872695e-01
  3.6653432e-01
  1.3430110e+00
  1.5177835e+00
  6.6680419e-01
 -2.7816114e-01
  2.6570246e+00
 -1.4995171e+00
  7.3087806e-01
 -5.6297702e-01
  4.2234883e-01
 -1.2196152e-01
 -1.8392897e-01
  6.4728367e-01
 -1.8318398e+00
 -5.3157151e-01
  1.8972389e+00
 -2.8478131e-01
  3.2168868e-01
  1.3229146e+00
 -9.7331655e-01
  1.6117918e-01
 -9.0440482e-01
 -1.5268315e+00
 -3.1021792e-01
  1.2734126e+00
 -7.9533154e-01
 -6.6515052e-01
 -4.0238124e-01
  1.3106420e+00
  1.2645199e+00
  3.2064864e-01
  1.2784073e+00
 -1.2534729e+00
  1.0345439e+00
  1.6992464e+00
 -3.3604774e-01
  1.1780756e+00
  1.3332585e+00
  4.7807011e-01
  1.1160444e-01
 -2.8239832e+00
 -1.1664151e+00
 -1.0135121e+00
 -9.1870505e-01
 -2.6582234e+00
  7.5554681e-01
  7.9854536e-01
 -2.2488102e-01
  3.6090234e-01
 -4.6338937e-01
  1.1357449e+00
 -2.8139663e+00
  6.5458590e-01
 -5.9393072e-01
 -2.1396153e+00
 -1.2542453e-01
 -2.0111058e+00
  2.4402708e-01
 -2.3567221e+00
  8.3972174e-01
 -2.2635880e+00
  1.3677396e+00
 -2.0737118e-01
  7.1455431e-01
  1.5717952e+00
  5.1199728e-01
 -1.4315432e+00
  3.0563035e+00
  4.1830385e-01
  1.8613894e+00
  2.0487454e+00
  2.7602923e-01
  9.8954475e-01
 -1.4820265e+00
 -2.1306467e+00
 -7.1631098e-01
 -2.5872651e-01
  9.5907724e-01
 -7.4854112e-01
  7.7991712e-01
  1.5536314e+00
  3.3588353e-01
 -1.0003818e+00
  8.4416366e-01
  9.5241535e-01
  6.5242338e-01
 -7.8418905e-01
 -9.2346025e-01
  6.3245100e-01
 -1.8032733e-01
 -1.8424091e+00
 -7.7044415e-01
  3.1474194e-01
 -1.9491613e-01
  2.8491876e-01
  3.6199972e-01
  1.0448964e+00
  1.6331420e+00
 -7.5065202e-01
 -2.0719621e-01
 -5.2819222e-01
  2.4219224e-01
  1.1837796e+00
 -7.4181765e-01
 -1.5203757e+00
 -1.9727513e+00
  8.9283288e-01
 -5.9429532e-01
 -1.3074940e-01
  1.4540285e+00
  2.4212198e+00
  3.2242100e+00
 -3.4315172e-01
  2.7529660e-01
 -2.2098681e-01
  3.1990776e+00
 -1.3187212e+00
  7.0066673e-01
  4.2979872e-01
  2.9160733e+00
  1.1880087e-01
  1.0161761e+00
 -8.7888062e-01
  3.5669370e+00
  1.2616639e+00
 -1.7687452e-01
  5.7362199e-01
 -2.0004922e-01
 -5.5717409e-01
 -1.3999624e+00
  7.8100622e-01
 -1.4479607e+00
  1.3441455e+00
  1.5723604e+00
  7.2422957e-01
  1.1535581e+00
 -6.0765553e-01
 -5.6188297e-01
  1.3259841e+00
  8.5836583e-01
 -1.9701077e+00
  2.3945665e-01
 -2.8281553e+00
 -3.4151474e-01
  3.5452926e-01
 -7.9735458e-01
  1.2794315e+00
 -1.8318120e-01
  1.0755637e+00
 -3.4894032e+00
 -3.2225540e+00
  9.1660631e-01
  1.5130237e+00
 -1.5977113e+00
 -3.0874905e-01
 -1.2851158e+00
  5.1396197e-01
  3.7320346e-01
 -1.9170696e+00
  2.2164854e-01
 -3.3877063e+00
 -2.5517135e+00
 -5.8462137e-01
 -7.0310611e-01
  5.2202320e-01
  2.6470083e-01
  9.9195814e-01
  6.6696364e-01
 -7.2180849e-01
 -4.7223413e-01
 -1.2292065e-01
 -9.0251815e-01
 -2.2879303e+00
 -1.4465582e+00
  1.0482092e-01
 -6.9631588e-01
 -3.0922534e+00
  1.7638817e+00
 -5.7010746e-01
 -1.4825858e+00
  1.0796990e+00
  4.7776523e-01
 -6.1000305e-01
  1.6978931e+00
  2.0268452e+00
 -2.3506778e-01
 -1.6263769e+00
 -7.8003806e-01
  1.0543991e-01
  2.5633256e+00
  2.0253460e-01
  4.8229587e-01
  6.2968439e-01
 -6.9855642e-01
  4.3073237e-01
 -2.1119244e+00
  1.4092858e+00
  1.9615921e-01
 -1.5020580e+00
 -2.2572911e+00
  1.5555797e+00
  1.9269148e+00
  3.5757501e+00
 -1.6049478e+00
  1.7858001e+00
 -1.3045483e+00
 -8.7811077e-01
 -3.4568948e-01
 -1.4135483e-01
 -4.4728661e-01
 -1.3597910e+00
  1.8236032e-01
  8.2055652e-01
 -5.4874974e-01
  2.3784643e-01
  4.1653337e+00
 -7.6206285e-01
 -1.4229485e+00
  2.7110976e-01
 -1.2211524e-01
 -2.4892017e-01
 -4.8997754e-01
 -6.3134176e-01
  4.1129422e-01
  4.4709700e-01
 -1.3255817e-01
  1.3682414e+00
  2.6510069e+00
  1.9297289e+00
 -4.5377879e+00
 -6.1882049e-01
 -1.1470743e+00
  6.9358540e-01
 -1.2974960e+00
  4.1542664e-01
  4.9173304e-01
  3.7959230e-01
 -4.5446256e-01
  1.8463944e+00
  1.2830975e+00
 -5.0161165e-01
  1.7071023e+00
  1.2465764e+00
 -5.4545349e-01
 -2.3683734e+00
 -4.0629539e-01
 -6.7460257e-01
 -8.9861876e-01
 -2.3922977e-01
 -1.4682599e+00
  3.0969026e+00
 -7.9554492e-01
  1.1310239e+00
 -1.9146240e-01
  4.8422304e-01
  1.2499201e+00
  1.8991658e-01
 -2.3071599e+00
 -8.1779057e-01
 -3.9299396e-01
  3.2438383e+00
  1.8435924e+00
  1.0511255e+00
  2.1260269e+00
  1.3363183e+00
 -1.2644707e+00
  2.4227355e+00
 -1.1018924e-01
 -1.2339969e+00
  4.8635471e-01
 -1.2296064e+00
  1.5395484e+00
 -1.7276722e+00
 -1.8706608e-01
  1.5797057e+00
  8.2767326e-01
  3.2332253e+00
 -1.8562284e-01
  2.3536396e+00
  2.8709853e+00
 -2.1388665e-01
 -1.0647527e-01
 -1.3180352e+00
 -1.3929271e+00
  1.8454993e+00
 -1.4858286e+00
  3.5190725e+00
  5.7045913e-01
  1.8928132e+00
 -4.4573185e-01
 -1.3715230e+00
 -1.9887712e+00
 -5.2635348e-01
 -1.0956637e+00
  1.2304521e+00
 -4.8065272e-01
 -1.6210425e+00
 -1.4500365e-01
  1.8446126e+00
  3.1969559e-01
 -1.8092707e-01
  3.1659713e-01
  2.4748635e+00
  9.9354702e-01
 -1.2823349e+00
  6.3413525e-01
  6.6112417e-01
  2.1048361e-01
  7.1802229e-01
  3.5765356e-01
 -2.7066176e+00
 -3.7828913e+00
 -5.3298169e-01
  1.3346212e+00
  1.5804526e+00
 -2.0685484e+00
 -8.2461935e-01
 -6.3423127e-01
  3.6810073e-01
  5.0370002e-01
  1.1061674e+00
  6.8812072e-01
  1.9162573e+00
  1.5665242e-01
  1.0118631e+00
 -2.3179343e+00
  2.8194554e+00
  3.9689210e-01
  1.5330234e-01
 -1.8506097e+00
  1.7379596e+00
  1.5636094e-01
 -3.6632428e-01
  1.2977692e-01
 -2.6303830e+00
 -5.6739199e-01
  5.2017254e-01
 -1.9380699e+00
  1.6581706e+00
  1.5052813e+00
 -1.8471828e+00
 -9.1714871e-01
 -1.5402226e-01
 -2.0680141e+00
 -7.8227973e-01
  1.0137579e+00
  5.2314293e-01
  1.4994515e+00
  2.8891385e+00
 -2.0969114e-01
 -9.5961750e-01
  7.9945135e-01
 -1.1321384e+00
  1.2258400e+00
  2.9307454e+00
  2.1007642e-01
 -9.1644347e-01
 -1.5938790e+00
  4.8397410e-01
 -2.6235196e-01
  2.5167100e+00
 -1.1484705e+00
 -9.6605748e-01
 -2.0017986e+00
 -7.8398520e-01
  5.6720036e-01
 -1.6461529e-01
 -5.8386099e-01
  2.5897565e+00
  5.5756074e-01
  1.1676775e-01
  1.4538349e+00
 -1.1077142e+00
  1.5228041e-01
  7.3612583e-01
  1.1116670e+00
  5.5529803e-01
 -6.7946649e-01
 -1.1338719e+00
 -2.0729789e-01
  5.4658169e-01
  1.2669154e+00
 -3.3343992e-01
  3.9061635e+00
  6.2190688e-01
  1.0354379e+00
 -4.3615374e-01
  2.2943208e+00
 -3.0682057e-01
 -7.0143133e-01
  1.5609798e+00
  1.6648639e+00
  2.2573333e+00
 -4.5907122e-01
  6.9340605e-01
 -1.1000246e+00
 -2.6391000e-01
 -2.9378042e-01
 -5.7519490e-01
  3.5319290e+00
  7.7911860e-01
  3.2279146e+00
 -3.5795149e-01
  4.5235887e-01
  4.2394617e-01
  1.2519330e+00
  1.6715235e+00
 -2.4272106e+00
 -1.4548886e+00
 -4.9129252e+00
  1.2910354e+00
 -7.8071624e-01
  1.5495242e+00
  1.8782024e+00
 -1.6533796e+00
 -2.3019321e+00
 -2.7956545e-01
 -5.1960152e-01
 -5.1565570e-01
  1.3851241e+00
 -1.1413091e+00
 -5.0876397e-01
  4.3061745e-01
 -3.6009202e+00
 -9.9964154e-01
 -1.7065082e+00
 -5.9472895e-01
 -2.2158676e-01
  4.3012002e-01
 -2.8059781e-01
  3.7795979e-01
  8.3044493e-01
 -1.2043719e+00
 -3.5100028e-01
  1.0256271e+00
  1.5551488e+00
 -9.0448320e-01
  1.7316458e-01
 -5.2388799e-01
 -2.0256633e-01
 -2.6117139e+00
  3.3464497e-01
  1.0019422e+00
 -2.5120888e+00
 -1.2057085e+00
 -1.1582642e+00
 -5.1684815e-01
 -2.1636755e+00
 -1.3972024e+00
 -2.4161093e+00
 -1.2793270e+00
 -1.4246354e-01
  1.0334181e+00
 -3.9618298e-01
 -9.6317035e-01
  1.3719887e-01
  8.8147318e-01
 -1.5860387e+00
  1.0575792e+00
 -3.4248081e-01
 -1.6942927e-01
  7.8277630e-01
 -1.4053904e+00
  4.0327761e-01
  3.3985045e+00
  2.7289376e-01
 -1.0746156e+00
  7.4321854e-01
  2.0288095e-01
 -4.3744159e-01
  1.0035114e+00
 -2.1695950e+00
  1.6647306e-01
 -2.7490137e+00
  1.5306789e+00
  5.9262484e-01
 -1.1868050e+00
 -5.7567853e-01
  1.2851715e+00
 -1.2181358e+00
  5.5691916e-01
  5.2480507e-01
  2.1866822e-01
  4.3750447e-01
 -1.5740473e+00
  7.9540825e-01
  4.1046625e-01
 -2.7183394e+00
  9.1953796e-01
  4.0056658e-01
 -4.2290086e-01
 -1.0763817e+00
 -1.6485488e-01
 -1.8859800e+00
  5.0441992e-01
 -4.6237293e-01
 -7.4920064e-01
 -1.4012797e-01
  2.5647500e+00
 -6.4206374e-01
 -2.3448310e+00
 -1.0710803e+00
  6.4929473e-01
  1.8656826e-01
 -7.1316612e-01
 -1.3122190e+00
  2.9047114e-01
 -4.2719662e-01
 -9.8082376e-01
  7.6248324e-01
 -3.3558300e-01
 -2.9244242e+00
  1.1506519e+00
  8.6706418e-01
 -1.6050556e+00
  2.9991543e+00
  4.3420619e-01
  5.8055788e-01
 -6.6421378e-01
 -2.7675440e+00
  2.6768382e+00
  9.9910247e-01
  5.8007318e-01
 -1.1720546e-01
 -1.1775191e+00
 -3.7796810e+00
 -1.6789611e-01
  8.3109206e-01
  3.9743850e+00
  2.4638469e+00
 -1.6243824e+00
 -1.9305857e+00
  9.3032724e-01
 -4.5768678e-01
 -3.1105641e-01
 -1.2241820e+00
 -1.4250696e+00
  4.6212658e-01
  1.0340372e-01
 -1.9149387e-01
 -4.2793646e-01
 -1.6314286e-01
  2.2296603e+00
  2.0029509e+00
  1.1690447e+00
  3.3607665e-01
 -1.7286760e-01
 -4.0875712e-01
 -1.3443545e+00
  1.9526249e+00
  2.6629540e-01
  1.4705858e-01
  1.8905786e+00
  9.6991843e-01
 -2.0179768e+00
  1.1319051e+00
  9.7005224e-01
 -6.9245100e-01
  7.7143580e-01
  4.1720074e-01
  2.4484679e-01
 -1.5535674e+00
 -2.0295355e+00
  1.9849653e+00
  1.7629993e+00
 -2.1806851e-01
 -2.8558087e+00
 -1.1592822e+00
  1.1462224e-01
  6.2543726e-01
 -2.2355056e-01
 -2.5298932e-01
  6.7420858e-01
 -4.3144581e-01
 -2.2424424e-01
  1.2703201e+00
 -1.2134975e+00
  1.0525930e+00
 -1.4268870e+00
 -3.7340268e-01
 -5.2924013e-01
 -6.4275217e-01
  8.6915833e-01
 -1.9191867e-01
 -1.5078791e+00
  1.7326256e+00
  9.6059948e-01
  8.1591421e-01
  1.3271246e+00
  3.6840658e+00
  3.4627548e-01
 -6.4389086e-01
 -3.6470959e+00
  3.4952876e-01
  1.5460840e+00
 -6.3254094e-01
 -9.4008166e-01
 -2.2048304e+00
  5.5846560e-01
 -4.9138308e-01
 -3.5443419e-01
 -1.2666308e+00
 -3.0853465e-01
 -2.3021346e-01
 -1.9735066e+00
 -6.0878319e-01
 -1.0112657e-01
 -1.5382204e+00
  2.9374516e-01
 -6.0046071e-01
  2.2587633e+00
 -2.8937850e+00
 -1.5769970e+00
  1.2721123e+00
  1.0746570e+00
  2.1024532e+00
 -4.1578564e-01
  1.1307772e+00
 -3.8250592e-01
 -6.9570959e-01
  1.0350747e-01
  7.5563169e-01
  2.4992177e+00
 -1.1317903e-01
 -1.3585302e-01
  3.8199091e-01
 -8.6836481e-01
  2.0380166e+00
 -1.3620484e+00
  9.5957291e-01
  4.9062255e-01
 -4.7362322e-01
 -3.6417029e+00
  1.2028017e-01
  6.1983269e-01
 -5.3689873e-01
  3.3943641e-01
 -1.7621332e+00
  2.9950678e-01
  4.8742217e-01
 -3.9838128e+00
 -3.4357111e+00
 -1.3064286e-01
 -4.1609688e+00
  4.4701084e-01
 -8.9519930e-01
  6.9149953e-01
 -3.1094322e-01
 -2.4854341e+00
 -1.1470351e+00
 -5.7806545e-01
 -6.7843944e-01
 -1.3272542e+00
 -1.4384133e+00
 -1.2519428e-01
 -4.4852224e-01
  1.3271389e+00
 -1.0706452e+00
  1.8249023e+00
  4.6153128e-01
 -4.6467033e-01
 -1.8262792e-01
 -4.7632349e-01
  7.4775130e-01
  7.0452511e-01
 -5.8217180e-01
 -4.7938293e-01
  2.2016547e+00
  8.4646529e-01
  3.4415230e-01
  1.0681258e+00
  1.7203479e+00
  5.4436076e-01
 -2.2412476e-01
  1.7752358e+00
  3.1134316e-01
 -3.3781880e-01
 -1.5735601e+00
 -2.4222699e-01
 -1.1681815e+00
 -8.2538921e-01
 -2.7561443e+00
  5.6091183e-01
 -2.7117276e+00
  3.1285923e+00
  8.1720942e-01
 -6.2428361e-01
 -4.3321881e-01
  1.1410946e+00
  1.7318016e+00
  1.1345788e+00
 -1.1619157e-01
  1.7238218e+00
  1.3988974e-02
  1.3988974e-02
  1.3988974e-02
  1.3988974e-02
  1.3988974e-02
  1.9523688e-02
  1.9523688e-02
  1.9523688e-02
  1.9523688e-02
  1.9523688e-02
  1.3189454e-02
  1.3189454e-02
  1.3189454e-02
  1.3189454e-02
  1.3189454e-02
  7.1277418e-03
  7.1277418e-03
  7.1277418e-03
  7.1277418e-03
  7.1277418e-03
  9.9607827e-03
  9.9607827e-03
  9.9607827e-03
  9.9607827e-03
  9.9607827e-03
  3.5790391e-03
  3.5790391e-03
  3.5790391e-03
  3.5790391e-03
  3.5790391e-03
