250
0.0 16.42598265 16.42598265 16.42598265 0.0 16.42598265 16.42598265 16.42598265 0.0
Te     3.279229460000000e+00     3.235242320000000e+00     3.365027130000000e+00 
Te     3.195439210000000e+00     6.821361050000000e+00     6.667776630000000e+00 
Te     3.320547220000000e+00     9.969844780000001e+00     9.520214720000000e+00 
Te     2.998505640000000e+00     1.322479697000000e+01     1.251071417000000e+01 
Te     3.474273390000000e+00     1.685140821000000e+01     1.638219903000000e+01 
Te     6.312758090000000e+00     3.647170320000000e+00     6.436899430000000e+00 
Te     6.442693040000000e+00     6.807113480000000e+00     9.775788060000000e+00 
Te     6.549037150000000e+00     9.849794169999999e+00     1.284368855000000e+01 
Te     6.431636540000000e+00     1.333629901000000e+01     1.612272977000000e+01 
Te     6.210960860000000e+00     1.633920435000000e+01     1.995955252000000e+01 
Te     9.708854479999999e+00     3.248659560000000e+00     1.028285092000000e+01 
Te     9.880639210000000e+00     6.553404650000000e+00     1.308596407000000e+01 
Te     9.993144380000000e+00     9.839852349999999e+00     1.627114263000000e+01 
Te     1.022111747000000e+01     1.285060882000000e+01     1.993371018000000e+01 
Te     1.007799789000000e+01     1.644628057000000e+01     2.271452014000000e+01 
Te     1.273117303000000e+01     3.087373990000000e+00     1.307031816000000e+01 
Te     1.334556080000000e+01     6.252934660000000e+00     1.628103929000000e+01 
Te     1.328271909000000e+01     9.820745810000000e+00     1.982603721000000e+01 
Te     1.335686056000000e+01     1.319395259000000e+01     2.316049559000000e+01 
Te     1.300115328000000e+01     1.648414541000000e+01     2.610761304000000e+01 
Te     1.630152397000000e+01     3.352803740000000e+00     1.656109901000000e+01 
Te     1.640135747000000e+01     6.770152390000000e+00     1.964872759000000e+01 
Te     1.645466718000000e+01     1.001103474000000e+01     2.310656843000000e+01 
Te     1.617671393000000e+01     1.343356136000000e+01     2.628796983000000e+01 
Te     1.664616983000000e+01     1.626816789000000e+01     2.959302669000000e+01 
Te     6.538641140000000e+00     6.476241790000000e+00     3.537690490000000e+00 
Te     6.339318090000000e+00     9.924969330000000e+00     6.871267950000000e+00 
Te     6.743879360000000e+00     1.331425255000000e+01     9.757394240000000e+00 
Te     6.670716720000000e+00     1.668270532000000e+01     1.311725984000000e+01 
Te     6.215829030000000e+00     2.005314038000000e+01     1.649390688000000e+01 
Te     9.780858759999999e+00     6.651176040000000e+00     6.672109480000000e+00 
Te     9.855928790000000e+00     9.829285680000000e+00     1.004516695000000e+01 
Te     9.961980680000000e+00     1.260257040000000e+01     1.293928826000000e+01 
Te     9.892131650000000e+00     1.650185985000000e+01     1.663133848000000e+01 
Te     9.961516150000000e+00     1.962691915000000e+01     2.005858904000000e+01 
Te     1.317979701000000e+01     6.424956590000000e+00     9.813318640000000e+00 
Te     1.331194207000000e+01     9.680115910000000e+00     1.307895609000000e+01 
Te     1.316954358000000e+01     1.315154596000000e+01     1.628083807000000e+01 
Te     1.328762948000000e+01     1.623407379000000e+01     1.958531821000000e+01 
Te     1.278839179000000e+01     1.970535880000000e+01     2.319660072000000e+01 
Te     1.634654627000000e+01     6.423935060000000e+00     1.291568708000000e+01 
Te     1.662040830000000e+01     1.017903049000000e+01     1.638074451000000e+01 
Te     1.657950038000000e+01     1.324224449000000e+01     2.003640559000000e+01 
Te     1.635155915000000e+01     1.629761376000000e+01     2.301961995000000e+01 
Te     1.671213493000000e+01     1.987464284000000e+01     2.615718911000000e+01 
Te     1.962564810000000e+01     6.300958490000000e+00     1.629716139000000e+01 
Te     1.996769143000000e+01     1.014142304000000e+01     1.981031278000000e+01 
Te     1.968553132000000e+01     1.318388642000000e+01     2.287319644000000e+01 
Te     1.939985063000000e+01     1.664336838000000e+01     2.637584982000000e+01 
Te     1.937864912000000e+01     1.953572061000000e+01     2.939440633000000e+01 
Te     9.912439750000001e+00     9.825960900000000e+00     3.681171450000000e+00 
Te     9.664275350000001e+00     1.329897342000000e+01     6.534997700000000e+00 
Te     9.927255000000001e+00     1.613213365000000e+01     1.005441543000000e+01 
Te     9.686799640000000e+00     1.973970733000000e+01     1.343781946000000e+01 
Te     9.751830110000000e+00     2.306904212000000e+01     1.653365661000000e+01 
Te     1.300344059000000e+01     9.780400309999999e+00     6.439128100000000e+00 
Te     1.336767690000000e+01     1.316075075000000e+01     9.945153080000001e+00 
Te     1.300212225000000e+01     1.642603899000000e+01     1.293486655000000e+01 
Te     1.303170758000000e+01     1.983080649000000e+01     1.651463269000000e+01 
Te     1.313368697000000e+01     2.261629440000000e+01     1.973839408000000e+01 
Te     1.664510904000000e+01     9.565464029999999e+00     9.959155570000000e+00 
Te     1.625268541000000e+01     1.316863572000000e+01     1.295733335000000e+01 
Te     1.636183886000000e+01     1.618327923000000e+01     1.657060390000000e+01 
Te     1.659547760000000e+01     1.978127805000000e+01     1.967673012000000e+01 
Te     1.671903976000000e+01     2.288992253000000e+01     2.285840616000000e+01 
Te     1.967358076000000e+01     9.798694420000000e+00     1.348025484000000e+01 
Te     1.957514839000000e+01     1.249125989000000e+01     1.641981026000000e+01 
Te     1.964456295000000e+01     1.644214664000000e+01     1.968896714000000e+01 
Te     1.978243936000000e+01     1.980869958000000e+01     2.272501092000000e+01 
Te     1.946025439000000e+01     2.316196473000000e+01     2.633932222000000e+01 
Te     2.344701318000000e+01     1.006863475000000e+01     1.663394446000000e+01 
Te     2.297166380000000e+01     1.278900530000000e+01     1.940060426000000e+01 
Te     2.306557279000000e+01     1.648093906000000e+01     2.279962463000000e+01 
Te     2.317893950000000e+01     1.992292225000000e+01     2.628735041000000e+01 
Te     2.280876701000000e+01     2.309034301000000e+01     2.939335195000000e+01 
Te     1.309606917000000e+01     1.311307861000000e+01     3.117450120000000e+00 
Te     1.344323725000000e+01     1.616284596000000e+01     6.368968300000000e+00 
Te     1.308370731000000e+01     1.965460727000000e+01     9.903722980000000e+00 
Te     1.305410802000000e+01     2.307212971000000e+01     1.305948293000000e+01 
Te     1.338112666000000e+01     2.641295694000000e+01     1.638253954000000e+01 
Te     1.622633781000000e+01     1.300898486000000e+01     6.325147550000000e+00 
Te     1.619011654000000e+01     1.618187924000000e+01     9.820826300000000e+00 
Te     1.663192521000000e+01     1.942253081000000e+01     1.339537472000000e+01 
Te     1.596553952000000e+01     2.290668919000000e+01     1.618481194000000e+01 
Te     1.641513854000000e+01     2.631304377000000e+01     1.961661874000000e+01 
Te     1.971663408000000e+01     1.290502087000000e+01     9.667130680000000e+00 
Te     1.960479121000000e+01     1.608670250000000e+01     1.344085104000000e+01 
Te     1.966494759000000e+01     1.933970936000000e+01     1.646167417000000e+01 
Te     1.951692912000000e+01     2.298722233000000e+01     1.930219669000000e+01 
Te     2.012156281000000e+01     2.643678234000000e+01     2.304764925000000e+01 
Te     2.309642358000000e+01     1.299186061000000e+01     1.316594826000000e+01 
Te     2.318654736000000e+01     1.625914739000000e+01     1.637375624000000e+01 
Te     2.318166227000000e+01     1.955547154000000e+01     1.970014355000000e+01 
Te     2.299798693000000e+01     2.284189444000000e+01     2.279781252000000e+01 
Te     2.280871264000000e+01     2.620490972000000e+01     2.624847586000000e+01 
Te     2.588810672000000e+01     1.286626261000000e+01     1.611945525000000e+01 
Te     2.634467988000000e+01     1.641559223000000e+01     1.984697475000000e+01 
Te     2.655762681000000e+01     1.986087146000000e+01     2.318468925000000e+01 
Te     2.594676833000000e+01     2.296021867000000e+01     2.630200633000000e+01 
Te     2.629801350000000e+01     2.655669365000000e+01     2.954154552000000e+01 
Te     1.631181944000000e+01     1.636437651000000e+01     3.158410120000000e+00 
Te     1.640109302000000e+01     1.965725974000000e+01     6.796162440000000e+00 
Te     1.643665083000000e+01     2.289210702000000e+01     9.521913160000000e+00 
Te     1.637191357000000e+01     2.605348285000000e+01     1.307900159000000e+01 
Te     1.614141876000000e+01     2.961028711000000e+01     1.628463756000000e+01 
Te     2.007113455000000e+01     1.651297679000000e+01     6.833007240000000e+00 
Te     1.957899716000000e+01     1.976463885000000e+01     9.916977590000000e+00 
Te     1.977999321000000e+01     2.312819258000000e+01     1.316059553000000e+01 
Te     1.954778566000000e+01     2.648797621000000e+01     1.606698590000000e+01 
Te     1.979476887000000e+01     2.937164600000000e+01     1.965858910000000e+01 
Te     2.289949001000000e+01     1.593251870000000e+01     1.010070057000000e+01 
Te     2.293721113000000e+01     1.975541468000000e+01     1.306984148000000e+01 
Te     2.289039018000000e+01     2.286844671000000e+01     1.635062813000000e+01 
Te     2.341434272000000e+01     2.634769011000000e+01     1.956781452000000e+01 
Te     2.316517535000000e+01     2.956076787000000e+01     2.278689926000000e+01 
Te     2.607850800000000e+01     1.630322767000000e+01     1.332418583000000e+01 
Te     2.607196126000000e+01     1.965726467000000e+01     1.658165711000000e+01 
Te     2.634841071000000e+01     2.297269109000000e+01     1.957873238000000e+01 
Te     2.652227744000000e+01     2.620070844000000e+01     2.258847339000000e+01 
Te     2.630565191000000e+01     2.944539144000000e+01     2.621174637000000e+01 
Te     2.968370403000000e+01     1.661885687000000e+01     1.624513751000000e+01 
Te     2.948581874000000e+01     1.931876886000000e+01     1.969116018000000e+01 
Te     2.940152470000000e+01     2.285052268000000e+01     2.303033495000000e+01 
Te     2.923424906000000e+01     2.640580852000000e+01     2.614684567000000e+01 
Te     2.944820833000000e+01     2.966213031000000e+01     2.970019686000000e+01 
Pb     3.257430591000000e+01     1.642178893000000e+01     1.630919391000000e+01 
Pb     3.278249703000000e+01     1.998461430000000e+01     2.000624814000000e+01 
Pb     1.147327000000000e-01     6.397166450000000e+00     6.430547500000000e+00 
Pb     1.613468033000000e+01     2.583881382000000e+01     9.899104650000000e+00 
Pb     1.637193197000000e+01     2.930348392000000e+01     1.311434357000000e+01 
Pb     1.934167456000000e+01     1.669716215000000e+01     3.899469640000000e+00 
Pb     1.979992466000000e+01     1.961200041000000e+01     6.604520830000000e+00 
Pb     1.944470999000000e+01     2.330880743000000e+01     1.006821441000000e+01 
Pb     3.189498760000000e+00     9.892761419999999e+00     1.294694753000000e+01 
Pb     3.468859060000000e+00     1.385648360000000e+01     1.552574550000000e+01 
Pb     2.300884188000000e+01     3.244173295000000e+01     2.291703904000000e+01 
Pb     2.277466782000000e+01     1.982709290000000e+01     9.751698210000001e+00 
Pb     6.841986660000000e+00     6.631396200000000e+00     1.264979067000000e+01 
Pb     6.967811660000000e+00     1.013687994000000e+01     1.629663313000000e+01 
Pb     2.286021532000000e+01     2.939231662000000e+01     1.986714668000000e+01 
Pb     2.623988408000000e+01     3.247837751000000e+01     2.624689880000000e+01 
Pb     2.586076271000000e+01     1.954169967000000e+01     1.333244284000000e+01 
Pb     1.006975993000000e+01     6.862038850000000e+00     1.646628610000000e+01 
Pb     1.006039121000000e+01     9.646992259999999e+00     1.954804191000000e+01 
Pb     1.014702693000000e+01     1.325826540000000e+01     2.294716117000000e+01 
Pb     1.320185989000000e+01     1.647413180000000e+01     2.947183185000000e+01 
Pb     2.922840108000000e+01     1.989018708000000e+01     1.671632750000000e+01 
Pb     2.931535169000000e+01     2.264933412000000e+01     1.979549112000000e+01 
Pb     1.344919561000000e+01     9.705948720000000e+00     2.301050107000000e+01 
Pb     2.953486278000000e+01     2.956961375000000e+01     2.661287922000000e+01 
Pb     1.932013386000000e+01     3.349935430000000e+00     1.648374856000000e+01 
Pb     1.955121048000000e+01     7.221598510000000e+00     1.974664649000000e+01 
Pb     1.969278651000000e+01     9.954254230000000e+00     2.286878081000000e+01 
Pb     1.994806665000000e+01     1.369549911000000e+01     2.568420147000000e+01 
Pb     1.968936088000000e+01     1.649784977000000e+01     2.953205361000000e+01 
Pb     6.478866830000000e+00     3.038352610000000e+00     3.469253120000000e+00 
Pb     6.689156530000000e+00     6.549843990000000e+00     6.532372000000000e+00 
Pb     6.357229960000000e+00     1.023890008000000e+01     9.900863380000001e+00 
Pb     6.311094470000000e+00     1.304169047000000e+01     1.294062895000000e+01 
Pb     6.376790680000000e+00     1.707483968000000e+01     1.635526157000000e+01 
Pb     9.606413509999999e+00     3.180061860000000e+00     6.780384790000000e+00 
Pb     9.698304400000000e+00     6.694294580000000e+00     9.875712240000000e+00 
Pb     9.728710860000000e+00     9.635726170000000e+00     1.311197675000000e+01 
Pb     9.667622800000000e+00     1.336368227000000e+01     1.650861306000000e+01 
Pb     9.627348919999999e+00     1.607667575000000e+01     1.967775181000000e+01 
Pb     1.292900428000000e+01     3.227321550000000e+00     9.853280750000000e+00 
Pb     1.326301432000000e+01     6.490020560000000e+00     1.309492938000000e+01 
Pb     1.367501345000000e+01     9.820732670000000e+00     1.696780798000000e+01 
Pb     1.346405324000000e+01     1.337871878000000e+01     2.004386364000000e+01 
Pb     1.308725680000000e+01     1.665414908000000e+01     2.292244236000000e+01 
Pb     1.638993435000000e+01     3.452973320000000e+00     1.311858312000000e+01 
Pb     1.664679549000000e+01     6.545823900000000e+00     1.659071637000000e+01 
Pb     1.632847030000000e+01     1.015366566000000e+01     2.010680406000000e+01 
Pb     1.655884454000000e+01     1.325985445000000e+01     2.322829580000000e+01 
Pb     1.602171655000000e+01     1.651635972000000e+01     2.625095158000000e+01 
Pb     2.305813034000000e+01     6.785903100000000e+00     1.635685686000000e+01 
Pb     6.876874630000000e+00     9.620788220000000e+00     3.693274280000000e+00 
Pb     6.699461700000000e+00     1.323704336000000e+01     6.955430080000000e+00 
Pb     2.264144061000000e+01     1.683673488000000e+01     2.651829759000000e+01 
Pb     2.305255931000000e+01     1.986757885000000e+01     2.953896369000000e+01 
Pb     9.958524000000001e+00     6.740377010000000e+00     3.263224150000000e+00 
Pb     9.400080989999999e+00     9.868950160000001e+00     7.068023460000000e+00 
Pb     1.029184546000000e+01     1.290154283000000e+01     9.815595280000000e+00 
Pb     9.904534249999999e+00     1.643982992000000e+01     1.358340262000000e+01 
Pb     1.014119094000000e+01     1.955257252000000e+01     1.689933430000000e+01 
Pb     1.344787446000000e+01     2.293528222000000e+01     2.278682025000000e+01 
Pb     1.361142223000000e+01     9.561277210000000e+00     9.922916409999999e+00 
Pb     1.316067864000000e+01     1.314301874000000e+01     1.302446487000000e+01 
Pb     1.316810779000000e+01     1.614404495000000e+01     1.616405147000000e+01 
Pb     1.318577393000000e+01     1.943322856000000e+01     1.984710879000000e+01 
Pb     1.651700723000000e+01     2.274213928000000e+01     2.581192350000000e+01 
Pb     1.630924352000000e+01     9.682566830000001e+00     1.322968551000000e+01 
Pb     1.649391805000000e+01     1.326865829000000e+01     1.686951342000000e+01 
Pb     1.646260487000000e+01     1.662311941000000e+01     1.991354252000000e+01 
Pb     1.625609890000000e+01     1.963515053000000e+01     2.296101977000000e+01 
Pb     1.987679826000000e+01     2.294415160000000e+01     2.924669355000000e+01 
Pb     2.042612139000000e+01     9.313972050000000e+00     1.664171395000000e+01 
Pb     2.001779216000000e+01     1.305166104000000e+01     1.962453081000000e+01 
Pb     1.988229225000000e+01     1.634308318000000e+01     2.285529147000000e+01 
Pb     1.980343867000000e+01     1.967561282000000e+01     2.631123247000000e+01 
Pb     1.013449013000000e+01     2.613194813000000e+01     1.684398810000000e+01 
Pb     2.602142459000000e+01     1.298311065000000e+01     1.949061174000000e+01 
Pb     1.000916202000000e+01     1.632281532000000e+01     7.023409830000000e+00 
Pb     9.836631380000000e+00     1.966331157000000e+01     1.023966717000000e+01 
Pb     2.605977630000000e+01     2.338269708000000e+01     2.949947990000000e+01 
Pb     1.343115396000000e+01     2.634925304000000e+01     1.933588818000000e+01 
Pb     1.305034187000000e+01     1.261919005000000e+01     6.450252770000000e+00 
Pb     1.289154286000000e+01     1.649074767000000e+01     9.694091300000000e+00 
Pb     1.351535289000000e+01     1.978810551000000e+01     1.319254538000000e+01 
Pb     1.273419870000000e+01     2.318930397000000e+01     1.651314992000000e+01 
Pb     1.619762388000000e+01     1.019141946000000e+01     6.376225630000000e+00 
Pb     1.653823026000000e+01     1.292517851000000e+01     9.632661900000000e+00 
Pb     1.647737955000000e+01     1.629660471000000e+01     1.332711688000000e+01 
Pb     1.660371589000000e+01     1.949232612000000e+01     1.654789761000000e+01 
Pb     1.625453646000000e+01     2.303357547000000e+01     1.941317752000000e+01 
Pb     1.959254531000000e+01     9.783403310000001e+00     1.048862807000000e+01 
Pb     1.991025158000000e+01     1.305177898000000e+01     1.289972168000000e+01 
Pb     1.984765002000000e+01     1.612116339000000e+01     1.649798709000000e+01 
Pb     1.981272345000000e+01     1.996036659000000e+01     1.976934802000000e+01 
Pb     2.007114096000000e+01     2.355480114000000e+01     2.234329802000000e+01 
Pb     2.294267195000000e+01     2.622007451000000e+01     2.945800429000000e+01 
Pb     2.292485567000000e+01     1.306506020000000e+01     1.630115586000000e+01 
Pb     2.317998321000000e+01     1.617886655000000e+01     1.988811543000000e+01 
Pb     2.297434551000000e+01     1.974924705000000e+01     2.297540860000000e+01 
Pb     2.260695558000000e+01     2.309747435000000e+01     2.585860795000000e+01 
Pb     2.934145455000000e+01     1.317271084000000e+01     1.652319047000000e+01 
Pb     2.957557737000000e+01     1.645350816000000e+01     1.948810892000000e+01 
Pb     1.300103780000000e+01     1.961491931000000e+01     6.959876430000000e+00 
Pb     2.932427051000000e+01     2.284027073000000e+01     2.627243200000000e+01 
Pb     2.966774388000000e+01     2.634782217000000e+01     2.950176886000000e+01 
Pb     1.637463667000000e+01     2.967113897000000e+01     1.946659745000000e+01 
Pb     1.632207188000000e+01     1.632434721000000e+01     6.773226350000000e+00 
Pb     1.630935653000000e+01     1.935119769000000e+01     1.006169379000000e+01 
Pb     1.636160577000000e+01     2.272149839000000e+01     1.299595872000000e+01 
Pb     1.649119709000000e+01     2.626462917000000e+01     1.606457555000000e+01 
Pb     1.989265984000000e+01     2.981708875000000e+01     2.281857595000000e+01 
Pb     1.963904431000000e+01     1.664267980000000e+01     1.026383883000000e+01 
Pb     1.985265732000000e+01     1.962880551000000e+01     1.318151517000000e+01 
Pb     1.996801174000000e+01     2.336963333000000e+01     1.615859755000000e+01 
Pb     1.978677714000000e+01     2.656251781000000e+01     1.955980767000000e+01 
Pb     2.285996794000000e+01     1.305004374000000e+01     9.828991820000001e+00 
Pb     2.277673388000000e+01     1.664130527000000e+01     1.327961705000000e+01 
Pb     2.316083873000000e+01     1.970916059000000e+01     1.640898439000000e+01 
Pb     2.301933940000000e+01     2.296912944000000e+01     1.943380478000000e+01 
Pb     2.316359731000000e+01     2.665513457000000e+01     2.291452816000000e+01 
Pb     2.652773547000000e+01     2.977185932000000e+01     2.936838183000000e+01 
Pb     2.615607625000000e+01     1.635973058000000e+01     1.663311561000000e+01 
Pb     2.641244001000000e+01     1.973814982000000e+01     2.015677387000000e+01 
Pb     2.649894302000000e+01     2.310610456000000e+01     2.295166271000000e+01 
Pb     2.620283101000000e+01     2.629506306000000e+01     2.599410325000000e+01 
