1.000000    0.276828
2.000000    0.273953
3.000000    0.273906
4.000000    0.273547
5.000000    0.270625
6.000000    0.277578
7.000000    0.278531
8.000000    0.278234
9.000000    0.280687
10.000000    0.275234
11.000000    0.275687
12.000000    0.278141
13.000000    0.279797
14.000000    0.275484
15.000000    0.270672
16.000000    0.275750
17.000000    0.273719
18.000000    0.276687
19.000000    0.276859
20.000000    0.274781
21.000000    0.274500
22.000000    0.276813
23.000000    0.276031
24.000000    0.274203
25.000000    0.276203
26.000000    0.272688
27.000000    0.274656
28.000000    0.275703
29.000000    0.277578
30.000000    0.273453
31.000000    0.322234
32.000000    0.323594
33.000000    0.323937
34.000000    0.319563
35.000000    0.319531
36.000000    0.323297
37.000000    0.321031
38.000000    0.322031
39.000000    0.323562
40.000000    0.321000
41.000000    0.319516
42.000000    0.321969
43.000000    0.321500
44.000000    0.318047
45.000000    0.323047
46.000000    0.323156
47.000000    0.321500
48.000000    0.320703
49.000000    0.321234
50.000000    0.324266
51.000000    0.321797
52.000000    0.324891
53.000000    0.324734
54.000000    0.323609
55.000000    0.322016
56.000000    0.320531
57.000000    0.324469
58.000000    0.319000
59.000000    0.320094
60.000000    0.325391
61.000000    0.322000
61.100000    0.325125
61.200000    0.323359
61.300000    0.324016
61.400000    0.323234
61.500000    0.524641
62.500000    0.531547
63.500000    0.534375
64.500000    0.537672
65.500000    0.538609
66.500000    0.540531
67.500000    0.541969
68.500000    0.544828
69.500000    0.544906
70.500000    0.546391
71.500000    0.545781
72.500000    0.547828
73.500000    0.546500
74.500000    0.548406
75.500000    0.548844
76.500000    0.548266
77.500000    0.549094
78.500000    0.549703
79.500000    0.551078
80.500000    0.550766
81.500000    0.549937
82.500000    0.550469
83.500000    0.553094
84.500000    0.552047
85.500000    0.551641
86.500000    0.550266
87.500000    0.552250
88.500000    0.552344
89.500000    0.555031
90.500000    0.553203
91.500000    0.565016
92.500000    0.565094
93.500000    0.564922
94.500000    0.565094
95.500000    0.564937
96.500000    0.565016
97.500000    0.564609
98.500000    0.564875
99.500000    0.565344
100.500000    0.565187
101.500000    0.565141
102.500000    0.564953
103.500000    0.565406
104.500000    0.565297
105.500000    0.565625
106.500000    0.565547
107.500000    0.565547
108.500000    0.565141
109.500000    0.564828
110.500000    0.565547
111.500000    0.564984
112.500000    0.565391
113.500000    0.565031
114.500000    0.565203
115.500000    0.565234
116.500000    0.565344
117.500000    0.565719
118.500000    0.565469
119.500000    0.565641
120.500000    0.565344
