0.276828
0.273953
0.273906
0.273547
0.270625
0.277578
0.278531
0.278234
0.280687
0.275234
0.275687
0.278141
0.279797
0.275484
0.270672
0.275750
0.273719
0.276687
0.276859
0.274781
0.274500
0.276813
0.276031
0.274203
0.276203
0.272688
0.274656
0.275703
0.277578
0.273453
0.322234
0.323594
0.323937
0.319563
0.319531
0.323297
0.321031
0.322031
0.323562
0.321000
0.319516
0.321969
0.321500
0.318047
0.323047
0.323156
0.321500
0.320703
0.321234
0.324266
0.321797
0.324891
0.324734
0.323609
0.322016
0.320531
0.324469
0.319000
0.320094
0.325391
0.322000
0.325125
0.323359
0.324016
0.323234
0.524641
0.531547
0.534375
0.537672
0.538609
0.540531
0.541969
0.544828
0.544906
0.546391
0.545781
0.547828
0.546500
0.548406
0.548844
0.548266
0.549094
0.549703
0.551078
0.550766
0.549937
0.550469
0.553094
0.552047
0.551641
0.550266
0.552250
0.552344
0.555031
0.553203
0.565016
0.565094
0.564922
0.565094
0.564937
0.565016
0.564609
0.564875
0.565344
0.565187
0.565141
0.564953
0.565406
0.565297
0.565625
0.565547
0.565547
0.565141
0.564828
0.565547
0.564984
0.565391
0.565031
0.565203
0.565234
0.565344
0.565719
0.565469
0.565641
0.565344
