1000 120 5.2 0 0 0
1 1 1 17.65 17.65 17.65
C 0 0 0 12
C 0 1.765 1.765 12
C 1.765 0 1.765 12
C 1.765 1.765 0 12
C 0.8825 0.8825 0.8825 12
C 0.8825 2.6475 2.6475 12
C 2.6475 0.8825 2.6475 12
C 2.6475 2.6475 0.8825 12
C 0 0 3.53 12
C 0 1.765 5.295 12
C 1.765 0 5.295 12
C 1.765 1.765 3.53 12
C 0.8825 0.8825 4.4125 12
C 0.8825 2.6475 6.1775 12
C 2.6475 0.8825 6.1775 12
C 2.6475 2.6475 4.4125 12
C 0 0 7.06 12
C 0 1.765 8.825 12
C 1.765 0 8.825 12
C 1.765 1.765 7.06 12
C 0.8825 0.8825 7.9425 12
C 0.8825 2.6475 9.7075 12
C 2.6475 0.8825 9.7075 12
C 2.6475 2.6475 7.9425 12
C 0 0 10.59 12
C 0 1.765 12.355 12
C 1.765 0 12.355 12
C 1.765 1.765 10.59 12
C 0.8825 0.8825 11.4725 12
C 0.8825 2.6475 13.2375 12
C 2.6475 0.8825 13.2375 12
C 2.6475 2.6475 11.4725 12
C 0 0 14.12 12
C 0 1.765 15.885 12
C 1.765 0 15.885 12
C 1.765 1.765 14.12 12
C 0.8825 0.8825 15.0025 12
C 0.8825 2.6475 16.7675 12
C 2.6475 0.8825 16.7675 12
C 2.6475 2.6475 15.0025 12
C 0 3.53 0 12
C 0 5.295 1.765 12
C 1.765 3.53 1.765 12
C 1.765 5.295 0 12
C 0.8825 4.4125 0.8825 12
C 0.8825 6.1775 2.6475 12
C 2.6475 4.4125 2.6475 12
C 2.6475 6.1775 0.8825 12
C 0 3.53 3.53 12
C 0 5.295 5.295 12
C 1.765 3.53 5.295 12
C 1.765 5.295 3.53 12
C 0.8825 4.4125 4.4125 12
C 0.8825 6.1775 6.1775 12
C 2.6475 4.4125 6.1775 12
C 2.6475 6.1775 4.4125 12
C 0 3.53 7.06 12
C 0 5.295 8.825 12
C 1.765 3.53 8.825 12
C 1.765 5.295 7.06 12
C 0.8825 4.4125 7.9425 12
C 0.8825 6.1775 9.7075 12
C 2.6475 4.4125 9.7075 12
C 2.6475 6.1775 7.9425 12
C 0 3.53 10.59 12
C 0 5.295 12.355 12
C 1.765 3.53 12.355 12
C 1.765 5.295 10.59 12
C 0.8825 4.4125 11.4725 12
C 0.8825 6.1775 13.2375 12
C 2.6475 4.4125 13.2375 12
C 2.6475 6.1775 11.4725 12
C 0 3.53 14.12 12
C 0 5.295 15.885 12
C 1.765 3.53 15.885 12
C 1.765 5.295 14.12 12
C 0.8825 4.4125 15.0025 12
C 0.8825 6.1775 16.7675 12
C 2.6475 4.4125 16.7675 12
C 2.6475 6.1775 15.0025 12
C 0 7.06 0 12
C 0 8.825 1.765 12
C 1.765 7.06 1.765 12
C 1.765 8.825 0 12
C 0.8825 7.9425 0.8825 12
C 0.8825 9.7075 2.6475 12
C 2.6475 7.9425 2.6475 12
C 2.6475 9.7075 0.8825 12
C 0 7.06 3.53 12
C 0 8.825 5.295 12
C 1.765 7.06 5.295 12
C 1.765 8.825 3.53 12
C 0.8825 7.9425 4.4125 12
C 0.8825 9.7075 6.1775 12
C 2.6475 7.9425 6.1775 12
C 2.6475 9.7075 4.4125 12
C 0 7.06 7.06 12
C 0 8.825 8.825 12
C 1.765 7.06 8.825 12
C 1.765 8.825 7.06 12
C 0.8825 7.9425 7.9425 12
C 0.8825 9.7075 9.7075 12
C 2.6475 7.9425 9.7075 12
C 2.6475 9.7075 7.9425 12
C 0 7.06 10.59 12
C 0 8.825 12.355 12
C 1.765 7.06 12.355 12
C 1.765 8.825 10.59 12
C 0.8825 7.9425 11.4725 12
C 0.8825 9.7075 13.2375 12
C 2.6475 7.9425 13.2375 12
C 2.6475 9.7075 11.4725 12
C 0 7.06 14.12 12
C 0 8.825 15.885 12
C 1.765 7.06 15.885 12
C 1.765 8.825 14.12 12
C 0.8825 7.9425 15.0025 12
C 0.8825 9.7075 16.7675 12
C 2.6475 7.9425 16.7675 12
C 2.6475 9.7075 15.0025 12
C 0 10.59 0 12
C 0 12.355 1.765 12
C 1.765 10.59 1.765 12
C 1.765 12.355 0 12
C 0.8825 11.4725 0.8825 12
C 0.8825 13.2375 2.6475 12
C 2.6475 11.4725 2.6475 12
C 2.6475 13.2375 0.8825 12
C 0 10.59 3.53 12
C 0 12.355 5.295 12
C 1.765 10.59 5.295 12
C 1.765 12.355 3.53 12
C 0.8825 11.4725 4.4125 12
C 0.8825 13.2375 6.1775 12
C 2.6475 11.4725 6.1775 12
C 2.6475 13.2375 4.4125 12
C 0 10.59 7.06 12
C 0 12.355 8.825 12
C 1.765 10.59 8.825 12
C 1.765 12.355 7.06 12
C 0.8825 11.4725 7.9425 12
C 0.8825 13.2375 9.7075 12
C 2.6475 11.4725 9.7075 12
C 2.6475 13.2375 7.9425 12
C 0 10.59 10.59 12
C 0 12.355 12.355 12
C 1.765 10.59 12.355 12
C 1.765 12.355 10.59 12
C 0.8825 11.4725 11.4725 12
C 0.8825 13.2375 13.2375 12
C 2.6475 11.4725 13.2375 12
C 2.6475 13.2375 11.4725 12
C 0 10.59 14.12 12
C 0 12.355 15.885 12
C 1.765 10.59 15.885 12
C 1.765 12.355 14.12 12
C 0.8825 11.4725 15.0025 12
C 0.8825 13.2375 16.7675 12
C 2.6475 11.4725 16.7675 12
C 2.6475 13.2375 15.0025 12
C 0 14.12 0 12
C 0 15.885 1.765 12
C 1.765 14.12 1.765 12
C 1.765 15.885 0 12
C 0.8825 15.0025 0.8825 12
C 0.8825 16.7675 2.6475 12
C 2.6475 15.0025 2.6475 12
C 2.6475 16.7675 0.8825 12
C 0 14.12 3.53 12
C 0 15.885 5.295 12
C 1.765 14.12 5.295 12
C 1.765 15.885 3.53 12
C 0.8825 15.0025 4.4125 12
C 0.8825 16.7675 6.1775 12
C 2.6475 15.0025 6.1775 12
C 2.6475 16.7675 4.4125 12
C 0 14.12 7.06 12
C 0 15.885 8.825 12
C 1.765 14.12 8.825 12
C 1.765 15.885 7.06 12
C 0.8825 15.0025 7.9425 12
C 0.8825 16.7675 9.7075 12
C 2.6475 15.0025 9.7075 12
C 2.6475 16.7675 7.9425 12
C 0 14.12 10.59 12
C 0 15.885 12.355 12
C 1.765 14.12 12.355 12
C 1.765 15.885 10.59 12
C 0.8825 15.0025 11.4725 12
C 0.8825 16.7675 13.2375 12
C 2.6475 15.0025 13.2375 12
C 2.6475 16.7675 11.4725 12
C 0 14.12 14.12 12
C 0 15.885 15.885 12
C 1.765 14.12 15.885 12
C 1.765 15.885 14.12 12
C 0.8825 15.0025 15.0025 12
C 0.8825 16.7675 16.7675 12
C 2.6475 15.0025 16.7675 12
C 2.6475 16.7675 15.0025 12
C 3.53 0 0 12
C 3.53 1.765 1.765 12
C 5.295 0 1.765 12
C 5.295 1.765 0 12
C 4.4125 0.8825 0.8825 12
C 4.4125 2.6475 2.6475 12
C 6.1775 0.8825 2.6475 12
C 6.1775 2.6475 0.8825 12
C 3.53 0 3.53 12
C 3.53 1.765 5.295 12
C 5.295 0 5.295 12
C 5.295 1.765 3.53 12
C 4.4125 0.8825 4.4125 12
C 4.4125 2.6475 6.1775 12
C 6.1775 0.8825 6.1775 12
C 6.1775 2.6475 4.4125 12
C 3.53 0 7.06 12
C 3.53 1.765 8.825 12
C 5.295 0 8.825 12
C 5.295 1.765 7.06 12
C 4.4125 0.8825 7.9425 12
C 4.4125 2.6475 9.7075 12
C 6.1775 0.8825 9.7075 12
C 6.1775 2.6475 7.9425 12
C 3.53 0 10.59 12
C 3.53 1.765 12.355 12
C 5.295 0 12.355 12
C 5.295 1.765 10.59 12
C 4.4125 0.8825 11.4725 12
C 4.4125 2.6475 13.2375 12
C 6.1775 0.8825 13.2375 12
C 6.1775 2.6475 11.4725 12
C 3.53 0 14.12 12
C 3.53 1.765 15.885 12
C 5.295 0 15.885 12
C 5.295 1.765 14.12 12
C 4.4125 0.8825 15.0025 12
C 4.4125 2.6475 16.7675 12
C 6.1775 0.8825 16.7675 12
C 6.1775 2.6475 15.0025 12
C 3.53 3.53 0 12
C 3.53 5.295 1.765 12
C 5.295 3.53 1.765 12
C 5.295 5.295 0 12
C 4.4125 4.4125 0.8825 12
C 4.4125 6.1775 2.6475 12
C 6.1775 4.4125 2.6475 12
C 6.1775 6.1775 0.8825 12
C 3.53 3.53 3.53 12
C 3.53 5.295 5.295 12
C 5.295 3.53 5.295 12
C 5.295 5.295 3.53 12
C 4.4125 4.4125 4.4125 12
C 4.4125 6.1775 6.1775 12
C 6.1775 4.4125 6.1775 12
C 6.1775 6.1775 4.4125 12
C 3.53 3.53 7.06 12
C 3.53 5.295 8.825 12
C 5.295 3.53 8.825 12
C 5.295 5.295 7.06 12
C 4.4125 4.4125 7.9425 12
C 4.4125 6.1775 9.7075 12
C 6.1775 4.4125 9.7075 12
C 6.1775 6.1775 7.9425 12
C 3.53 3.53 10.59 12
C 3.53 5.295 12.355 12
C 5.295 3.53 12.355 12
C 5.295 5.295 10.59 12
C 4.4125 4.4125 11.4725 12
C 4.4125 6.1775 13.2375 12
C 6.1775 4.4125 13.2375 12
C 6.1775 6.1775 11.4725 12
C 3.53 3.53 14.12 12
C 3.53 5.295 15.885 12
C 5.295 3.53 15.885 12
C 5.295 5.295 14.12 12
C 4.4125 4.4125 15.0025 12
C 4.4125 6.1775 16.7675 12
C 6.1775 4.4125 16.7675 12
C 6.1775 6.1775 15.0025 12
C 3.53 7.06 0 12
C 3.53 8.825 1.765 12
C 5.295 7.06 1.765 12
C 5.295 8.825 0 12
C 4.4125 7.9425 0.8825 12
C 4.4125 9.7075 2.6475 12
C 6.1775 7.9425 2.6475 12
C 6.1775 9.7075 0.8825 12
C 3.53 7.06 3.53 12
C 3.53 8.825 5.295 12
C 5.295 7.06 5.295 12
C 5.295 8.825 3.53 12
C 4.4125 7.9425 4.4125 12
C 4.4125 9.7075 6.1775 12
C 6.1775 7.9425 6.1775 12
C 6.1775 9.7075 4.4125 12
C 3.53 7.06 7.06 12
C 3.53 8.825 8.825 12
C 5.295 7.06 8.825 12
C 5.295 8.825 7.06 12
C 4.4125 7.9425 7.9425 12
C 4.4125 9.7075 9.7075 12
C 6.1775 7.9425 9.7075 12
C 6.1775 9.7075 7.9425 12
C 3.53 7.06 10.59 12
C 3.53 8.825 12.355 12
C 5.295 7.06 12.355 12
C 5.295 8.825 10.59 12
C 4.4125 7.9425 11.4725 12
C 4.4125 9.7075 13.2375 12
C 6.1775 7.9425 13.2375 12
C 6.1775 9.7075 11.4725 12
C 3.53 7.06 14.12 12
C 3.53 8.825 15.885 12
C 5.295 7.06 15.885 12
C 5.295 8.825 14.12 12
C 4.4125 7.9425 15.0025 12
C 4.4125 9.7075 16.7675 12
C 6.1775 7.9425 16.7675 12
C 6.1775 9.7075 15.0025 12
C 3.53 10.59 0 12
C 3.53 12.355 1.765 12
C 5.295 10.59 1.765 12
C 5.295 12.355 0 12
C 4.4125 11.4725 0.8825 12
C 4.4125 13.2375 2.6475 12
C 6.1775 11.4725 2.6475 12
C 6.1775 13.2375 0.8825 12
C 3.53 10.59 3.53 12
C 3.53 12.355 5.295 12
C 5.295 10.59 5.295 12
C 5.295 12.355 3.53 12
C 4.4125 11.4725 4.4125 12
C 4.4125 13.2375 6.1775 12
C 6.1775 11.4725 6.1775 12
C 6.1775 13.2375 4.4125 12
C 3.53 10.59 7.06 12
C 3.53 12.355 8.825 12
C 5.295 10.59 8.825 12
C 5.295 12.355 7.06 12
C 4.4125 11.4725 7.9425 12
C 4.4125 13.2375 9.7075 12
C 6.1775 11.4725 9.7075 12
C 6.1775 13.2375 7.9425 12
C 3.53 10.59 10.59 12
C 3.53 12.355 12.355 12
C 5.295 10.59 12.355 12
C 5.295 12.355 10.59 12
C 4.4125 11.4725 11.4725 12
C 4.4125 13.2375 13.2375 12
C 6.1775 11.4725 13.2375 12
C 6.1775 13.2375 11.4725 12
C 3.53 10.59 14.12 12
C 3.53 12.355 15.885 12
C 5.295 10.59 15.885 12
C 5.295 12.355 14.12 12
C 4.4125 11.4725 15.0025 12
C 4.4125 13.2375 16.7675 12
C 6.1775 11.4725 16.7675 12
C 6.1775 13.2375 15.0025 12
C 3.53 14.12 0 12
C 3.53 15.885 1.765 12
C 5.295 14.12 1.765 12
C 5.295 15.885 0 12
C 4.4125 15.0025 0.8825 12
C 4.4125 16.7675 2.6475 12
C 6.1775 15.0025 2.6475 12
C 6.1775 16.7675 0.8825 12
C 3.53 14.12 3.53 12
C 3.53 15.885 5.295 12
C 5.295 14.12 5.295 12
C 5.295 15.885 3.53 12
C 4.4125 15.0025 4.4125 12
C 4.4125 16.7675 6.1775 12
C 6.1775 15.0025 6.1775 12
C 6.1775 16.7675 4.4125 12
C 3.53 14.12 7.06 12
C 3.53 15.885 8.825 12
C 5.295 14.12 8.825 12
C 5.295 15.885 7.06 12
C 4.4125 15.0025 7.9425 12
C 4.4125 16.7675 9.7075 12
C 6.1775 15.0025 9.7075 12
C 6.1775 16.7675 7.9425 12
C 3.53 14.12 10.59 12
C 3.53 15.885 12.355 12
C 5.295 14.12 12.355 12
C 5.295 15.885 10.59 12
C 4.4125 15.0025 11.4725 12
C 4.4125 16.7675 13.2375 12
C 6.1775 15.0025 13.2375 12
C 6.1775 16.7675 11.4725 12
C 3.53 14.12 14.12 12
C 3.53 15.885 15.885 12
C 5.295 14.12 15.885 12
C 5.295 15.885 14.12 12
C 4.4125 15.0025 15.0025 12
C 4.4125 16.7675 16.7675 12
C 6.1775 15.0025 16.7675 12
C 6.1775 16.7675 15.0025 12
C 7.06 0 0 12
C 7.06 1.765 1.765 12
C 8.825 0 1.765 12
C 8.825 1.765 0 12
C 7.9425 0.8825 0.8825 12
C 7.9425 2.6475 2.6475 12
C 9.7075 0.8825 2.6475 12
C 9.7075 2.6475 0.8825 12
C 7.06 0 3.53 12
C 7.06 1.765 5.295 12
C 8.825 0 5.295 12
C 8.825 1.765 3.53 12
C 7.9425 0.8825 4.4125 12
C 7.9425 2.6475 6.1775 12
C 9.7075 0.8825 6.1775 12
C 9.7075 2.6475 4.4125 12
C 7.06 0 7.06 12
C 7.06 1.765 8.825 12
C 8.825 0 8.825 12
C 8.825 1.765 7.06 12
C 7.9425 0.8825 7.9425 12
C 7.9425 2.6475 9.7075 12
C 9.7075 0.8825 9.7075 12
C 9.7075 2.6475 7.9425 12
C 7.06 0 10.59 12
C 7.06 1.765 12.355 12
C 8.825 0 12.355 12
C 8.825 1.765 10.59 12
C 7.9425 0.8825 11.4725 12
C 7.9425 2.6475 13.2375 12
C 9.7075 0.8825 13.2375 12
C 9.7075 2.6475 11.4725 12
C 7.06 0 14.12 12
C 7.06 1.765 15.885 12
C 8.825 0 15.885 12
C 8.825 1.765 14.12 12
C 7.9425 0.8825 15.0025 12
C 7.9425 2.6475 16.7675 12
C 9.7075 0.8825 16.7675 12
C 9.7075 2.6475 15.0025 12
C 7.06 3.53 0 12
C 7.06 5.295 1.765 12
C 8.825 3.53 1.765 12
C 8.825 5.295 0 12
C 7.9425 4.4125 0.8825 12
C 7.9425 6.1775 2.6475 12
C 9.7075 4.4125 2.6475 12
C 9.7075 6.1775 0.8825 12
C 7.06 3.53 3.53 12
C 7.06 5.295 5.295 12
C 8.825 3.53 5.295 12
C 8.825 5.295 3.53 12
C 7.9425 4.4125 4.4125 12
C 7.9425 6.1775 6.1775 12
C 9.7075 4.4125 6.1775 12
C 9.7075 6.1775 4.4125 12
C 7.06 3.53 7.06 12
C 7.06 5.295 8.825 12
C 8.825 3.53 8.825 12
C 8.825 5.295 7.06 12
C 7.9425 4.4125 7.9425 12
C 7.9425 6.1775 9.7075 12
C 9.7075 4.4125 9.7075 12
C 9.7075 6.1775 7.9425 12
C 7.06 3.53 10.59 12
C 7.06 5.295 12.355 12
C 8.825 3.53 12.355 12
C 8.825 5.295 10.59 12
C 7.9425 4.4125 11.4725 12
C 7.9425 6.1775 13.2375 12
C 9.7075 4.4125 13.2375 12
C 9.7075 6.1775 11.4725 12
C 7.06 3.53 14.12 12
C 7.06 5.295 15.885 12
C 8.825 3.53 15.885 12
C 8.825 5.295 14.12 12
C 7.9425 4.4125 15.0025 12
C 7.9425 6.1775 16.7675 12
C 9.7075 4.4125 16.7675 12
C 9.7075 6.1775 15.0025 12
C 7.06 7.06 0 12
C 7.06 8.825 1.765 12
C 8.825 7.06 1.765 12
C 8.825 8.825 0 12
C 7.9425 7.9425 0.8825 12
C 7.9425 9.7075 2.6475 12
C 9.7075 7.9425 2.6475 12
C 9.7075 9.7075 0.8825 12
C 7.06 7.06 3.53 12
C 7.06 8.825 5.295 12
C 8.825 7.06 5.295 12
C 8.825 8.825 3.53 12
C 7.9425 7.9425 4.4125 12
C 7.9425 9.7075 6.1775 12
C 9.7075 7.9425 6.1775 12
C 9.7075 9.7075 4.4125 12
C 7.06 7.06 7.06 12
C 7.06 8.825 8.825 12
C 8.825 7.06 8.825 12
C 8.825 8.825 7.06 12
C 7.9425 7.9425 7.9425 12
C 7.9425 9.7075 9.7075 12
C 9.7075 7.9425 9.7075 12
C 9.7075 9.7075 7.9425 12
C 7.06 7.06 10.59 12
C 7.06 8.825 12.355 12
C 8.825 7.06 12.355 12
C 8.825 8.825 10.59 12
C 7.9425 7.9425 11.4725 12
C 7.9425 9.7075 13.2375 12
C 9.7075 7.9425 13.2375 12
C 9.7075 9.7075 11.4725 12
C 7.06 7.06 14.12 12
C 7.06 8.825 15.885 12
C 8.825 7.06 15.885 12
C 8.825 8.825 14.12 12
C 7.9425 7.9425 15.0025 12
C 7.9425 9.7075 16.7675 12
C 9.7075 7.9425 16.7675 12
C 9.7075 9.7075 15.0025 12
C 7.06 10.59 0 12
C 7.06 12.355 1.765 12
C 8.825 10.59 1.765 12
C 8.825 12.355 0 12
C 7.9425 11.4725 0.8825 12
C 7.9425 13.2375 2.6475 12
C 9.7075 11.4725 2.6475 12
C 9.7075 13.2375 0.8825 12
C 7.06 10.59 3.53 12
C 7.06 12.355 5.295 12
C 8.825 10.59 5.295 12
C 8.825 12.355 3.53 12
C 7.9425 11.4725 4.4125 12
C 7.9425 13.2375 6.1775 12
C 9.7075 11.4725 6.1775 12
C 9.7075 13.2375 4.4125 12
C 7.06 10.59 7.06 12
C 7.06 12.355 8.825 12
C 8.825 10.59 8.825 12
C 8.825 12.355 7.06 12
C 7.9425 11.4725 7.9425 12
C 7.9425 13.2375 9.7075 12
C 9.7075 11.4725 9.7075 12
C 9.7075 13.2375 7.9425 12
C 7.06 10.59 10.59 12
C 7.06 12.355 12.355 12
C 8.825 10.59 12.355 12
C 8.825 12.355 10.59 12
C 7.9425 11.4725 11.4725 12
C 7.9425 13.2375 13.2375 12
C 9.7075 11.4725 13.2375 12
C 9.7075 13.2375 11.4725 12
C 7.06 10.59 14.12 12
C 7.06 12.355 15.885 12
C 8.825 10.59 15.885 12
C 8.825 12.355 14.12 12
C 7.9425 11.4725 15.0025 12
C 7.9425 13.2375 16.7675 12
C 9.7075 11.4725 16.7675 12
C 9.7075 13.2375 15.0025 12
C 7.06 14.12 0 12
C 7.06 15.885 1.765 12
C 8.825 14.12 1.765 12
C 8.825 15.885 0 12
C 7.9425 15.0025 0.8825 12
C 7.9425 16.7675 2.6475 12
C 9.7075 15.0025 2.6475 12
C 9.7075 16.7675 0.8825 12
C 7.06 14.12 3.53 12
C 7.06 15.885 5.295 12
C 8.825 14.12 5.295 12
C 8.825 15.885 3.53 12
C 7.9425 15.0025 4.4125 12
C 7.9425 16.7675 6.1775 12
C 9.7075 15.0025 6.1775 12
C 9.7075 16.7675 4.4125 12
C 7.06 14.12 7.06 12
C 7.06 15.885 8.825 12
C 8.825 14.12 8.825 12
C 8.825 15.885 7.06 12
C 7.9425 15.0025 7.9425 12
C 7.9425 16.7675 9.7075 12
C 9.7075 15.0025 9.7075 12
C 9.7075 16.7675 7.9425 12
C 7.06 14.12 10.59 12
C 7.06 15.885 12.355 12
C 8.825 14.12 12.355 12
C 8.825 15.885 10.59 12
C 7.9425 15.0025 11.4725 12
C 7.9425 16.7675 13.2375 12
C 9.7075 15.0025 13.2375 12
C 9.7075 16.7675 11.4725 12
C 7.06 14.12 14.12 12
C 7.06 15.885 15.885 12
C 8.825 14.12 15.885 12
C 8.825 15.885 14.12 12
C 7.9425 15.0025 15.0025 12
C 7.9425 16.7675 16.7675 12
C 9.7075 15.0025 16.7675 12
C 9.7075 16.7675 15.0025 12
C 10.59 0 0 12
C 10.59 1.765 1.765 12
C 12.355 0 1.765 12
C 12.355 1.765 0 12
C 11.4725 0.8825 0.8825 12
C 11.4725 2.6475 2.6475 12
C 13.2375 0.8825 2.6475 12
C 13.2375 2.6475 0.8825 12
C 10.59 0 3.53 12
C 10.59 1.765 5.295 12
C 12.355 0 5.295 12
C 12.355 1.765 3.53 12
C 11.4725 0.8825 4.4125 12
C 11.4725 2.6475 6.1775 12
C 13.2375 0.8825 6.1775 12
C 13.2375 2.6475 4.4125 12
C 10.59 0 7.06 12
C 10.59 1.765 8.825 12
C 12.355 0 8.825 12
C 12.355 1.765 7.06 12
C 11.4725 0.8825 7.9425 12
C 11.4725 2.6475 9.7075 12
C 13.2375 0.8825 9.7075 12
C 13.2375 2.6475 7.9425 12
C 10.59 0 10.59 12
C 10.59 1.765 12.355 12
C 12.355 0 12.355 12
C 12.355 1.765 10.59 12
C 11.4725 0.8825 11.4725 12
C 11.4725 2.6475 13.2375 12
C 13.2375 0.8825 13.2375 12
C 13.2375 2.6475 11.4725 12
C 10.59 0 14.12 12
C 10.59 1.765 15.885 12
C 12.355 0 15.885 12
C 12.355 1.765 14.12 12
C 11.4725 0.8825 15.0025 12
C 11.4725 2.6475 16.7675 12
C 13.2375 0.8825 16.7675 12
C 13.2375 2.6475 15.0025 12
C 10.59 3.53 0 12
C 10.59 5.295 1.765 12
C 12.355 3.53 1.765 12
C 12.355 5.295 0 12
C 11.4725 4.4125 0.8825 12
C 11.4725 6.1775 2.6475 12
C 13.2375 4.4125 2.6475 12
C 13.2375 6.1775 0.8825 12
C 10.59 3.53 3.53 12
C 10.59 5.295 5.295 12
C 12.355 3.53 5.295 12
C 12.355 5.295 3.53 12
C 11.4725 4.4125 4.4125 12
C 11.4725 6.1775 6.1775 12
C 13.2375 4.4125 6.1775 12
C 13.2375 6.1775 4.4125 12
C 10.59 3.53 7.06 12
C 10.59 5.295 8.825 12
C 12.355 3.53 8.825 12
C 12.355 5.295 7.06 12
C 11.4725 4.4125 7.9425 12
C 11.4725 6.1775 9.7075 12
C 13.2375 4.4125 9.7075 12
C 13.2375 6.1775 7.9425 12
C 10.59 3.53 10.59 12
C 10.59 5.295 12.355 12
C 12.355 3.53 12.355 12
C 12.355 5.295 10.59 12
C 11.4725 4.4125 11.4725 12
C 11.4725 6.1775 13.2375 12
C 13.2375 4.4125 13.2375 12
C 13.2375 6.1775 11.4725 12
C 10.59 3.53 14.12 12
C 10.59 5.295 15.885 12
C 12.355 3.53 15.885 12
C 12.355 5.295 14.12 12
C 11.4725 4.4125 15.0025 12
C 11.4725 6.1775 16.7675 12
C 13.2375 4.4125 16.7675 12
C 13.2375 6.1775 15.0025 12
C 10.59 7.06 0 12
C 10.59 8.825 1.765 12
C 12.355 7.06 1.765 12
C 12.355 8.825 0 12
C 11.4725 7.9425 0.8825 12
C 11.4725 9.7075 2.6475 12
C 13.2375 7.9425 2.6475 12
C 13.2375 9.7075 0.8825 12
C 10.59 7.06 3.53 12
C 10.59 8.825 5.295 12
C 12.355 7.06 5.295 12
C 12.355 8.825 3.53 12
C 11.4725 7.9425 4.4125 12
C 11.4725 9.7075 6.1775 12
C 13.2375 7.9425 6.1775 12
C 13.2375 9.7075 4.4125 12
C 10.59 7.06 7.06 12
C 10.59 8.825 8.825 12
C 12.355 7.06 8.825 12
C 12.355 8.825 7.06 12
C 11.4725 7.9425 7.9425 12
C 11.4725 9.7075 9.7075 12
C 13.2375 7.9425 9.7075 12
C 13.2375 9.7075 7.9425 12
C 10.59 7.06 10.59 12
C 10.59 8.825 12.355 12
C 12.355 7.06 12.355 12
C 12.355 8.825 10.59 12
C 11.4725 7.9425 11.4725 12
C 11.4725 9.7075 13.2375 12
C 13.2375 7.9425 13.2375 12
C 13.2375 9.7075 11.4725 12
C 10.59 7.06 14.12 12
C 10.59 8.825 15.885 12
C 12.355 7.06 15.885 12
C 12.355 8.825 14.12 12
C 11.4725 7.9425 15.0025 12
C 11.4725 9.7075 16.7675 12
C 13.2375 7.9425 16.7675 12
C 13.2375 9.7075 15.0025 12
C 10.59 10.59 0 12
C 10.59 12.355 1.765 12
C 12.355 10.59 1.765 12
C 12.355 12.355 0 12
C 11.4725 11.4725 0.8825 12
C 11.4725 13.2375 2.6475 12
C 13.2375 11.4725 2.6475 12
C 13.2375 13.2375 0.8825 12
C 10.59 10.59 3.53 12
C 10.59 12.355 5.295 12
C 12.355 10.59 5.295 12
C 12.355 12.355 3.53 12
C 11.4725 11.4725 4.4125 12
C 11.4725 13.2375 6.1775 12
C 13.2375 11.4725 6.1775 12
C 13.2375 13.2375 4.4125 12
C 10.59 10.59 7.06 12
C 10.59 12.355 8.825 12
C 12.355 10.59 8.825 12
C 12.355 12.355 7.06 12
C 11.4725 11.4725 7.9425 12
C 11.4725 13.2375 9.7075 12
C 13.2375 11.4725 9.7075 12
C 13.2375 13.2375 7.9425 12
C 10.59 10.59 10.59 12
C 10.59 12.355 12.355 12
C 12.355 10.59 12.355 12
C 12.355 12.355 10.59 12
C 11.4725 11.4725 11.4725 12
C 11.4725 13.2375 13.2375 12
C 13.2375 11.4725 13.2375 12
C 13.2375 13.2375 11.4725 12
C 10.59 10.59 14.12 12
C 10.59 12.355 15.885 12
C 12.355 10.59 15.885 12
C 12.355 12.355 14.12 12
C 11.4725 11.4725 15.0025 12
C 11.4725 13.2375 16.7675 12
C 13.2375 11.4725 16.7675 12
C 13.2375 13.2375 15.0025 12
C 10.59 14.12 0 12
C 10.59 15.885 1.765 12
C 12.355 14.12 1.765 12
C 12.355 15.885 0 12
C 11.4725 15.0025 0.8825 12
C 11.4725 16.7675 2.6475 12
C 13.2375 15.0025 2.6475 12
C 13.2375 16.7675 0.8825 12
C 10.59 14.12 3.53 12
C 10.59 15.885 5.295 12
C 12.355 14.12 5.295 12
C 12.355 15.885 3.53 12
C 11.4725 15.0025 4.4125 12
C 11.4725 16.7675 6.1775 12
C 13.2375 15.0025 6.1775 12
C 13.2375 16.7675 4.4125 12
C 10.59 14.12 7.06 12
C 10.59 15.885 8.825 12
C 12.355 14.12 8.825 12
C 12.355 15.885 7.06 12
C 11.4725 15.0025 7.9425 12
C 11.4725 16.7675 9.7075 12
C 13.2375 15.0025 9.7075 12
C 13.2375 16.7675 7.9425 12
C 10.59 14.12 10.59 12
C 10.59 15.885 12.355 12
C 12.355 14.12 12.355 12
C 12.355 15.885 10.59 12
C 11.4725 15.0025 11.4725 12
C 11.4725 16.7675 13.2375 12
C 13.2375 15.0025 13.2375 12
C 13.2375 16.7675 11.4725 12
C 10.59 14.12 14.12 12
C 10.59 15.885 15.885 12
C 12.355 14.12 15.885 12
C 12.355 15.885 14.12 12
C 11.4725 15.0025 15.0025 12
C 11.4725 16.7675 16.7675 12
C 13.2375 15.0025 16.7675 12
C 13.2375 16.7675 15.0025 12
C 14.12 0 0 12
C 14.12 1.765 1.765 12
C 15.885 0 1.765 12
C 15.885 1.765 0 12
C 15.0025 0.8825 0.8825 12
C 15.0025 2.6475 2.6475 12
C 16.7675 0.8825 2.6475 12
C 16.7675 2.6475 0.8825 12
C 14.12 0 3.53 12
C 14.12 1.765 5.295 12
C 15.885 0 5.295 12
C 15.885 1.765 3.53 12
C 15.0025 0.8825 4.4125 12
C 15.0025 2.6475 6.1775 12
C 16.7675 0.8825 6.1775 12
C 16.7675 2.6475 4.4125 12
C 14.12 0 7.06 12
C 14.12 1.765 8.825 12
C 15.885 0 8.825 12
C 15.885 1.765 7.06 12
C 15.0025 0.8825 7.9425 12
C 15.0025 2.6475 9.7075 12
C 16.7675 0.8825 9.7075 12
C 16.7675 2.6475 7.9425 12
C 14.12 0 10.59 12
C 14.12 1.765 12.355 12
C 15.885 0 12.355 12
C 15.885 1.765 10.59 12
C 15.0025 0.8825 11.4725 12
C 15.0025 2.6475 13.2375 12
C 16.7675 0.8825 13.2375 12
C 16.7675 2.6475 11.4725 12
C 14.12 0 14.12 12
C 14.12 1.765 15.885 12
C 15.885 0 15.885 12
C 15.885 1.765 14.12 12
C 15.0025 0.8825 15.0025 12
C 15.0025 2.6475 16.7675 12
C 16.7675 0.8825 16.7675 12
C 16.7675 2.6475 15.0025 12
C 14.12 3.53 0 12
C 14.12 5.295 1.765 12
C 15.885 3.53 1.765 12
C 15.885 5.295 0 12
C 15.0025 4.4125 0.8825 12
C 15.0025 6.1775 2.6475 12
C 16.7675 4.4125 2.6475 12
C 16.7675 6.1775 0.8825 12
C 14.12 3.53 3.53 12
C 14.12 5.295 5.295 12
C 15.885 3.53 5.295 12
C 15.885 5.295 3.53 12
C 15.0025 4.4125 4.4125 12
C 15.0025 6.1775 6.1775 12
C 16.7675 4.4125 6.1775 12
C 16.7675 6.1775 4.4125 12
C 14.12 3.53 7.06 12
C 14.12 5.295 8.825 12
C 15.885 3.53 8.825 12
C 15.885 5.295 7.06 12
C 15.0025 4.4125 7.9425 12
C 15.0025 6.1775 9.7075 12
C 16.7675 4.4125 9.7075 12
C 16.7675 6.1775 7.9425 12
C 14.12 3.53 10.59 12
C 14.12 5.295 12.355 12
C 15.885 3.53 12.355 12
C 15.885 5.295 10.59 12
C 15.0025 4.4125 11.4725 12
C 15.0025 6.1775 13.2375 12
C 16.7675 4.4125 13.2375 12
C 16.7675 6.1775 11.4725 12
C 14.12 3.53 14.12 12
C 14.12 5.295 15.885 12
C 15.885 3.53 15.885 12
C 15.885 5.295 14.12 12
C 15.0025 4.4125 15.0025 12
C 15.0025 6.1775 16.7675 12
C 16.7675 4.4125 16.7675 12
C 16.7675 6.1775 15.0025 12
C 14.12 7.06 0 12
C 14.12 8.825 1.765 12
C 15.885 7.06 1.765 12
C 15.885 8.825 0 12
C 15.0025 7.9425 0.8825 12
C 15.0025 9.7075 2.6475 12
C 16.7675 7.9425 2.6475 12
C 16.7675 9.7075 0.8825 12
C 14.12 7.06 3.53 12
C 14.12 8.825 5.295 12
C 15.885 7.06 5.295 12
C 15.885 8.825 3.53 12
C 15.0025 7.9425 4.4125 12
C 15.0025 9.7075 6.1775 12
C 16.7675 7.9425 6.1775 12
C 16.7675 9.7075 4.4125 12
C 14.12 7.06 7.06 12
C 14.12 8.825 8.825 12
C 15.885 7.06 8.825 12
C 15.885 8.825 7.06 12
C 15.0025 7.9425 7.9425 12
C 15.0025 9.7075 9.7075 12
C 16.7675 7.9425 9.7075 12
C 16.7675 9.7075 7.9425 12
C 14.12 7.06 10.59 12
C 14.12 8.825 12.355 12
C 15.885 7.06 12.355 12
C 15.885 8.825 10.59 12
C 15.0025 7.9425 11.4725 12
C 15.0025 9.7075 13.2375 12
C 16.7675 7.9425 13.2375 12
C 16.7675 9.7075 11.4725 12
C 14.12 7.06 14.12 12
C 14.12 8.825 15.885 12
C 15.885 7.06 15.885 12
C 15.885 8.825 14.12 12
C 15.0025 7.9425 15.0025 12
C 15.0025 9.7075 16.7675 12
C 16.7675 7.9425 16.7675 12
C 16.7675 9.7075 15.0025 12
C 14.12 10.59 0 12
C 14.12 12.355 1.765 12
C 15.885 10.59 1.765 12
C 15.885 12.355 0 12
C 15.0025 11.4725 0.8825 12
C 15.0025 13.2375 2.6475 12
C 16.7675 11.4725 2.6475 12
C 16.7675 13.2375 0.8825 12
C 14.12 10.59 3.53 12
C 14.12 12.355 5.295 12
C 15.885 10.59 5.295 12
C 15.885 12.355 3.53 12
C 15.0025 11.4725 4.4125 12
C 15.0025 13.2375 6.1775 12
C 16.7675 11.4725 6.1775 12
C 16.7675 13.2375 4.4125 12
C 14.12 10.59 7.06 12
C 14.12 12.355 8.825 12
C 15.885 10.59 8.825 12
C 15.885 12.355 7.06 12
C 15.0025 11.4725 7.9425 12
C 15.0025 13.2375 9.7075 12
C 16.7675 11.4725 9.7075 12
C 16.7675 13.2375 7.9425 12
C 14.12 10.59 10.59 12
C 14.12 12.355 12.355 12
C 15.885 10.59 12.355 12
C 15.885 12.355 10.59 12
C 15.0025 11.4725 11.4725 12
C 15.0025 13.2375 13.2375 12
C 16.7675 11.4725 13.2375 12
C 16.7675 13.2375 11.4725 12
C 14.12 10.59 14.12 12
C 14.12 12.355 15.885 12
C 15.885 10.59 15.885 12
C 15.885 12.355 14.12 12
C 15.0025 11.4725 15.0025 12
C 15.0025 13.2375 16.7675 12
C 16.7675 11.4725 16.7675 12
C 16.7675 13.2375 15.0025 12
C 14.12 14.12 0 12
C 14.12 15.885 1.765 12
C 15.885 14.12 1.765 12
C 15.885 15.885 0 12
C 15.0025 15.0025 0.8825 12
C 15.0025 16.7675 2.6475 12
C 16.7675 15.0025 2.6475 12
C 16.7675 16.7675 0.8825 12
C 14.12 14.12 3.53 12
C 14.12 15.885 5.295 12
C 15.885 14.12 5.295 12
C 15.885 15.885 3.53 12
C 15.0025 15.0025 4.4125 12
C 15.0025 16.7675 6.1775 12
C 16.7675 15.0025 6.1775 12
C 16.7675 16.7675 4.4125 12
C 14.12 14.12 7.06 12
C 14.12 15.885 8.825 12
C 15.885 14.12 8.825 12
C 15.885 15.885 7.06 12
C 15.0025 15.0025 7.9425 12
C 15.0025 16.7675 9.7075 12
C 16.7675 15.0025 9.7075 12
C 16.7675 16.7675 7.9425 12
C 14.12 14.12 10.59 12
C 14.12 15.885 12.355 12
C 15.885 14.12 12.355 12
C 15.885 15.885 10.59 12
C 15.0025 15.0025 11.4725 12
C 15.0025 16.7675 13.2375 12
C 16.7675 15.0025 13.2375 12
C 16.7675 16.7675 11.4725 12
C 14.12 14.12 14.12 12
C 14.12 15.885 15.885 12
C 15.885 14.12 15.885 12
C 15.885 15.885 14.12 12
C 15.0025 15.0025 15.0025 12
C 15.0025 16.7675 16.7675 12
C 16.7675 15.0025 16.7675 12
C 16.7675 16.7675 15.0025 12
